1.0 0.264367
1.0960384153661464 0.26420472213733737
1.1920768307322929 0.26404329179790453
1.2881152460984393 0.26388260992310486
1.3841536614645857 0.2637225985192322
1.4801920768307322 0.26356326437303523
1.5762304921968788 0.26340472399862624
1.6722689075630253 0.2632472398705938
1.7683073229291717 0.2630911947970135
1.8643457382953181 0.2629369128668855
1.9603841536614646 0.2627845885291997
2.0564225690276112 0.2626342286762622
2.1524609843937577 0.26248556400707623
2.248499399759904 0.26233811567656296
2.3445378151260505 0.2621916921347279
2.440576230492197 0.2620465886639214
2.5366146458583434 0.26190324322731173
2.63265306122449 0.2617616823826269
2.7286914765906363 0.26162154807616156
2.8247298919567827 0.2614826430073959
2.920768307322929 0.26134516510446315
3.0168067226890756 0.26120948662152
3.112845138055222 0.2610757790771421
3.2088835534213684 0.26094398915431705
3.3049219687875153 0.26081392855004876
3.4009603841536618 0.26068531647653714
3.496998799519808 0.2605578716604575
3.5930372148859546 0.26043147570175945
3.689075630252101 0.2603061961479895
3.7851140456182475 0.2601823394436807
3.881152460984394 0.26006047377697994
3.9771908763505404 0.2599411668505078
4.073229291716687 0.25982449415066355
4.169267707082833 0.2597100471027395
4.26530612244898 0.25959746190238026
4.3613445378151265 0.2594866884553427
4.4573829531812725 0.2593779002369099
4.5534213685474185 0.2592713124473198
4.649459783913565 0.2591671332005831
4.745498199279712 0.25906531281802536
4.841536614645858 0.2589654113258295
4.937575030012005 0.25886687017473287
5.033613445378151 0.2587695795343308
5.129651860744298 0.258673914907189
5.225690276110444 0.2585804104236302
5.321728691476591 0.2584895739892441
5.417767106842737 0.2584018737495366
5.513805522208884 0.25831771287527605
5.609843937575031 0.25823739241708943
5.705882352941177 0.2581607564824637
5.8019207683073235 0.2580869832826844
5.8979591836734695 0.258015035313116
5.993997599039616 0.2579447060190425
6.090036014405762 0.25787667442036366
6.186074429771909 0.2578114798694882
6.282112845138055 0.257748881504423
6.378151260504202 0.25768820123606806
6.474189675870348 0.25762918318709016
6.570228091236495 0.2575720851538091
6.666266506602641 0.2575172405122267
6.762304921968788 0.25746476978240884
6.858343337334934 0.2574145914618079
6.954381752701081 0.2573664625142569
7.050420168067227 0.2573200075602827
7.146458583433374 0.25727500914579227
7.2424969987995205 0.25723160840735393
7.3385354141656665 0.2571901520122527
7.434573829531813 0.25715076566609996
7.530612244897959 0.25711330343621513
7.626650660264106 0.2570776358100909
7.722689075630252 0.2570438592506007
7.818727490996399 0.2570122212294856
7.914765906362545 0.25698289178298067
8.010804321728692 0.2569559214241103
8.106842737094837 0.25693121905473637
8.202881152460986 0.25690853506819045
8.29891956782713 0.25688754259304025
8.394957983193278 0.2568680853371122
8.490996398559425 0.2568502229644647
8.58703481392557 0.25683420967758
8.683073229291717 0.2568204769236039
8.779111644657863 0.2568094664967005
8.87515006002401 0.25680109666908046
8.971188475390157 0.25679469555085543
9.067226890756302 0.2567896915690512
9.16326530612245 0.2567861968100907
9.259303721488596 0.2567848323197435
9.355342136854743 0.2567860739171721
9.451380552220888 0.2567901137700947
9.547418967587035 0.25679686194714746
9.643457382953182 0.25680594777275234
9.739495798319329 0.2568168968674499
9.835534213685474 0.25682976642707767
9.93157262905162 0.2568452488247818
10.027611044417768 0.2568638828353046
10.123649459783914 0.2568853179720971
10.219687875150061 0.25690867333955847
10.315726290516206 0.2569340071363825
10.411764705882353 0.25696259746114847
10.5078031212485 0.25699543563152394
10.603841536614647 0.25703174980414834
10.699879951980792 0.2570695302846975
10.795918367346939 0.2571078899803122
10.891956782713086 0.2571476003707057
10.987995198079233 0.2571897059521592
11.084033613445378 0.2572340978976937
11.180072028811525 0.2572797655601078
11.276110444177672 0.2573261444511834
11.372148859543818 0.2573734564835109
11.468187274909964 0.2574222255841063
11.56422569027611 0.25747275387147295
11.660264105642257 0.25752517156045424
11.756302521008404 0.25757977924404873
11.852340936374551 0.25763712791249727
11.948379351740696 0.25769754139796586
12.044417767106843 0.2577605737677743
12.14045618247299 0.25782520649359864
12.236494597839137 0.25789092907848643
12.332533013205282 0.25795804095643105
12.428571428571429 0.25802700797689027
12.524609843937576 0.2580976941013854
12.620648259303723 0.2581694672111486
12.716686674669868 0.2582419612739659
12.812725090036015 0.25831530779068274
12.908763505402161 0.25838982893753937
13.004801920768308 0.2584656525262573
13.100840336134453 0.25854273763958646
13.1968787515006 0.2586211422448935
13.292917166866747 0.25870110491697385
13.388955582232894 0.2587827506243373
13.484993997599041 0.25886570289077615
13.581032412965186 0.2589492160728244
13.677070828331333 0.2590330750647184
13.77310924369748 0.25911789860135725
13.869147659063627 0.25920454482404476
13.965186074429772 0.2592932872380379
14.061224489795919 0.2593838425394937
14.157262905162066 0.25947590251724656
14.253301320528212 0.2595693322458119
14.349339735894358 0.2596642052428812
14.445378151260504 0.2597608540676441
14.541416566626651 0.2598597704318355
14.637454981992798 0.2599609437472769
14.733493397358943 0.2600636108529577
14.82953181272509 0.2601667938598441
14.925570228091237 0.26027012488810225
15.021608643457384 0.26037379906789515
15.11764705882353 0.26047778390124354
15.213685474189676 0.26058150191950785
15.309723889555823 0.26068448606309375
15.40576230492197 0.2607874369459099
15.501800720288117 0.2608920796822958
15.597839135654262 0.26099944658698954
15.693877551020408 0.26110913705753186
15.789915966386555 0.2612200482254987
15.885954381752702 0.2613316188441869
15.981992797118847 0.26144387043428285
16.078031212484994 0.2615568009455762
16.17406962785114 0.26167010972336446
16.270108043217288 0.2617835475665161
16.366146458583433 0.26189754350232375
16.46218487394958 0.26201315089396554
16.558223289315727 0.2621310830971501
16.654261704681872 0.2622512488521263
16.75030012004802 0.2623730737802246
16.846338535414166 0.2624961100664268
16.942376950780314 0.26262010575077877
17.03841536614646 0.2627450225775571
17.134453781512605 0.2628710451196382
17.230492196878753 0.26299855050497684
17.3265306122449 0.2631280479601608
17.422569027611043 0.26326012760659506
17.518607442977192 0.26339505543836683
17.614645858343337 0.2635325566607488
17.710684273709486 0.2636720208144011
17.80672268907563 0.2638129337789532
17.902761104441776 0.263954927870623
17.998799519807925 0.2640977437551656
18.09483793517407 0.26424120916299065
18.19087635054022 0.26438526628873615
18.286914765906364 0.2645300321258589
18.38295318127251 0.26467578787553747
18.478991596638657 0.2648227830042873
18.575030012004802 0.2649711184782396
18.671068427370948 0.2651207329916899
18.767106842737096 0.2652713749394675
18.86314525810324 0.26542262329124466
18.95918367346939 0.2655741678070136
19.055222088835535 0.2657259844905574
19.15126050420168 0.2658782436961852
19.24729891956783 0.2660310786792537
19.343337334933974 0.2661845344345991
19.439375750300123 0.26633837099020996
19.535414165666268 0.26649193432397955
19.631452581032413 0.2666444983235856
19.72749099639856 0.2667961517681835
19.823529411764707 0.2669478743812999
19.91956782713085 0.26710069375665013
20.015606242497 0.26725510137105135
20.111644657863145 0.2674110925651742
20.207683073229294 0.2675683092718212
20.30372148859544 0.2677260936139744
20.399759903961584 0.26788390712575155
20.495798319327733 0.2680416368935964
20.591836734693878 0.2681995212637883
20.687875150060023 0.2683579124372709
20.78391356542617 0.2685172169291591
20.879951980792317 0.2686776191790352
20.975990396158466 0.2688388701132033
21.07202881152461 0.2690005438593741
21.168067226890756 0.2691628337629596
21.264105642256904 0.26932664618595764
21.36014405762305 0.2694926840533982
21.456182472989198 0.2696607097575147
21.552220888355343 0.26982983191712273
21.64825930372149 0.26999949452869887
21.744297719087637 0.27016965002315585
21.840336134453782 0.2703403218925363
21.936374549819927 0.2705112349924894
22.032412965186076 0.27068199642033924
22.12845138055222 0.27085274928936576
22.22448979591837 0.27102427209683455
22.320528211284515 0.2711972305964146
22.41656662665066 0.2713715133657152
22.51260504201681 0.2715464651017762
22.608643457382954 0.27172180937567425
22.704681872749102 0.2718978275108262
22.800720288115247 0.2720747773930503
22.896758703481392 0.2722523513095041
22.99279711884754 0.27242987446416256
23.088835534213686 0.2726071391313458
23.18487394957983 0.27278458634453145
23.28091236494598 0.27296293206534994
23.376950780312125 0.27314280098634325
23.472989195678274 0.2733246040703416
23.56902761104442 0.27350810920212354
23.665066026410564 0.27369236457529394
23.761104441776713 0.27387647545574545
23.857142857142858 0.274060403549515
23.953181272509003 0.27424474345006544
24.04921968787515 0.2744296134542739
24.145258103241297 0.27461438793099024
24.241296518607445 0.2747984295728214
24.33733493397359 0.2749818808007932
24.433373349339735 0.2751655598279884
24.529411764705884 0.2753503120513655
24.62545018007203 0.2755368145530407
24.721488595438178 0.27572518853032907
24.817527010804323 0.27591455936109954
24.913565426170468 0.2761033694703734
25.009603841536617 0.27629098595298995
25.10564225690276 0.27647814956462424
25.201680672268907 0.27666600105579975
25.297719087635056 0.2768549196772577
25.3937575030012 0.2770445681659262
25.48979591836735 0.27723446649974864
25.585834333733494 0.27742417901656957
25.68187274909964 0.27761356588620323
25.777911164465788 0.2778030980125885
25.873949579831933 0.2779937067188051
25.969987995198082 0.2781858717615961
26.066026410564227 0.27837932692008804
26.162064825930372 0.27857342768631294
26.25810324129652 0.27876763598642096
26.354141656662666 0.27896159644264495
26.45018007202881 0.27915537908005045
26.54621848739496 0.2793495550756375
26.642256902761105 0.27954475067530593
26.738295318127253 0.27974102989082805
26.8343337334934 0.27993791812989727
26.930372148859544 0.2801348191083981
27.026410564225692 0.280331175054672
27.122448979591837 0.2805267651602438
27.218487394957986 0.280722139053859
27.31452581032413 0.28091847956150284
27.410564225690276 0.28111650831373025
27.506602641056425 0.28131606467524595
27.60264105642257 0.281516548524242
27.698679471788715 0.28171759916294103
27.794717887154864 0.2819190774545207
27.89075630252101 0.2821205588245437
27.986794717887157 0.2823211330048055
28.082833133253303 0.28252002318733815
28.178871548619448 0.28271758248742257
28.274909963985596 0.2829151983770139
28.37094837935174 0.28311395477858864
28.466986794717887 0.2833140534948493
28.563025210084035 0.2835151481769753
28.65906362545018 0.28371691400620336
28.75510204081633 0.28391909512569746
28.851140456182474 0.28412144769448533
28.94717887154862 0.28432371592986205
29.043217286914768 0.2845258231044959
29.139255702280913 0.2847282114325847
29.23529411764706 0.2849317521841078
29.331332533013207 0.2851367314554864
29.42737094837935 0.28534236499453747
29.5234093637455 0.28554745820815897
29.619447779111646 0.2857516496134259
29.71548619447779 0.2859554764704294
29.81152460984394 0.2861597533594398
29.907563025210084 0.2863652544992932
30.003601440576233 0.28657255403804355
30.099639855942378 0.28678171643151795
30.195678271308523 0.2869923099629835
30.291716686674672 0.2872038688709987
30.387755102040817 0.2874161405847734
30.483793517406966 0.2876289860407415
30.57983193277311 0.2878421675459275
30.675870348139256 0.28805536416500166
30.771908763505404 0.28826857964133107
30.86794717887155 0.28848237119032644
30.963985594237695 0.2886974782766162
31.060024009603843 0.2889140034943233
31.15606242496999 0.289131375705575
31.252100840336137 0.2893491063078836
31.348139255702282 0.28956723813236435
31.444177671068427 0.28978616959936077
31.540216086434576 0.2900062341117069
31.63625450180072 0.2902276323641477
31.732292917166866 0.29045033760873284
31.828331332533015 0.2906740366937306
31.92436974789916 0.2908983213939703
32.02040816326531 0.2911231570923509
32.116446578631454 0.29134891487446096
32.2124849939976 0.2915759122927525
32.308523409363744 0.2918041114431722
32.404561824729896 0.29203318861128125
32.50060024009604 0.29226272789629104
32.596638655462186 0.29249228711721387
32.69267707082833 0.2927218490750942
32.78871548619448 0.29295213315718394
32.88475390156063 0.29318413221859496
32.98079231692677 0.2934178382952623
33.07683073229292 0.2936521237545441
33.172869147659064 0.2938860710578835
33.26890756302521 0.2941199390820154
33.36494597839136 0.2943547309012912
33.460984393757506 0.29459088987993864
33.55702280912365 0.2948281023058472
33.6530612244898 0.29506582382591195
33.74909963985594 0.29530368149548475
33.84513805522209 0.29554146899122746
33.94117647058824 0.2957791004828765
34.037214885954384 0.296016608723751
34.13325330132053 0.2962542507139263
34.229291716686674 0.2964925927309515
34.32533013205282 0.29673227887625053
34.42136854741897 0.29697328188840866
34.51740696278512 0.29721479734754397
34.61344537815126 0.2974560195166064
34.70948379351741 0.2976967957915892
34.80552220888355 0.29793749836095323
34.901560624249704 0.2981785175578634
34.99759903961585 0.29842014896381336
35.093637454981994 0.2986624844430301
35.18967587034814 0.2989053155753807
35.285714285714285 0.29914827950091494
35.38175270108044 0.299391393670711
35.47779111644658 0.29963514921141166
35.57382953181273 0.29987996851673937
35.66986794717887 0.3001257005982271
35.76590636254502 0.3003717726730072
35.86194477791116 0.3006178389299972
35.957983193277315 0.3008639192097302
36.05402160864346 0.3011100662634274
36.150060024009605 0.3013560406856835
36.24609843937575 0.3016014310333393
36.342136854741895 0.3018461897506961
36.43817527010805 0.30209075066026786
36.53421368547419 0.3023356157282109
36.63025210084034 0.3025809310208452
36.72629051620648 0.3028265673022422
36.82232893157263 0.3030725447751208
36.91836734693878 0.3033191366501715
37.014405762304925 0.3035666302660602
37.11044417767107 0.30381506972699734
37.206482593037215 0.3040642846227447
37.30252100840336 0.3043140768320607
37.39855942376951 0.3045642697927539
37.49459783913566 0.30481462655420666
37.5906362545018 0.3050647572139925
37.68667466986795 0.30531424984920597
37.78271308523409 0.30556331511451396
37.878751500600245 0.3058129518197855
37.97478991596639 0.306064099189775
38.070828331332535 0.30631662833215767
38.16686674669868 0.306569558669344
38.262905162064826 0.30682244778329
38.35894357743097 0.30707580824800124
38.45498199279712 0.3073304098897438
38.55102040816327 0.3075864073406941
38.64705882352941 0.30784338532739025
38.74309723889556 0.30810089663765694
38.8391356542617 0.30835864053776907
38.935174069627855 0.3086164758126263
39.031212484994 0.30887443771436573
39.127250900360146 0.30913269994443815
39.22328931572629 0.3093913521437201
39.319327731092436 0.30965032627915645
39.41536614645859 0.3099095917928207
39.51140456182473 0.3101694249532492
39.60744297719088 0.31043032883415456
39.70348139255702 0.3106924362152824
39.79951980792317 0.31095529655108656
39.89555822328932 0.311218288170529
39.991596638655466 0.31148121694452235
40.08763505402161 0.311744282480367
40.183673469387756 0.3120075625497195
40.2797118847539 0.3122708144538529
40.375750300120046 0.3125336381056052
40.4717887154862 0.3127957258587647
40.56782713085234 0.31305690585299295
40.66386554621849 0.31331729013069637
40.759903961584634 0.3135773313732939
40.85594237695078 0.313837513705625
40.95198079231693 0.31409785630879405
41.048019207683076 0.3143579549320979
41.14405762304922 0.3146176017710385
41.240096038415366 0.3148770508446319
41.33613445378151 0.3151367079933569
41.432172869147664 0.3153966058569091
41.52821128451381 0.31565640877517076
41.624249699879954 0.3159158362794953
41.7202881152461 0.31617485661725764
41.816326530612244 0.3164336552668989
41.912364945978396 0.3166925770248402
42.00840336134454 0.31695206499552486
42.104441776710686 0.31721221498873076
42.20048019207683 0.3174725634807999
42.29651860744298 0.31773245502776315
42.39255702280912 0.3179917318915422
42.488595438175274 0.3182507674736426
42.58463385354142 0.3185100985907881
42.680672268907564 0.31877023776194224
42.77671068427371 0.3190315351076478
42.872749099639854 0.3192939097649192
42.96878751500601 0.31955686668969274
43.06482593037215 0.3198199430785814
43.1608643457383 0.32008294696788175
43.25690276110444 0.3203458878934273
43.35294117647059 0.3206088277679373
43.44897959183674 0.3208718494907829
43.545018007202884 0.3211349319104101
43.64105642256903 0.32139788018037285
43.737094837935174 0.32166048197751346
43.83313325330132 0.3219228502582685
43.92917166866747 0.3221854319946291
44.02521008403362 0.32244862392480916
44.12124849939976 0.3227125450694325
44.21728691476591 0.3229771258925699
44.31332533013205 0.3232423211451227
44.409363745498204 0.323508116531831
44.50540216086435 0.32377427091747263
44.601440576230495 0.32404015625166455
44.69747899159664 0.3243050672213218
44.793517406962785 0.3245689793546849
44.88955582232893 0.32483260731786534
44.98559423769508 0.3250967433495927
45.08163265306123 0.32536182351997384
45.17767106842737 0.32562792362654996
45.27370948379352 0.3258947692229073
45.36974789915966 0.3261617623262685
45.465786314525815 0.32642830996637884
45.56182472989196 0.3266940507551406
45.657863145258105 0.3269588152225573
45.75390156062425 0.3272225053218638
45.849939975990395 0.3274850854971395
45.94597839135655 0.3277467359606596
46.04201680672269 0.3280079638281602
46.13805522208884 0.3282693958256532
46.23409363745498 0.32853117854780345
46.33013205282113 0.3287929197831962
46.42617046818728 0.32905440113307716
46.522208883553425 0.3293161205166798
46.61824729891957 0.3295789403711751
46.714285714285715 0.3298429840416566
46.81032412965186 0.3301074818959501
46.906362545018006 0.3303716339252918
47.00240096038416 0.33063529968234623
47.0984393757503 0.33089880914201003
47.19447779111645 0.33116229636218975
47.29051620648259 0.3314255852647394
47.38655462184874 0.3316885070900937
47.48259303721489 0.3319511672491053
47.578631452581035 0.33221383373085467
47.67466986794718 0.33247653208267336
47.770708283313326 0.33273897644367445
47.86674669867947 0.3330008789356316
47.96278511404562 0.33326222283080303
48.05882352941177 0.3335232344829575
48.15486194477791 0.3337842487338773
48.25090036014406 0.3340456705975658
48.3469387755102 0.33430780234753577
48.442977190876356 0.33457068301329085
48.5390156062425 0.33483416205427446
48.635054021608646 0.3350982014918642
48.73109243697479 0.3353629317874032
48.827130852340936 0.3356283113023963
48.92316926770709 0.33589379448371437
49.01920768307323 0.33615857019156403
49.11524609843938 0.3364225692788265
49.21128451380552 0.3366866774967807
49.30732292917167 0.33695178944851734
49.403361344537814 0.3372178406226607
49.499399759903966 0.33748400592348926
49.59543817527011 0.3377497275999032
49.691476590636256 0.33801497340501335
49.7875150060024 0.3382798823862593
49.883553421368546 0.33854438418491895
49.9795918367347 0.33880826966885125
50.075630252100844 0.33907159106405305
50.17166866746699 0.3393347620501336
50.267707082833134 0.33959821237105603
50.36374549819928 0.3398619979619536
50.45978391356543 0.3401258740405272
50.555822328931576 0.3403897415121183
50.65186074429772 0.34065377073526304
50.747899159663866 0.3409181371825889
50.84393757503001 0.3411827079097999
50.939975990396164 0.3414470992176948
51.03601440576231 0.34171105825947146
51.132052821128454 0.34197457898712613
51.2280912364946 0.34223778117150094
51.324129651860744 0.3425007595762126
51.42016806722689 0.3427635758954145
51.51620648259304 0.34302626601732666
51.61224489795919 0.34328884265937687
51.70828331332533 0.3435513112511349
51.80432172869148 0.34381369091860353
51.90036014405762 0.3440760213828855
51.996398559423774 0.3443383930462791
52.09243697478992 0.34460095523925127
52.188475390156064 0.3448638147557188
52.28451380552221 0.34512689631138005
52.380552220888354 0.345389981273735
52.47659063625451 0.3456529996333927
52.57262905162065 0.3459161339274407
52.6686674669868 0.34617962959773374
52.76470588235294 0.3464435204981209
52.86074429771909 0.3467076202661193
52.95678271308524 0.3469716052973648
53.052821128451384 0.3472350511494583
53.14885954381753 0.34749767310731383
53.244897959183675 0.3477596913970074
53.34093637454982 0.3480217596571622
53.43697478991597 0.34828427835492415
53.53301320528212 0.3485471173267563
53.62905162064826 0.3488099036066067
53.72509003601441 0.3490724829883286
53.82112845138055 0.3493349456960241
53.9171668667467 0.3495975133111461
54.01320528211285 0.34986048828307237
54.109243697478995 0.3501241211945928
54.20528211284514 0.35038838800340594
54.301320528211285 0.35065302086578026
54.39735894357743 0.35091790375358345
54.49339735894358 0.3511832499786818
54.58943577430973 0.3514493367859036
54.68547418967587 0.3517160343718082
54.78151260504202 0.35198282929215374
54.87755102040816 0.3522494012498125
54.973589435774315 0.35251589769233405
55.06962785114046 0.3527826486004506
55.165666266506605 0.3530496321052829
55.26170468187275 0.35331646669056516
55.357743097238895 0.35358284523573746
55.45378151260505 0.35384875446804215
55.54981992797119 0.3541144212641739
55.64585834333734 0.35438020350814103
55.74189675870348 0.3546465297046185
55.83793517406963 0.3549134648746143
55.93397358943577 0.35518048154138393
56.030012004801925 0.35544688352473663
56.12605042016807 0.3557126857570606
56.222088835534215 0.3559786173108631
56.31812725090036 0.3562450889292751
56.414165666266506 0.3565116161313354
56.51020408163266 0.3567773620204416
56.6062424969988 0.357042332920655
56.70228091236495 0.35730742324434417
56.79831932773109 0.35757324471538277
56.89435774309724 0.35783943672325547
56.99039615846339 0.3581051417216198
57.086434573829536 0.35837011714204897
57.18247298919568 0.3586348248453971
57.278511404561826 0.35889969604126515
57.37454981992797 0.359164675112302
57.47058823529412 0.35942939710293587
57.56662665066027 0.35969363452850117
57.66266506602641 0.35995736687860436
57.75870348139256 0.3602208161250169
57.8547418967587 0.3604844694313578
57.950780312124856 0.3607488319975588
58.046818727491 0.36101379543987555
58.142857142857146 0.3612785978701861
58.23889555822329 0.3615425861113725
58.334933973589436 0.361805738989879
58.43097238895558 0.3620684607068635
58.52701080432173 0.36233099535034613
58.62304921968788 0.36259333480569245
58.719087635054024 0.36285529616262735
58.81512605042017 0.3631165776684068
58.911164465786314 0.3633768981362544
59.007202881152466 0.3636363898303567
59.10324129651861 0.3638956398786036
59.199279711884756 0.3641552736608512
59.2953181272509 0.36441563881483574
59.391356542617046 0.36467684578278775
59.4873949579832 0.3649389138969933
59.583433373349344 0.3652017959668833
59.67947178871549 0.3654653380126881
59.775510204081634 0.3657292471539829
59.87154861944778 0.36599315236302815
59.96758703481393 0.36625680058224735
60.063625450180076 0.36652009758337867
60.15966386554622 0.3667831390650581
60.25570228091237 0.3670462367442431
60.35174069627851 0.36730981671373597
60.44777911164466 0.36757407490663685
60.54381752701081 0.3678389139518053
60.639855942376954 0.36810411695199463
60.7358943577431 0.3683695004069358
60.831932773109244 0.3686349111101398
60.92797118847539 0.3689001963846048
61.02400960384154 0.3691652030191246
61.12004801920769 0.3694298892667355
61.21608643457383 0.36969442848161105
61.31212484993998 0.36995910447867475
61.40816326530612 0.37022390297769947
61.504201680672274 0.37048843340684445
61.60024009603842 0.3707523244302026
61.696278511404564 0.37101560795253075
61.79231692677071 0.37127866425333045
61.888355342136855 0.37154193937138313
61.98439375750301 0.37180586413748024
62.08043217286915 0.3720705963817278
62.1764705882353 0.372335758060824
62.27250900360144 0.37260060334948614
62.36854741896759 0.3728647774546349
62.46458583433373 0.37312850361099636
62.560624249699885 0.3733922438891064
62.65666266506603 0.37365633583625957
62.752701080432175 0.37392096395901564
62.84873949579832 0.3741861129717468
62.944777911164465 0.3744515628965251
63.04081632653062 0.374717127216544
63.13685474189676 0.3749829207239527
63.23289315726291 0.3752492586226692
63.32893157262905 0.37551611315968164
63.4249699879952 0.3757829681513374
63.52100840336135 0.37604928603457244
63.617046818727495 0.3763150597946928
63.71308523409364 0.37658070988476045
63.809123649459785 0.3768464091006247
63.90516206482593 0.3771118824375956
64.00120048019208 0.37737676292537814
64.09723889555823 0.37764103352764117
64.19327731092437 0.37790497512412047
64.28931572629051 0.3781687444573379
64.38535414165666 0.3784322409060846
64.48139255702282 0.3786953305450733
64.57743097238895 0.37895813858290195
64.6734693877551 0.37922100759939315
64.76950780312126 0.37948415266870117
64.8655462184874 0.37974754535345795
64.96158463385353 0.3800110860666245
65.05762304921969 0.3802748405002495
65.15366146458584 0.3805390026183316
65.24969987995199 0.3808035735083153
65.34573829531813 0.3810682487030781
65.44177671068428 0.3813326813580499
65.53781512605042 0.3815968616290273
65.63385354141657 0.3818610721613412
65.72989195678272 0.3821254215427752
65.82593037214886 0.3823896676993804
65.92196878751501 0.3826534570505875
66.01800720288115 0.3829166873612754
66.1140456182473 0.3831794799372896
66.21008403361344 0.3834417917632935
66.3061224489796 0.3837032624304685
66.40216086434575 0.38396357139786236
66.49819927971188 0.3842230075590747
66.59423769507804 0.3844824064305297
66.69027611044417 0.3847423428808504
66.78631452581033 0.3850027862590959
66.88235294117648 0.3852633486278927
66.97839135654262 0.38552370325914176
67.07442977190877 0.3857836398212096
67.1704681872749 0.38604317832116564
67.26650660264106 0.38630261888017137
67.36254501800721 0.3865623512477361
67.45858343337335 0.38682251854647254
67.5546218487395 0.3870830012829472
67.65066026410564 0.3873435652430343
67.74669867947179 0.38760393373321844
67.84273709483794 0.38786394106087796
67.93877551020408 0.38812381622011055
68.03481392557023 0.3883841398609137
68.13085234093637 0.3886452142575897
68.22689075630252 0.3889067474446175
68.32292917166868 0.38916812568352427
68.41896758703481 0.38942895085033
68.51500600240097 0.3896891104523752
68.6110444177671 0.3899488462039703
68.70708283313326 0.39020878810316084
68.80312124849941 0.3904695631098495
68.89915966386555 0.3907309895130663
68.9951980792317 0.3909920886918541
69.09123649459784 0.39125216227767334
69.18727490996399 0.3915113930751605
69.28331332533014 0.3917705298671247
69.37935174069628 0.3920301888497896
69.47539015606243 0.39229074186924745
69.57142857142857 0.39255210919173866
69.66746698679472 0.3928136388585657
69.76350540216087 0.3930744801370465
69.85954381752701 0.39333444075959145
69.95558223289316 0.3935940264868951
70.0516206482593 0.3938535583769107
70.14765906362545 0.3941126274032544
70.2436974789916 0.3943704713038665
70.33973589435774 0.3946269030134051
70.4357743097239 0.3948824032303676
70.53181272509003 0.3951375899305667
70.62785114045619 0.3953928729553725
70.72388955582232 0.3956484176144943
70.81992797118848 0.395904067797461
70.91596638655463 0.3961593716357295
71.01200480192077 0.3964140601653896
71.10804321728692 0.3966683744824381
71.20408163265306 0.3969227825884182
71.30012004801921 0.39717720218846564
71.39615846338536 0.39743092849464584
71.4921968787515 0.3976834100133987
71.58823529411765 0.39793480647320434
71.68427370948379 0.39818572429507515
71.78031212484994 0.3984364311296432
71.8763505402161 0.3986867480925186
71.97238895558223 0.398936497211729
72.06842737094838 0.39918583967399235
72.16446578631452 0.39943514687660464
72.26050420168067 0.3996845888740156
72.35654261704683 0.3999340678537675
72.45258103241297 0.40018338082586624
72.54861944777912 0.4004323488593671
72.64465786314526 0.40068081922731924
72.74069627851141 0.40092866083773737
72.83673469387756 0.40117576288226653
72.9327731092437 0.4014220268826643
73.02881152460985 0.40166736008775583
73.12484993997599 0.4019117325186554
73.22088835534214 0.4021553681217268
73.31692677070829 0.4023987642794977
73.41296518607443 0.40264231402247264
73.50900360144058 0.40288597483208977
73.60504201680672 0.40312941782812795
73.70108043217287 0.4033725959526864
73.79711884753902 0.40361584963842345
73.89315726290516 0.4038595058637168
73.98919567827132 0.4041035088998706
74.08523409363745 0.4043474836444584
74.1812725090036 0.4045910252436903
74.27731092436976 0.4048337732713515
74.3733493397359 0.4050755514600848
74.46938775510205 0.4053165028525477
74.56542617046819 0.40555699551197943
74.66146458583434 0.4057972265390138
74.75750300120049 0.40603712929850033
74.85354141656663 0.4062765006893012
74.94957983193278 0.4065151304986477
75.04561824729892 0.40675283227747583
75.14165666266507 0.40698954817014366
75.23769507803121 0.40722536972839807
75.33373349339736 0.40746036491501003
75.42977190876351 0.4076943935885032
75.52581032412965 0.4079272248159639
75.6218487394958 0.4081590967505657
75.71788715486194 0.40839084536533843
75.8139255702281 0.4086231451210813
75.90996398559425 0.40885565800572143
76.00600240096038 0.4090872765841305
76.10204081632654 0.40931747815957237
76.19807923169267 0.4095467031727176
76.29411764705883 0.40977576559910106
76.39015606242498 0.4100051587102492
76.48619447779112 0.41023501366751985
76.58223289315727 0.4104650928418052
76.6782713085234 0.41069480020282023
76.77430972388956 0.41092362590753817
76.87034813925571 0.41115169613408736
76.96638655462185 0.4113796483864672
77.062424969988 0.4116077960433834
77.15846338535414 0.41183586367269687
77.25450180072029 0.41206336902649204
77.35054021608644 0.4122901192599667
77.44657863145258 0.41251622390370873
77.54261704681873 0.4127419831366359
77.63865546218487 0.41296784014291915
77.73469387755102 0.4131940062163138
77.83073229291718 0.41341994970603346
77.92677070828331 0.4136445820721772
78.02280912364947 0.41386757546468667
78.1188475390156 0.41408982417496165
78.21488595438176 0.4143124396897713
78.31092436974791 0.41453530739931366
78.40696278511405 0.4147572296628068
78.5030012004802 0.41497752242399344
78.59903961584634 0.4151966206079156
78.69507803121249 0.41541547663923617
78.79111644657864 0.41563465078747375
78.88715486194478 0.4158542676368335
78.98319327731093 0.41607422899296015
79.07923169267707 0.41629430187953675
79.17527010804322 0.41651421431033797
79.27130852340936 0.41673380688019157
79.36734693877551 0.4169530368864831
79.46338535414166 0.417171912027288
79.5594237695078 0.41739046202688523
79.65546218487395 0.4176087430670177
79.75150060024009 0.4178268453430808
79.84753901560624 0.4180448760914782
79.9435774309724 0.4182628272670255
80.03961584633853 0.4184805168779273
80.13565426170469 0.4186977008757726
80.23169267707082 0.418914270161373
80.32773109243698 0.41913025784806124
80.42376950780313 0.41934573767372524
80.51980792316927 0.4195607756481786
80.61584633853542 0.41977543916432103
80.71188475390156 0.419989814399372
80.80792316926771 0.42020399643926115
80.90396158463386 0.42041798976805433
81.0 0.42063165901025323
81.09603841536615 0.4208448272734229
81.19207683073229 0.42105746825893253
81.28811524609844 0.42126969550306526
81.3841536614646 0.42148146573877965
81.48019207683073 0.42169242339115776
81.57623049219688 0.4219021288183268
81.67226890756302 0.4221105289521605
81.76830732292918 0.42231798442640367
81.86434573829533 0.42252497448251514
81.96038415366147 0.4227319321759765
82.05642256902762 0.42293915475670724
82.15246098439376 0.4231466141272386
82.24849939975991 0.42335397492927374
82.34453781512606 0.4235610345416887
82.4405762304922 0.423767980081113
82.53661464585835 0.42397516289798653
82.63265306122449 0.42418257778020374
82.72869147659064 0.4243898222399327
82.82472989195679 0.42459644206793573
82.92076830732293 0.4248021444974769
83.01680672268908 0.42500682042713533
83.11284513805522 0.42521058995005323
83.20888355342137 0.4254137786441914
83.30492196878753 0.42561656043354734
83.40096038415366 0.42581872648639096
83.49699879951982 0.4260199010489481
83.59303721488595 0.4262200979652587
83.6890756302521 0.42641977178097906
83.78511404561824 0.4266193680685627
83.8811524609844 0.4268190169749635
83.97719087635055 0.4270186201358731
84.07322929171669 0.4272180990296286
84.16926770708284 0.4274174346178833
84.26530612244898 0.42761664822465895
84.36134453781513 0.42781578781918916
84.45738295318128 0.42801492351086046
84.55342136854742 0.4282141356861123
84.64945978391357 0.4284135038635069
84.74549819927971 0.42861297522561614
84.84153661464586 0.42881226565470265
84.93757503001201 0.42901100988566887
85.03361344537815 0.42920921650958477
85.1296518607443 0.4294073158720578
85.22569027611044 0.4296055871115065
85.3217286914766 0.4298037047778468
85.41776710684275 0.4300010632201688
85.51380552220888 0.43019783803297884
85.60984393757504 0.4303951212066756
85.70588235294117 0.43059367898314266
85.80192076830733 0.4307929190900314
85.89795918367348 0.43099136852949727
85.99399759903962 0.4311883709177473
86.09003601440577 0.4313843892565598
86.1860744297719 0.43158008330498754
86.28211284513806 0.4317755037140619
86.37815126050421 0.43197024270912265
86.47418967587035 0.43216406105075167
86.5702280912365 0.43235702074451776
86.66626650660264 0.43254937905260726
86.76230492196879 0.43274149125587225
86.85834333733494 0.4329337421188444
86.95438175270108 0.4331263038771622
87.05042016806723 0.433319088456619
87.14645858343337 0.43351193430493384
87.24249699879952 0.4337047864269322
87.33853541416568 0.4338976788758815
87.43457382953181 0.434090636750723
87.53061224489797 0.4342836507257243
87.6266506602641 0.4344766461144103
87.72268907563026 0.4346694515513519
87.81872749099641 0.4348618625975344
87.91476590636255 0.4350539129784083
88.0108043217287 0.4352459302379114
88.10684273709484 0.4354381447969977
88.20288115246099 0.4356302743039683
88.29891956782713 0.4358216459699359
88.39495798319328 0.4360118263530497
88.49099639855943 0.4362007926801983
88.58703481392557 0.4363888607263019
88.68307322929172 0.43657660419130107
88.77911164465786 0.4367647053195329
88.87515006002401 0.4369532767902411
88.97118847539016 0.4371416825601364
89.0672268907563 0.43732912864634615
89.16326530612245 0.43751535613666803
89.25930372148859 0.43770060413119843
89.35534213685474 0.4378852300694173
89.4513805522209 0.4380695875451413
89.54741896758703 0.438253850049835
89.64345738295319 0.438437793876581
89.73949579831933 0.43862091166803663
89.83553421368548 0.43880307742053565
89.93157262905163 0.43898475301257067
90.02761104441777 0.43916658452835977
90.12364945978392 0.4393488794834337
90.21968787515006 0.43953161498966287
90.31572629051621 0.4397146763398001
90.41176470588236 0.4398979382336543
90.5078031212485 0.4400812243296665
90.60384153661465 0.4402642521320271
90.69987995198079 0.44044667643303237
90.79591836734694 0.4406283678143775
90.8919567827131 0.4408095097544009
90.98799519807923 0.4409903870562033
91.08403361344538 0.44117108306458663
91.18007202881152 0.4413514628284337
91.27611044417768 0.44153121387490946
91.37214885954383 0.4417098672919313
91.46818727490997 0.4418870992050731
91.56422569027612 0.4420631838204736
91.66026410564226 0.44223891713596564
91.75630252100841 0.4424148651764796
91.85234093637456 0.44259106199167614
91.9483793517407 0.442767191650961
92.04441776710685 0.44294287737628935
92.14045618247299 0.4431177516629876
92.23649459783914 0.4432917688630982
92.33253301320529 0.44346533452329573
92.42857142857143 0.4436389800538791
92.52460984393758 0.4438128209919202
92.62064825930372 0.4439865696564402
92.71668667466987 0.4441600110822072
92.81272509003601 0.4443332150322471
92.90876350540216 0.4445063135259269
93.00480192076832 0.44467910988480336
93.10084033613445 0.4448511166187046
93.1968787515006 0.44502216763305913
93.29291716686674 0.44519270508082814
93.3889555822329 0.4453633611383616
93.48499399759905 0.4455341848181098
93.58103241296519 0.44570465018348404
93.67707082833134 0.4458744265997151
93.77310924369748 0.4460437616302285
93.86914765906363 0.4462131498482955
93.96518607442978 0.446382685313247
94.06122448979592 0.4465520412934223
94.15726290516207 0.4467209544078241
94.25330132052821 0.44688947899990505
94.34933973589436 0.4470578584757272
94.44537815126051 0.44722625790909304
94.54141656662665 0.44739472601177843
94.6374549819928 0.44756314363569455
94.73349339735894 0.4477311958932756
94.8295318127251 0.44789850670530085
94.92557022809125 0.4480649288868054
95.02160864345738 0.4482305702799717
95.11764705882354 0.4483956758440154
95.21368547418967 0.4485605583504641
95.30972388955583 0.4487254913389302
95.40576230492198 0.4488904684096409
95.50180072028812 0.4490552027827298
95.59783913565427 0.44921948460161376
95.6938775510204 0.4493834000038023
95.78991596638656 0.4495471888349021
95.88595438175271 0.44971089674728937
95.98199279711885 0.44987433754278994
96.078031212485 0.4500372480993579
96.17406962785114 0.4501993886403791
96.27010804321729 0.45036060956415636
96.36614645858344 0.4505210157014736
96.46218487394958 0.4506809652376196
96.55822328931573 0.4508407372185916
96.65426170468187 0.4510003058807312
96.75030012004802 0.4511594632377676
96.84633853541418 0.45131815696475797
96.94237695078031 0.4514765367508114
97.03841536614647 0.45163482993712434
97.1344537815126 0.451793252660555
97.23049219687876 0.4519519549311274
97.3265306122449 0.45211087166363667
97.42256902761105 0.4522697056717994
97.5186074429772 0.45242805790060936
97.61464585834334 0.45258552525812945
97.71068427370949 0.4527418212060735
97.80672268907563 0.45289712668097626
97.90276110444178 0.4530521093501473
97.99879951980793 0.45320721469841524
98.09483793517407 0.4533621070966477
98.19087635054022 0.4535160010021204
98.28691476590636 0.45366874815857117
98.38295318127251 0.45382100202037834
98.47899159663866 0.4539734066176647
98.5750300120048 0.4541259245378997
98.67106842737095 0.4542780109271657
98.76710684273709 0.454429258366042
98.86314525810324 0.45457952366465826
98.9591836734694 0.45472880468983046
99.05522208883554 0.45487713316336653
99.15126050420169 0.4550245635413319
99.24729891956783 0.4551711465168429
99.34333733493398 0.45531692479635355
99.43937575030013 0.4554619643295824
99.53541416566627 0.4556063828628094
99.63145258103242 0.4557503335762709
99.72749099639856 0.4558939404369633
99.82352941176471 0.4560372805201491
99.91956782713086 0.45618032673248465
100.015606242497 0.4563228928124672
100.11164465786315 0.45646472336001553
100.20768307322929 0.4566058561167935
100.30372148859544 0.4567466950021189
100.3997599039616 0.4568876382731091
100.49579831932773 0.45702870350036917
100.59183673469389 0.45716961866686084
100.68787515006002 0.4573102696507525
100.78391356542618 0.45745080504945596
100.87995198079233 0.4575913446382073
100.97599039615847 0.4577316705273853
101.07202881152462 0.4578713179301632
101.16806722689076 0.4580100397265795
101.26410564225691 0.45814793030640294
101.36014405762306 0.4582853181380447
101.4561824729892 0.45842264621940587
101.55222088835535 0.458560377930601
101.64825930372149 0.4586985880948836
101.74429771908764 0.45883685409745734
101.84033613445378 0.45897456620729604
101.93637454981993 0.45911129030305764
102.03241296518608 0.45924681911158705
102.12845138055222 0.4593813230882611
102.22448979591837 0.4595153845569412
102.32052821128451 0.459649576293041
102.41656662665066 0.45978394409197604
102.51260504201682 0.459918070529225
102.60864345738295 0.46005157302193866
102.7046818727491 0.4601842643659618
102.80072028811524 0.4603161047385363
102.8967587034814 0.460447139663849
102.99279711884755 0.4605774844553414
103.08883553421369 0.4607072608986986
103.18487394957984 0.46083657367872966
103.28091236494598 0.4609654316705929
103.37695078031213 0.461093641283456
103.47298919567828 0.46122086547095265
103.56902761104442 0.4613470134130786
103.66506602641057 0.4614723761894479
103.76110444177671 0.46159735550860737
103.85714285714286 0.46172207694232265
103.95318127250901 0.4618463878761894
104.04921968787515 0.46197002839401596
104.1452581032413 0.462092700824327
104.24129651860744 0.4622142967845285
104.3373349339736 0.4623352370076665
104.43337334933975 0.46245635017917763
104.52941176470588 0.46257789269187977
104.62545018007204 0.4626991634231557
104.72148859543817 0.46281917605124806
104.81752701080433 0.4629377195940414
104.91356542617048 0.46305535049078994
105.00960384153662 0.463172686660099
105.10564225690277 0.4632901065256448
105.2016806722689 0.4634077341653614
105.29771908763506 0.46352541657097535
105.39375750300121 0.46364276993472064
105.48979591836735 0.46375953856274815
105.5858343337335 0.46387575484289245
105.68187274909964 0.4639916325340474
105.77791116446579 0.4641073794603736
105.87394957983194 0.4642231684732021
105.96998799519808 0.46433905683553056
106.06602641056423 0.464454948774265
106.16206482593037 0.4645706670811547
106.25810324129652 0.46468608485371155
106.35414165666266 0.4648011361947759
106.45018007202881 0.4649157876701745
106.54621848739497 0.4650300244884089
106.6422569027611 0.46514389970379727
106.73829531812726 0.4652576294211145
106.8343337334934 0.46537157308630184
106.93037214885955 0.46548596082570465
107.0264105642257 0.4656007505933355
107.12244897959184 0.4657156809836578
107.21848739495799 0.4658303812249485
107.31452581032413 0.4659444038981595
107.41056422569028 0.46605740900810566
107.50660264105643 0.4661692654172884
107.60264105642257 0.4662799881054619
107.69867947178872 0.4663896014259139
107.79471788715486 0.466498133388075
107.89075630252101 0.46660573677865
107.98679471788716 0.46671275889195707
108.0828331332533 0.46681957406702956
108.17887154861945 0.4669262035133497
108.27490996398559 0.46703230404773743
108.37094837935174 0.46713761118749925
108.4669867947179 0.4672422098825548
108.56302521008404 0.46734638661421224
108.65906362545019 0.4674502678669381
108.75510204081633 0.4675537864394349
108.85114045618248 0.4676569013507879
108.94717887154863 0.46775973916701374
109.04321728691477 0.4678624973510829
109.13925570228092 0.46796519555330496
109.23529411764706 0.4680676543499047
109.33133253301321 0.46816970848607353
109.42737094837936 0.46827135115891033
109.5234093637455 0.468372698605705
109.61944777911165 0.46847388897688647
109.71548619447779 0.4685750627065336
109.81152460984394 0.4686763218057655
109.9075630252101 0.4687777008335007
110.00360144057623 0.46887911453078446
110.09963985594239 0.4689802129190639
110.19567827130852 0.4690803918284069
110.29171668667468 0.46917930429262633
110.38775510204083 0.46927724278298205
110.48379351740697 0.4693748765264381
110.57983193277312 0.4694724473821008
110.67587034813926 0.46956965310432863
110.77190876350541 0.4696661289115006
110.86794717887155 0.4697618258935424
110.9639855942377 0.4698569593063012
111.06002400960385 0.46995181514148776
111.15606242496999 0.47004669965275986
111.25210084033614 0.47014172648048713
111.34813925570228 0.47023664094197637
111.44417767106843 0.4703309652958036
111.54021608643458 0.47042449609720927
111.63625450180072 0.47051739204062315
111.73229291716687 0.47060990845158635
111.82833133253301 0.4707021670134408
111.92436974789916 0.47079418319587296
112.02040816326532 0.4708859887529172
112.11644657863145 0.4709776507359196
112.2124849939976 0.47106912043667326
112.30852340936374 0.4711600957841341
112.4045618247299 0.47125016384033636
112.50060024009605 0.4713393460934322
112.59663865546219 0.471428199989188
112.69267707082834 0.47151729999917735
112.78871548619448 0.471606741072655
112.88475390156063 0.4716962662254389
112.98079231692678 0.47178584330577966
113.07683073229292 0.47187579167273386
113.17286914765907 0.4719664505927368
113.26890756302521 0.4720578459654583
113.36494597839136 0.47214968009529357
113.46098439375751 0.47224134971822873
113.55702280912365 0.47233197549893796
113.6530612244898 0.47242103245209144
113.74909963985594 0.4725090154595676
113.8451380552221 0.4725971624282288
113.94117647058825 0.4726861028771563
114.03721488595438 0.4727755103176854
114.13325330132054 0.4728647202977445
114.22929171668667 0.47295341571412286
114.32533013205283 0.4730416180050133
114.42136854741898 0.4731294812977149
114.51740696278512 0.4732172274548439
114.61344537815127 0.47330498146888267
114.7094837935174 0.47339257974599525
114.80552220888356 0.4734796358177108
114.90156062424971 0.47356591556199773
114.99759903961585 0.47365144891336064
115.093637454982 0.4737364227311194
115.18967587034814 0.4738210496742477
115.28571428571429 0.47390553947973146
115.38175270108043 0.4739899913814852
115.47779111644658 0.47407436145155174
115.57382953181273 0.4741585436638175
115.66986794717887 0.4742424741194662
115.76590636254502 0.47432612155239406
115.86194477791116 0.47440939744498783
115.95798319327731 0.4744921282152095
116.05402160864347 0.4745741789652787
116.1500600240096 0.47465562068469
116.24609843937576 0.4747366859982175
116.3421368547419 0.4748174424856949
116.43817527010805 0.47489768006389577
116.5342136854742 0.47497716718398053
116.63025210084034 0.4750560148038427
116.72629051620649 0.475134632825993
116.82232893157263 0.4752132902134545
116.91836734693878 0.47529194931035734
117.01440576230493 0.4753703769244564
117.11044417767107 0.4754483105936892
117.20648259303722 0.47552549224249807
117.30252100840336 0.4756017996736245
117.39855942376951 0.47567729855279783
117.49459783913566 0.47575218547658527
117.5906362545018 0.4758266984092125
117.68667466986795 0.47590108741810666
117.78271308523409 0.4759754657940107
117.87875150060025 0.47604974869635097
117.9747899159664 0.4761237839602461
118.07082833133254 0.47619756838222016
118.16686674669869 0.47627123098528523
118.26290516206483 0.47634476026547545
118.35894357743098 0.4764178841491802
118.45498199279713 0.47649023926414535
118.55102040816327 0.4765616658831654
118.64705882352942 0.4766322259847622
118.74309723889556 0.47670211398848195
118.83913565426171 0.47677161363301734
118.93517406962786 0.47684100165029986
119.031212484994 0.4769103721890672
119.12725090036015 0.4769796261845156
119.22328931572629 0.4770485384194135
119.31932773109244 0.4771167922170376
119.4153661464586 0.4771841371289737
119.51140456182473 0.4772506918916114
119.60744297719089 0.47731692465281694
119.70348139255702 0.47738317244813744
119.79951980792318 0.47744939116873447
119.89555822328931 0.47751536152688956
119.99159663865547 0.4775811108242951
120.08763505402162 0.47764692945356213
120.18367346938776 0.4777130448969281
120.27971188475391 0.4777794424082953
120.37575030012005 0.4778459179666726
120.4717887154862 0.47791219527101436
120.56782713085235 0.47797795705412294
120.66386554621849 0.4780430091758461
120.75990396158464 0.4781073755041223
120.85594237695078 0.47817124249983156
120.95198079231693 0.47823483195990485
121.04801920768308 0.478298367675441
121.14405762304922 0.4783619033703733
121.24009603841537 0.4784252183494174
121.33613445378151 0.47848798660226144
121.43217286914766 0.47855018158972684
121.52821128451382 0.4786121034783938
121.62424969987995 0.4786740164779082
121.7202881152461 0.47873591631982043
121.81632653061224 0.4787975929745075
121.9123649459784 0.4788587971280412
122.00840336134455 0.4789192831468275
122.10444177671069 0.4789790232426518
122.20048019207684 0.4790383515168688
122.29651860744298 0.4790977527023823
122.39255702280913 0.4791572969811547
122.48859543817528 0.479216587693727
122.58463385354142 0.4792752901052701
122.68067226890757 0.4793335062025944
122.77671068427371 0.4793916419047177
122.87274909963986 0.4794500146135921
122.96878751500601 0.47950878145312525
123.06482593037215 0.4795678838101888
123.1608643457383 0.47962700609565423
123.25690276110444 0.4796856709564774
123.3529411764706 0.47974352265452735
123.44897959183675 0.4798003783910664
123.54501800720288 0.4798562192859571
123.64105642256904 0.47991118327188403
123.73709483793517 0.4799655137983744
123.83313325330133 0.48001940076627847
123.92917166866746 0.4800729524676004
124.02521008403362 0.4801262421229155
124.12124849939977 0.48017934618642416
124.21728691476591 0.4802323437469086
124.31332533013206 0.48028531077195324
124.4093637454982 0.4803383139356098
124.50540216086435 0.48039132118626093
124.6014405762305 0.4804441244527763
124.69747899159664 0.48049639536175215
124.79351740696279 0.480547887983112
124.88955582232893 0.4805984803086163
124.98559423769508 0.4806481235911667
125.08163265306123 0.4806967963308587
125.17767106842737 0.48074455147362644
125.27370948379352 0.48079169652038223
125.36974789915966 0.4808388176430073
125.46578631452581 0.48088641436026086
125.56182472989197 0.48093455111862654
125.6578631452581 0.48098289258442056
125.75390156062426 0.4810308948626506
125.8499399759904 0.4810778708889553
125.94597839135655 0.48112342307491807
126.0420168067227 0.4811678766717765
126.13805522208884 0.4812120416005231
126.23409363745499 0.48125615326427873
126.33013205282113 0.48129963093687067
126.42617046818728 0.4813418638435655
126.52220888355343 0.4813830381856029
126.61824729891957 0.481423969651067
126.71428571428572 0.48146520204399723
126.81032412965186 0.4815067711619151
126.90636254501801 0.4815484688562379
127.00240096038416 0.48159013483468005
127.0984393757503 0.4816316642748417
127.19447779111646 0.48167297332895365
127.2905162064826 0.4817139914759879
127.38655462184875 0.48175473223627413
127.4825930372149 0.4817953752690287
127.57863145258104 0.4818362131867965
127.67466986794719 0.48187736935496484
127.77070828331333 0.4819187166345333
127.86674669867948 0.4819600384032676
127.96278511404563 0.4820012249366108
128.05882352941177 0.48204226271958095
128.1548619447779 0.4820831176599083
128.25090036014404 0.4821237007217166
128.3469387755102 0.48216399179359154
128.44297719087635 0.48220419843166706
128.53901560624251 0.48224466472187605
128.63505402160865 0.4822853152795711
128.7310924369748 0.4823254790838678
128.82713085234093 0.4823644437580236
128.92316926770707 0.4824022020502452
129.01920768307323 0.48243937973081363
129.11524609843937 0.4824765128508645
129.21128451380554 0.48251379046511017
129.30732292917168 0.4825511876582601
129.4033613445378 0.4825886542406032
129.49939975990398 0.482626117209053
129.59543817527012 0.4826634077335784
129.69147659063626 0.4827002365287036
129.7875150060024 0.4827363605265905
129.88355342136856 0.4827718309046116
129.9795918367347 0.4828069554906013
130.07563025210084 0.482841922553917
130.171668667467 0.4828766521400413
130.26770708283314 0.4829109283679607
130.36374549819928 0.4829446069364516
130.45978391356545 0.4829776296489705
130.55582232893158 0.48301000004071004
130.65186074429772 0.48304177258561054
130.74789915966386 0.48307302015666187
130.84393757503003 0.4831037805754373
130.93997599039616 0.4831340544341007
131.0360144057623 0.4831638255507459
131.13205282112847 0.4831930704538595
131.2280912364946 0.48322178778463926
131.32412965186074 0.483250049116161
131.42016806722688 0.4832779943946133
131.51620648259305 0.48330575706514445
131.6122448979592 0.48333342821520714
131.70828331332532 0.48336099306019564
131.8043217286915 0.4833882156060402
131.90036014405763 0.4834146692924044
131.99639855942377 0.4834400924728555
132.09243697478993 0.48346456303555535
132.18847539015607 0.4834883388065037
132.2845138055222 0.48351154924095846
132.38055222088835 0.4835341736085417
132.4765906362545 0.4835561559947821
132.57262905162065 0.48357746526860457
132.6686674669868 0.4835980929598071
132.76470588235296 0.4836180479645484
132.8607442977191 0.48363736359076553
132.95678271308523 0.4836561699149834
133.0528211284514 0.48367473267375316
133.14885954381754 0.4836933159014737
133.24489795918367 0.4837118888558286
133.3409363745498 0.48373012677239446
133.43697478991598 0.48374779455096295
133.53301320528212 0.48376496780614653
133.62905162064826 0.48378189298114965
133.72509003601442 0.4837986677732293
133.82112845138056 0.48381521026223373
133.9171668667467 0.48383139370023454
134.01320528211286 0.48384712859498824
134.109243697479 0.4838623994728104
134.20528211284514 0.48387734913642916
134.30132052821128 0.4838922696477829
134.39735894357744 0.4839073595909781
134.49339735894358 0.483922569021803
134.58943577430972 0.48393765053414217
134.6854741896759 0.4839522927399015
134.78151260504202 0.48396616594590836
134.87755102040816 0.48397923232314577
134.97358943577433 0.48399195380641524
135.06962785114047 0.48400498883354554
135.1656662665066 0.4840183840116984
135.26170468187274 0.48403149877198826
135.3577430972389 0.4840437424192333
135.45378151260505 0.4840550948682299
135.54981992797119 0.48406597451694416
135.64585834333735 0.48407684100844006
135.7418967587035 0.4840881107378482
135.83793517406963 0.4840999294257911
135.93397358943577 0.48411200336327254
136.03001200480193 0.48412376710340765
136.12605042016807 0.4841348872493848
136.2220888355342 0.4841453446846252
136.31812725090037 0.48415528701691063
136.4141656662665 0.48416491333758715
136.51020408163265 0.4841744096915964
136.60624249699882 0.4841837583582281
136.70228091236496 0.48419271895065386
136.7983193277311 0.48420112342808164
136.89435774309723 0.484209117996063
136.9903961584634 0.4842170418450576
137.08643457382954 0.4842250062543184
137.18247298919567 0.4842328240957614
137.27851140456184 0.4842402873928354
137.37454981992798 0.48424740644026604
137.47058823529412 0.48425434377176546
137.56662665066028 0.484261158212816
137.66266506602642 0.48426775628220176
137.75870348139256 0.4842740239696727
137.8547418967587 0.4842799459894984
137.95078031212486 0.48428556789947047
138.046818727491 0.4842908414384547
138.14285714285714 0.48429559603710337
138.2388955582233 0.48429968441840016
138.33493397358944 0.4843031209900277
138.43097238895558 0.4843060650449083
138.52701080432175 0.48430873454451295
138.62304921968789 0.4843113807788698
138.71908763505402 0.48431418752564126
138.81512605042016 0.48431717036824107
138.91116446578633 0.4843202089148453
139.00720288115247 0.4843231968076626
139.1032412965186 0.4843260815550938
139.19927971188477 0.4843288978047161
139.2953181272509 0.4843318022315175
139.39135654261705 0.48433501478464136
139.4873949579832 0.4843385563173832
139.58343337334935 0.4843421860230084
139.6794717887155 0.4843456384430118
139.77551020408163 0.48434888451587366
139.8715486194478 0.4843520825227245
139.96758703481393 0.484355291144527
140.06362545018007 0.4843583925500309
140.15966386554624 0.48436125905529
140.25570228091237 0.48436394595563137
140.3517406962785 0.48436665581035443
140.44777911164465 0.48436951256027394
140.54381752701082 0.484372494855978
140.63985594237695 0.4843755005360115
140.7358943577431 0.4843784249898352
140.83193277310926 0.48438115882879307
140.9279711884754 0.4843835515276981
141.02400960384153 0.4843854028725941
141.1200480192077 0.48438657915512284
141.21608643457384 0.48438716157073003
141.31212484993998 0.48438741398583335
141.40816326530611 0.48438755479427814
141.50420168067228 0.4843876805915509
141.60024009603842 0.48438781201663006
141.69627851140456 0.48438795532705137
141.79231692677072 0.48438810637988183
141.88835534213686 0.48438824863203866
141.984393757503 0.48438835280066816
142.08043217286917 0.4843883947660501
142.1764705882353 0.4843883808446592
142.27250900360144 0.4843883273491153
142.36854741896758 0.48438812352877014
142.46458583433375 0.4843874833054421
142.56062424969988 0.48438613726003915
142.65666266506602 0.4843841174519511
142.7527010804322 0.48438173012405455
142.84873949579833 0.48437922932277744
142.94477791116446 0.484376687274084
143.04081632653063 0.4843740418554008
143.13685474189677 0.4843711710859797
143.2328931572629 0.4843679270340834
143.32893157262905 0.48436432495162834
143.4249699879952 0.4843606192555806
143.52100840336135 0.48435704547699254
143.6170468187275 0.4843533967148167
143.71308523409365 0.4843490707084547
143.8091236494598 0.4843437006120336
143.90516206482593 0.4843374324008735
144.0012004801921 0.484330691415872
144.09723889555823 0.4843237776624836
144.19327731092437 0.48431681792511294
144.2893157262905 0.4843097045354736
144.38535414165668 0.48430206945903215
144.48139255702282 0.484293541148226
144.57743097238895 0.48428421106807207
144.67346938775512 0.4842746080119908
144.76950780312126 0.48426507948889974
144.8655462184874 0.484255488931863
144.96158463385353 0.4842454992789922
145.0576230492197 0.4842351188674374
145.15366146458584 0.4842246992076633
145.24969987995198 0.4842143750754234
145.34573829531814 0.4842037759516053
145.44177671068428 0.4841923615187123
145.53781512605042 0.48418010173507814
145.63385354141658 0.48416749498571554
145.72989195678272 0.48415497540150126
145.82593037214886 0.48414258949243505
145.921968787515 0.4841301631770413
146.01800720288117 0.48411766278994817
146.1140456182473 0.48410523031769437
146.21008403361344 0.48409307568708854
146.3061224489796 0.48408141417340445
146.40216086434575 0.48407035604603027
146.49819927971188 0.4840596615508256
146.59423769507805 0.48404875877424786
146.6902761104442 0.4840372878493612
146.78631452581033 0.48402542963265216
146.88235294117646 0.48401362356025324
146.97839135654263 0.4840018922178142
147.07442977190877 0.48398979264902076
147.1704681872749 0.483976969119808
147.26650660264107 0.483963504950061
147.3625450180072 0.4839497567989092
147.45858343337335 0.4839359289186321
147.55462184873952 0.4839220120042981
147.65066026410565 0.48390782964716605
147.7466986794718 0.4838930697308317
147.84273709483793 0.4838773962962758
147.9387755102041 0.4838607414534443
148.03481392557023 0.4838433339808441
148.13085234093637 0.48382545576818825
148.22689075630254 0.48380727021628434
148.32292917166868 0.4837888195248551
148.4189675870348 0.48377002695598337
148.51500600240098 0.48375070865515024
148.61104441776712 0.4837307340819208
148.70708283313326 0.483710144706717
148.8031212484994 0.4836890766609476
148.89915966386556 0.483667526439468
148.9951980792317 0.4836453251334565
149.09123649459784 0.4836223935122704
149.187274909964 0.48359894039347395
149.28331332533014 0.4835753210159215
149.37935174069628 0.4835515832798263
149.47539015606242 0.48352740197475885
149.57142857142858 0.4835024309365018
149.66746698679472 0.4834765909013837
149.76350540216086 0.4834500185473391
149.85954381752703 0.48342287277078755
149.95558223289316 0.483395294549264
150.0516206482593 0.4833673960214588
150.14765906362547 0.4833392511125491
150.2436974789916 0.48331090901859197
150.33973589435774 0.4832824418047964
150.43577430972388 0.4832539509347656
150.53181272509005 0.4832254954824603
150.6278511404562 0.48319702738692527
150.72388955582232 0.4831684312710329
150.8199279711885 0.48313967832462007
150.91596638655463 0.48311085560263495
151.01200480192077 0.4830820448372454
151.10804321728693 0.4830532076312523
151.20408163265307 0.483024200208772
151.3001200480192 0.482994847650115
151.39615846338535 0.4829649681196298
151.4921968787515 0.48293451619297534
151.58823529411765 0.48290372550996763
151.6842737094838 0.4828730090040574
151.78031212484996 0.482842525837075
151.8763505402161 0.4828120829999802
151.97238895558223 0.48278144028375247
152.0684273709484 0.4827506290596703
152.16446578631454 0.4827198909506506
152.26050420168067 0.48268934786438716
152.3565426170468 0.48265891840617975
152.45258103241298 0.48262847224014815
152.54861944777912 0.48259799955920346
152.64465786314526 0.4825675983861616
152.74069627851142 0.48253737694948773
152.83673469387756 0.48250742311820743
152.9327731092437 0.48247772531161764
153.02881152460984 0.4824480812608186
153.124849939976 0.4824181448451822
153.22088835534214 0.482387677429882
153.31692677070828 0.48235662069617424
153.41296518607444 0.48232498918986544
153.50900360144058 0.4822927401127102
153.60504201680672 0.48225979758594884
153.7010804321729 0.4822262173824934
153.79711884753902 0.4821922334375547
153.89315726290516 0.4821580293335731
153.9891956782713 0.4821234473822835
154.08523409363747 0.48208806293397277
154.1812725090036 0.4820516900017615
154.27731092436974 0.48201454649247527
154.3733493397359 0.4819770199546794
154.46938775510205 0.48193935416578015
154.56542617046819 0.48190164870133995
154.66146458583435 0.481863981907528
154.7575030012005 0.48182645353308634
154.85354141656663 0.4817891239812334
154.94957983193277 0.48175192885365375
155.04561824729893 0.48171469698879754
155.14165666266507 0.48167729920266017
155.2376950780312 0.4816397035304346
155.33373349339738 0.48160193122068123
155.4297719087635 0.481563991612709
155.52581032412965 0.4815258816954
155.62184873949582 0.4814876170545195
155.71788715486196 0.4814492430957097
155.8139255702281 0.4814107702485045
155.90996398559423 0.48137207325280895
156.0060024009604 0.4813329099899607
156.10204081632654 0.4812931098833334
156.19807923169267 0.48125265254781113
156.29411764705884 0.4812116378191523
156.39015606242498 0.481170236440576
156.48619447779112 0.48112867258403247
156.58223289315728 0.4810871298227276
156.67827130852342 0.4810457091223038
156.77430972388956 0.48100439826462404
156.8703481392557 0.4809630195255459
156.96638655462186 0.4809212633426335
157.062424969988 0.4808789884918868
157.15846338535414 0.4808363603181658
157.2545018007203 0.4807936774183532
157.35054021608644 0.4807510567881287
157.44657863145258 0.4807084187690799
157.54261704681872 0.48066563500266074
157.6386554621849 0.4806226013792819
157.73469387755102 0.48057925584180883
157.83073229291716 0.48053561138301387
157.92677070828333 0.4804917506774771
158.02280912364947 0.4804477469320704
158.1188475390156 0.4804036229474978
158.21488595438177 0.4803593602897729
158.3109243697479 0.48031491835137086
158.40696278511405 0.4802702487810604
158.50300120048018 0.48022540890237425
158.59903961584635 0.48018062253219707
158.6950780312125 0.48013611445103654
158.79111644657863 0.48009175933479353
158.8871548619448 0.480047084409714
158.98319327731093 0.48000173834908544
159.07923169267707 0.4799557596591211
159.17527010804324 0.47990942206653764
159.27130852340937 0.4798628833391441
159.3673469387755 0.4798161453423311
159.46338535414165 0.4797691328068464
159.55942376950782 0.4797217410986333
159.65546218487395 0.47967388126431765
159.7515006002401 0.47962558427505564
159.84753901560626 0.47957700547131055
159.9435774309724 0.47952830590449447
160.03961584633853 0.47947957698860505
160.1356542617047 0.47943085288958426
160.23169267707084 0.4793821441287609
160.32773109243698 0.4793334436115699
160.42376950780312 0.4792847375677455
160.51980792316928 0.4792360128953027
160.61584633853542 0.4791872702858603
160.71188475390156 0.4791385581833086
160.80792316926772 0.4790899662167092
160.90396158463386 0.4790414679702454
161.0 0.4789928107746131
161.09603841536617 0.47894363166161225
161.1920768307323 0.478893783526772
161.28811524609844 0.4788433804166826
161.38415366146458 0.47879265202412735
161.48019207683075 0.4787418362294186
161.57623049219688 0.47869113953756537
161.67226890756302 0.47864062903004306
161.7683073229292 0.4785902164543203
161.86434573829533 0.4785397120327991
161.96038415366147 0.4784888662488933
162.0564225690276 0.4784374355510028
162.15246098439377 0.4783853813948725
162.2484993997599 0.4783328929497853
162.34453781512605 0.4782801365313355
162.4405762304922 0.47822705147279054
162.53661464585835 0.4781734516689429
162.6326530612245 0.47811937533604437
162.72869147659065 0.47806513706146647
162.8247298919568 0.4780109944658435
162.92076830732293 0.47795686287308503
163.01680672268907 0.47790244245100655
163.11284513805523 0.47784768731200855
163.20888355342137 0.4777928878799019
163.3049219687875 0.47773831940933054
163.40096038415368 0.4776839259397482
163.49699879951982 0.477629401311339
163.59303721488595 0.4775745246603319
163.68907563025212 0.47751923517206374
163.78511404561826 0.47746359998557836
163.8811524609844 0.47740778388161625
163.97719087635053 0.4773519915078942
164.0732292917167 0.47729624939715704
164.16926770708284 0.4772403611197288
164.26530612244898 0.47718407788427875
164.36134453781514 0.477127267766689
164.45738295318128 0.47706992084757194
164.55342136854742 0.47701214099522093
164.64945978391358 0.4769541369300322
164.74549819927972 0.47689605415845326
164.84153661464586 0.47683779984005514
164.937575030012 0.4767791180972614
165.03361344537817 0.47671994981169175
165.1296518607443 0.4766605208740979
165.22569027611044 0.4766011073206331
165.3217286914766 0.4765417783018382
165.41776710684275 0.47648241924330414
165.51380552220888 0.4764228966879337
165.60984393757505 0.47636310616452754
165.7058823529412 0.47630299745040017
165.80192076830733 0.4762426036283514
165.89795918367346 0.4761820229358765
165.99399759903963 0.47612132352658265
166.09003601440577 0.4760605159212816
166.1860744297719 0.4759995913646666
166.28211284513807 0.4759385681385484
166.3781512605042 0.47587747778903344
166.47418967587035 0.4758162805934495
166.5702280912365 0.4757548421894041
166.66626650660265 0.4756930642957249
166.7623049219688 0.47563105060101596
166.85834333733493 0.4755690541466737
166.9543817527011 0.47550713488892005
167.05042016806723 0.47544505057366915
167.14645858343337 0.47538251101692075
167.24249699879954 0.4753195172234772
167.33853541416568 0.4752563058796543
167.43457382953181 0.4751928965173554
167.53061224489795 0.4751289390039141
167.62665066026412 0.4750641117453921
167.72268907563026 0.47499867993336203
167.8187274909964 0.47493339270449114
167.91476590636256 0.47486860619089544
168.0108043217287 0.474803963373657
168.10684273709484 0.47473888180182305
168.202881152461 0.4746732727166423
168.29891956782714 0.4746074966939936
168.39495798319328 0.4745417076237052
168.49099639855942 0.47447559813293677
168.58703481392558 0.4744087357110903
168.68307322929172 0.4743410842038377
168.77911164465786 0.47427299334025874
168.87515006002403 0.4742048223764671
168.97118847539016 0.47413678195939435
169.0672268907563 0.4740688937374076
169.16326530612247 0.47400092529903254
169.2593037214886 0.4739324471408216
169.35534213685474 0.47386328882475615
169.45138055222088 0.4737937363852281
169.54741896758705 0.4737242277893001
169.6434573829532 0.4736548297228413
169.73949579831933 0.47358523770614486
169.8355342136855 0.47351517167107693
169.93157262905163 0.4734445593250265
170.02761104441777 0.4733734713674095
170.12364945978393 0.473302002961572
170.21968787515007 0.47323026296252846
170.3157262905162 0.47315838769181845
170.41176470588235 0.4730865470707418
170.50780312124851 0.47301487839684964
170.60384153661465 0.47294336055081043
170.6998799519808 0.4728718224452102
170.79591836734696 0.47280013835496815
170.8919567827131 0.472728328299839
170.98799519807923 0.4726565005567252
171.08403361344537 0.4725847352117628
171.18007202881154 0.47251306767283785
171.27611044417768 0.4724414637290256
171.3721488595438 0.4723698065221621
171.46818727490998 0.472297981154247
171.56422569027612 0.4722260531834833
171.66026410564226 0.472154262135123
171.75630252100842 0.47208273395489186
171.85234093637456 0.4720113172998052
171.9483793517407 0.4719397452165973
172.04441776710684 0.4718679981787137
172.140456182473 0.47179631324270266
172.23649459783914 0.4717247649927264
172.33253301320528 0.4716530142490436
172.42857142857144 0.47158055313567654
172.52460984393758 0.4715072864735716
172.62064825930372 0.47143356819254134
172.7166866746699 0.4713596760422699
172.81272509003603 0.4712854795094811
172.90876350540216 0.4712106150567512
173.0048019207683 0.471134931358329
173.10084033613447 0.4710585455198763
173.1968787515006 0.4709817081939628
173.29291716686674 0.47090471360445707
173.3889555822329 0.4708278463523284
173.48499399759905 0.4707512470846491
173.5810324129652 0.47067489905882004
173.67707082833135 0.47059873293926013
173.7731092436975 0.47052270016839837
173.86914765906363 0.47044676272241737
173.96518607442977 0.4703708607509801
174.06122448979593 0.4702949048450863
174.15726290516207 0.4702187448854652
174.2533013205282 0.4701421472557521
174.34933973589438 0.47006489901267445
174.4453781512605 0.46998711205060956
174.54141656662665 0.46990925200731637
174.63745498199282 0.4698317506351842
174.73349339735896 0.4697547062103801
174.8295318127251 0.46967795621915787
174.92557022809123 0.4696013237237556
175.0216086434574 0.4695246654399692
175.11764705882354 0.46944788716536545
175.21368547418967 0.46937095628607456
175.30972388955584 0.4692938837963953
175.40576230492198 0.4692166649430468
175.50180072028812 0.46913926300132114
175.59783913565425 0.4690615345857577
175.69387755102042 0.4689831659241639
175.78991596638656 0.4689038071294695
175.8859543817527 0.4688235399401941
175.98199279711886 0.4687429503286227
176.078031212485 0.4686626086305372
176.17406962785114 0.46858260354416004
176.2701080432173 0.4685026423341697
176.36614645858344 0.4684224733929999
176.46218487394958 0.46834198151815754
176.55822328931572 0.46826117675161516
176.6542617046819 0.4681801838595893
176.75030012004802 0.4680991962382711
176.84633853541416 0.4680183007056982
176.94237695078033 0.46793743944245203
177.03841536614647 0.4678564981061311
177.1344537815126 0.46777539297439474
177.23049219687877 0.4676940709154671
177.3265306122449 0.46761249425058204
177.42256902761105 0.4675306351466786
177.51860744297718 0.4674484324282982
177.61464585834335 0.46736574672084374
177.7106842737095 0.4672824188345739
177.80672268907563 0.46719852966700626
177.9027611044418 0.46711445886303865
177.99879951980793 0.46703058814823906
178.09483793517407 0.4669469776956885
178.19087635054024 0.46686341200518344
178.28691476590637 0.4667796820367124
178.3829531812725 0.46669566583953437
178.47899159663865 0.4666113421636471
178.57503001200482 0.46652680608698444
178.67106842737095 0.4664422383939031
178.7671068427371 0.46635775432350807
178.86314525810326 0.46627335959972505
178.9591836734694 0.46618899856469126
179.05522208883554 0.46610461214324406
179.1512605042017 0.4660201433689737
179.24729891956784 0.4659355478886835
179.34333733493398 0.46585079816183034
179.43937575030012 0.46576591547190815
179.53541416566628 0.46568101041938836
179.63145258103242 0.46559624096390023
179.72749099639856 0.4655115721979011
179.82352941176472 0.4654267017115375
179.91956782713086 0.46534130071682656
180.015606242497 0.4652553345433065
180.11164465786314 0.465169024441911
180.2076830732293 0.46508250382020694
180.30372148859544 0.4649956996414002
180.39975990396158 0.46490848322752354
180.49579831932775 0.46482088102028796
180.59183673469389 0.464733062111856
180.68787515006002 0.4646451685290278
180.7839135654262 0.46455725180983276
180.87995198079233 0.4644692796628481
180.97599039615847 0.4643811458433133
181.0720288115246 0.4642927027199143
181.16806722689077 0.46420396522743435
181.2641056422569 0.4641151878519454
181.36014405762305 0.4640266535644698
181.4561824729892 0.4639383477038764
181.55222088835535 0.46384999225750484
181.6482593037215 0.46376146830882736
181.74429771908765 0.4636729888242747
181.8403361344538 0.463584869687933
181.93637454981993 0.46349715709764006
182.03241296518607 0.46340963394600304
182.12845138055224 0.4633221113812393
182.22448979591837 0.4632345562594369
182.3205282112845 0.4631470269953342
182.41656662665068 0.463059563131502
182.51260504201682 0.46297217569706406
182.60864345738295 0.46288485598789114
182.70468187274912 0.46279757992221665
182.80072028811526 0.4627103339470213
182.8967587034814 0.46262316157750316
182.99279711884753 0.46253614423641454
183.0888355342137 0.4624492051542425
183.18487394957984 0.46236201525978415
183.28091236494598 0.46227416999783
183.37695078031214 0.46218552498775045
183.47298919567828 0.4620962151723096
183.56902761104442 0.46200649848704456
183.66506602641059 0.4619166748302317
183.76110444177672 0.4618270194268079
183.85714285714286 0.46173765134661493
183.953181272509 0.4616485238424477
184.04921968787517 0.46155947792387486
184.1452581032413 0.4614702720551356
184.24129651860744 0.4613806783464061
184.3373349339736 0.46129068383848615
184.43337334933975 0.46120048845203987
184.52941176470588 0.4611102357727189
184.62545018007202 0.4610198601516566
184.7214885954382 0.46092920747362315
184.81752701080433 0.4608383061033552
184.91356542617046 0.46074737677433714
185.00960384153663 0.46065655531504834
185.10564225690277 0.46056572682285624
185.2016806722689 0.46047465772272944
185.29771908763507 0.46038330884414236
185.3937575030012 0.46029186010701856
185.48979591836735 0.46020048812980824
185.5858343337335 0.46010922590175285
185.68187274909965 0.4600179758387385
185.7779111644658 0.45992654710531944
185.87394957983193 0.4598346768247752
185.9699879951981 0.4597422173085043
186.06602641056423 0.4596492601067622
186.16206482593037 0.45955606468842003
186.25810324129654 0.45946286784615487
186.35414165666268 0.45936985418584075
186.45018007202881 0.45927716910677463
186.54621848739495 0.45918492780592224
186.64225690276112 0.45909316644491366
186.73829531812726 0.45900170760331205
186.8343337334934 0.4589101577651431
186.93037214885956 0.4588181879587133
187.0264105642257 0.4587257394769153
187.12244897959184 0.4586329574342677
187.218487394958 0.4585399851883963
187.31452581032414 0.4584469246998094
187.41056422569028 0.4583537966831956
187.50660264105642 0.4582605099641446
187.60264105642258 0.4581669323994655
187.69867947178872 0.45807311012740526
187.79471788715486 0.45797929053520425
187.89075630252103 0.4578856204772614
187.98679471788716 0.45779190198494113
188.0828331332533 0.45769772744466336
188.17887154861947 0.4576029388518999
188.2749099639856 0.4575077043982497
188.37094837935174 0.4574122415737103
188.46698679471788 0.45731658163747924
188.56302521008405 0.4572206359645793
188.6590636254502 0.45712444820096176
188.75510204081633 0.45702823468496245
188.8511404561825 0.45693213253623177
188.94717887154863 0.45683597460125736
189.04321728691477 0.45673939054205714
189.1392557022809 0.4566422003742073
189.23529411764707 0.4565444932518445
189.3313325330132 0.45644642226669147
189.42737094837935 0.45634801185699725
189.52340936374551 0.456249196240861
189.61944777911165 0.4561499947087053
189.7154861944778 0.4560505486710178
189.81152460984396 0.45595101400679083
189.9075630252101 0.4558514549239236
190.00360144057623 0.45575184604953367
190.09963985594237 0.4556520988678844
190.19567827130854 0.45555207471053843
190.29171668667468 0.45545173706796616
190.3877551020408 0.45535130924852674
190.48379351740698 0.455251156551573
190.57983193277312 0.45515125098685627
190.67587034813926 0.45505104695269827
190.77190876350542 0.4549499816841178
190.86794717887156 0.4548480194897615
190.9639855942377 0.4547455709187205
191.06002400960384 0.45464300401558216
191.15606242497 0.45454050682646197
191.25210084033614 0.45443811367733744
191.34813925570228 0.4543357351703306
191.44417767106845 0.4542331931809769
191.54021608643458 0.4541303804462383
191.63625450180072 0.45402730612065884
191.7322929171669 0.4539240239023421
191.82833133253303 0.45382054576411157
191.92436974789916 0.4537168479550422
192.0204081632653 0.4536129273266769
192.11644657863147 0.4535088191516133
192.2124849939976 0.4534045968477908
192.30852340936374 0.45330037162410997
192.4045618247299 0.4531962627608639
192.50060024009605 0.45309223798487086
192.5966386554622 0.45298806482758996
192.69267707082835 0.45288349939844263
192.7887154861945 0.4527785365003988
192.88475390156063 0.4526733812537008
192.98079231692677 0.4525681905183442
193.07683073229293 0.45246298297428356
193.17286914765907 0.45235770592391444
193.2689075630252 0.45225232839587076
193.36494597839138 0.45214683131617495
193.4609843937575 0.45204110660522057
193.55702280912365 0.45193492234247534
193.6530612244898 0.451828064826872
193.74909963985596 0.4517205465586198
193.8451380552221 0.45161259283774924
193.94117647058823 0.4515044516261729
194.0372148859544 0.45139631800811614
194.13325330132054 0.4512882984900677
194.22929171668667 0.4511803562539812
194.32533013205284 0.4510723268009874
194.42136854741898 0.45096405503171355
194.51740696278512 0.45085545283899686
194.61344537815125 0.4507465393824367
194.70948379351742 0.4506375060383031
194.80552220888356 0.4505286734357047
194.9015606242497 0.45042014002796765
194.99759903961586 0.450311631453483
195.093637454982 0.4502027575284666
195.18967587034814 0.4500934507319211
195.2857142857143 0.4499839571080819
195.38175270108044 0.4498744415975482
195.47779111644658 0.44976480762923476
195.57382953181272 0.44965487684582295
195.6698679471789 0.449544712749933
195.76590636254502 0.4494346034942775
195.86194477791116 0.4493246491850443
195.95798319327733 0.4492145634459933
196.05402160864347 0.44910393891367306
196.1500600240096 0.4489927502954433
196.24609843937577 0.44888135123308687
196.3421368547419 0.4487699668018261
196.43817527010805 0.4486584348462762
196.53421368547419 0.4485464137511742
196.63025210084035 0.4484337989962784
196.7262905162065 0.4483207495837881
196.82232893157263 0.4482074802049211
196.9183673469388 0.4480941487341926
197.01440576230493 0.44798081970982406
197.11044417767107 0.44786739007649745
197.20648259303724 0.44775361096581306
197.30252100840337 0.4476393925803309
197.3985594237695 0.4475249764868404
197.49459783913565 0.44741075011870896
197.59063625450182 0.44729683366144973
197.68667466986795 0.44718305683375575
197.7827130852341 0.4470692919260119
197.87875150060026 0.4469556523545563
197.9747899159664 0.44684233177851684
198.07082833133254 0.44672922401749393
198.16686674669867 0.4466159110025084
198.26290516206484 0.44650213007925066
198.35894357743098 0.44638806733142805
198.45498199279712 0.44627415666288806
198.55102040816328 0.4461605764607651
198.64705882352942 0.44604719101836443
198.74309723889556 0.44593375399306534
198.83913565426172 0.4458200431898328
198.93517406962786 0.44570591660483594
199.031212484994 0.4455914513491107
199.12725090036014 0.44547694121570025
199.2232893157263 0.4453625819906524
199.31932773109244 0.44524825287653513
199.41536614645858 0.4451336725228321
199.51140456182475 0.4450188369152077
199.60744297719089 0.44490406372883085
199.70348139255702 0.4447895838163184
199.7995198079232 0.4446752427929779
199.89555822328933 0.44456067393566867
199.99159663865547 0.44444581609254613
200.0876350540216 0.444330978312509
200.18367346938777 0.4442164233286713
200.2797118847539 0.44410204767728834
200.37575030012005 0.4439874862153107
200.4717887154862 0.44387245495106686
200.56782713085235 0.44375681766938524
200.6638655462185 0.44364061214692885
200.75990396158466 0.4435240712296119
200.8559423769508 0.44340753246594233
200.95198079231693 0.44329114536055925
201.04801920768307 0.443174823520294
201.14405762304924 0.443058432410819
201.24009603841537 0.44294194856147706
201.3361344537815 0.4428254228807409
201.43217286914768 0.4427088387318245
201.52821128451382 0.4425920883938117
201.62424969987995 0.4424750973248873
201.72028811524612 0.4423579348414238
201.81632653061226 0.44224077694782743
201.9123649459784 0.44212375878977267
202.00840336134453 0.4420069394142555
202.1044417767107 0.4418902597815042
202.20048019207684 0.44177350350831
202.29651860744298 0.4416563793645421
202.39255702280914 0.44153884122654957
202.48859543817528 0.4414211505313735
202.58463385354142 0.4413035742879959
202.68067226890756 0.44118608831392186
202.77671068427372 0.4410684503681287
202.87274909963986 0.4409505447711829
202.968787515006 0.4408324625045981
203.06482593037217 0.4407143385900004
203.1608643457383 0.44059618423144353
203.25690276110444 0.4404779239617287
203.3529411764706 0.4403595868693112
203.44897959183675 0.4402413512786858
203.54501800720288 0.440123377974058
203.64105642256902 0.44000562939084376
203.7370948379352 0.4398878917526454
203.83313325330133 0.439769915106608
203.92917166866746 0.43965145711050413
204.02521008403363 0.43953240844244945
204.12124849939977 0.43941293567311174
204.2172869147659 0.4392934115587633
204.31332533013207 0.4391740456313616
204.4093637454982 0.439054779308602
204.50540216086435 0.4389354558000508
204.6014405762305 0.43881602336389636
204.69747899159665 0.43869654144630854
204.7935174069628 0.4385771517316072
204.88955582232893 0.43845806484888905
204.9855942376951 0.43833941280892597
205.08163265306123 0.43822106351953116
205.17767106842737 0.4381026710694367
205.27370948379354 0.4379840071376831
205.36974789915968 0.43786506950035314
205.46578631452581 0.43774600475736214
205.56182472989195 0.4376270062517932
205.65786314525812 0.4375082714655233
205.75390156062426 0.43738980003350414
205.8499399759904 0.43727132732523594
205.94597839135656 0.4371525311156114
206.0420168067227 0.437033318480306
206.13805522208884 0.4369138118900278
206.234093637455 0.4367941397276355
206.33013205282114 0.43667435916337694
206.42617046818728 0.4365544985155677
206.52220888355342 0.4364346192130779
206.61824729891958 0.43631480794179334
206.71428571428572 0.4361950954575252
206.81032412965186 0.436075425766131
206.90636254501803 0.43595571476615846
207.00240096038416 0.4358359402671296
207.0984393757503 0.43571613476202775
207.19447779111644 0.43559628529800765
207.2905162064826 0.43547629327244997
207.38655462184875 0.4353560582199499
207.48259303721488 0.43523561319370496
207.57863145258105 0.4351151084785388
207.6746698679472 0.4349946070449474
207.77070828331333 0.43487399708824104
207.8667466986795 0.4347531380177843
207.96278511404563 0.4346321088179027
208.05882352941177 0.43451119003876815
208.1548619447779 0.43439054408007066
208.25090036014407 0.43427006964552345
208.3469387755102 0.43414955045777537
208.44297719087635 0.4340289220461321
208.53901560624251 0.433908280299074
208.63505402160865 0.4337877280021295
208.7310924369748 0.4336673003925581
208.82713085234096 0.43354697140631665
208.9231692677071 0.43342666628826965
209.01920768307323 0.4333062790133425
209.11524609843937 0.43318581011112633
209.21128451380554 0.4330654358442731
209.30732292917168 0.4329453547820521
209.4033613445378 0.432825483095145
209.49939975990398 0.43270546991288916
209.59543817527012 0.43258516539013553
209.69147659063626 0.4324648708416453
209.78751500600242 0.4323450703369115
209.88355342136856 0.4322258663214985
209.9795918367347 0.4321069467924151
210.07563025210084 0.43198795171788895
210.171668667467 0.4318686807295483
210.26770708283314 0.4317491024257311
210.36374549819928 0.4316293699218168
210.45978391356545 0.43150979221780333
210.55582232893158 0.4313905145542861
210.65186074429772 0.4312713286384422
210.7478991596639 0.4311518505733153
210.84393757503003 0.4310319386186531
210.93997599039616 0.43091173469821636
211.0360144057623 0.43079147138513013
211.13205282112847 0.43067135066706286
211.2280912364946 0.43055150139268106
211.32412965186074 0.4304318797346447
211.4201680672269 0.43031226923066657
211.51620648259305 0.43019245772320613
211.6122448979592 0.43007235399476107
211.70828331332532 0.42995197425112663
211.8043217286915 0.4298314022564995
211.90036014405763 0.4297107783486398
211.99639855942377 0.429590240369777
212.09243697478993 0.429469882684948
212.18847539015607 0.4293497530327835
212.2845138055222 0.4292298461229832
212.38055222088838 0.42911010467140553
212.4765906362545 0.42899044767744776
212.57262905162065 0.428870791068832
212.6686674669868 0.4287510687314353
212.76470588235296 0.42863129163676666
212.8607442977191 0.42851155094446935
212.95678271308523 0.4283919086714491
213.0528211284514 0.4282723140141665
213.14885954381754 0.42815262807956467
213.24489795918367 0.4280327051508918
213.34093637454984 0.4279124137856987
213.43697478991598 0.4277917288427735
213.53301320528212 0.4276708054883714
213.62905162064826 0.42754988042616315
213.72509003601442 0.42742894821999766
213.82112845138056 0.4273077164049114
213.9171668667467 0.4271859466412624
214.01320528211286 0.42706374307622663
214.109243697479 0.42694142986751993
214.20528211284514 0.4268191053021729
214.3013205282113 0.4266965646012123
214.39735894357744 0.4265736204897772
214.49339735894358 0.42645038784275824
214.58943577430972 0.42632718633538524
214.6854741896759 0.4262041560437825
214.78151260504202 0.42608117890228536
214.87755102040816 0.42595803208820965
214.97358943577433 0.42583453111235064
215.06962785114047 0.42571052336528903
215.1656662665066 0.42558584287735635
215.26170468187277 0.42546030797478923
215.3577430972389 0.4253339072797337
215.45378151260505 0.42520698188996603
215.54981992797119 0.4250801050603505
215.64585834333735 0.4249535690085505
215.7418967587035 0.4248272665921181
215.83793517406963 0.42470094052036467
215.9339735894358 0.4245744397590356
216.03001200480193 0.4244477222961933
216.12605042016807 0.4243208174588301
216.2220888355342 0.4241938129898519
216.31812725090037 0.42406677986149416
216.4141656662665 0.4239396910173869
216.51020408163265 0.42381244634596993
216.60624249699882 0.42368500292387745
216.70228091236496 0.42355740772976813
216.7983193277311 0.42342968495258104
216.89435774309726 0.42330170805354206
216.9903961584634 0.4231732513344196
217.08643457382954 0.4230442680652309
217.18247298919567 0.4229149666924851
217.27851140456184 0.42278560599544845
217.37454981992798 0.42265625079706437
217.47058823529412 0.4225268097503838
217.56662665066028 0.4223972971917187
217.66266506602642 0.4222679099017944
217.75870348139256 0.4221388301868023
217.85474189675872 0.4220099791120823
217.95078031212486 0.4218810647575839
218.046818727491 0.4217519220062553
218.14285714285714 0.42162262114453497
218.2388955582233 0.4214932993641265
218.33493397358944 0.4213639388903935
218.43097238895558 0.421234395225931
218.52701080432175 0.42110464166434325
218.62304921968789 0.42097485196035284
218.71908763505402 0.42084526270305544
218.8151260504202 0.42071598284011014
218.91116446578633 0.4205869939313027
219.00720288115247 0.42045823454727993
219.1032412965186 0.4203296321444132
219.19927971188477 0.42020113024025685
219.2953181272509 0.420072727858705
219.39135654261705 0.419944464115366
219.4873949579832 0.4198163009117841
219.58343337334935 0.4196880792837028
219.6794717887155 0.41955964517000643
219.77551020408166 0.41943104184420776
219.8715486194478 0.4193024832587562
219.96758703481393 0.41917406619319386
220.06362545018007 0.4190456532395511
220.15966386554624 0.4189169890233192
220.25570228091237 0.4187878875608701
220.3517406962785 0.4186582561140295
220.44777911164468 0.4185281452876789
220.54381752701082 0.41839776934795436
220.63985594237695 0.4182674025094929
220.7358943577431 0.418137203480631
220.83193277310926 0.418007201394384
220.9279711884754 0.4178773164170393
221.02400960384153 0.41774737059335265
221.1200480192077 0.41761720531003665
221.21608643457384 0.4174868903090382
221.31212484993998 0.41735670498975475
221.40816326530614 0.417226815077068
221.50420168067228 0.41709711770513375
221.60024009603842 0.41696739238766534
221.69627851140456 0.4168375855861619
221.79231692677072 0.4167078174796951
221.88835534213686 0.41657817267006647
221.984393757503 0.4164485942196886
222.08043217286917 0.41631896852842964
222.1764705882353 0.4161892943472173
222.27250900360144 0.4160596847302521
222.3685474189676 0.41593020474031106
222.46458583433375 0.41580078495158024
222.56062424969988 0.4156713075473411
222.65666266506602 0.41554178688422727
222.7527010804322 0.41541236858253794
222.84873949579833 0.41528310219952724
222.94477791116446 0.41515381356658587
223.04081632653063 0.4150242338460477
223.13685474189677 0.41489428516442667
223.2328931572629 0.41476409582123486
223.32893157262907 0.4146337665482468
223.4249699879952 0.4145032320208879
223.52100840336135 0.4143723591960977
223.6170468187275 0.414241178442218
223.71308523409365 0.4141098924777279
223.8091236494598 0.4139786156196006
223.90516206482593 0.4138472112128454
224.0012004801921 0.4137154073411894
224.09723889555823 0.4135830843225979
224.19327731092437 0.41345030706302816
224.28931572629054 0.41331720110812215
224.38535414165668 0.41318387111780697
224.48139255702282 0.41305038593550425
224.57743097238895 0.41291674374880627
224.67346938775512 0.4127828760256645
224.76950780312126 0.4126487679175991
224.8655462184874 0.41251454136451016
224.96158463385356 0.41238038438418967
225.0576230492197 0.41224635486773675
225.15366146458584 0.41211235893309484
225.24969987995198 0.41197830432617366
225.34573829531814 0.4118442118132911
225.44177671068428 0.41171017762318407
225.53781512605042 0.411576258888145
225.63385354141658 0.41144245528171436
225.72989195678272 0.41130873830106157
225.82593037214886 0.4111750736469056
225.92196878751503 0.411041420982478
226.01800720288117 0.41090773140870657
226.1140456182473 0.41077394767331066
226.21008403361344 0.41064001518178656
226.3061224489796 0.4105058908421737
226.40216086434575 0.41037155779388407
226.49819927971188 0.41023707182458047
226.59423769507805 0.4101025652738841
226.6902761104442 0.4099681562805626
226.78631452581033 0.4098338723237783
226.8823529411765 0.40969967614358216
226.97839135654263 0.4095655612690333
227.07442977190877 0.4094315683915756
227.1704681872749 0.4092977146916377
227.26650660264107 0.4091639312661217
227.3625450180072 0.40903010301564136
227.45858343337335 0.4088962190006
227.55462184873952 0.4087623980146623
227.65066026410565 0.40862872763550756
227.7466986794718 0.40849511455779286
227.84273709483796 0.4083613468103693
227.9387755102041 0.40822735039614977
228.03481392557023 0.4080932413284813
228.13085234093637 0.40795913707543074
228.22689075630254 0.4078249723988422
228.32292917166868 0.40769055154282346
228.4189675870348 0.4075557874580039
228.51500600240098 0.4074207585285797
228.61104441776712 0.40728563558770015
228.70708283313326 0.4071506070604869
228.80312124849942 0.40701583898050586
228.89915966386556 0.40688131988076814
228.9951980792317 0.4067468279823553
229.09123649459784 0.4066121442474812
229.187274909964 0.4064772819142461
229.28331332533014 0.4063424418835726
229.37935174069628 0.4062077626124725
229.47539015606245 0.406073252314779
229.57142857142858 0.40593885354455894
229.66746698679472 0.40580451628280234
229.76350540216086 0.40567019697385315
229.85954381752703 0.4055358352444667
229.95558223289316 0.4054013485886806
230.0516206482593 0.40526668266997434
230.14765906362547 0.40513187111982496
230.2436974789916 0.40499702855366176
230.33973589435774 0.40486229855751354
230.4357743097239 0.4047278343963282
230.53181272509005 0.4045936925148403
230.6278511404562 0.404459699461459
230.72388955582232 0.4043255090289653
230.8199279711885 0.4041909497661932
230.91596638655463 0.404056135324635
231.01200480192077 0.40392128240591074
231.10804321728693 0.4037864717970927
231.20408163265307 0.40365165687231763
231.3001200480192 0.4035168021695581
231.39615846338538 0.40338193056921906
231.4921968787515 0.40324706478896116
231.58823529411765 0.40311214661665357
231.6842737094838 0.4029770565739016
231.78031212484996 0.4028417661866941
231.8763505402161 0.40270639218171544
231.97238895558223 0.4025710962351343
232.0684273709484 0.40243593954146784
232.16446578631454 0.40230087522289354
232.26050420168067 0.4021657716885111
232.35654261704684 0.4020304242139671
232.45258103241298 0.4018946916174655
232.54861944777912 0.4017587045859398
232.64465786314526 0.4016228229659494
232.74069627851142 0.4014872332758913
232.83673469387756 0.40135178632674917
232.9327731092437 0.40121620062219365
233.02881152460986 0.40108038900481324
233.124849939976 0.40094445963313485
233.22088835534214 0.4008085150398969
233.3169267707083 0.40067256552351593
233.41296518607444 0.4005365751452471
233.50900360144058 0.4004005398152872
233.60504201680672 0.40026447713580926
233.7010804321729 0.4001282926274702
233.79711884753902 0.3999917206418904
233.89315726290516 0.39985450685463547
233.98919567827133 0.39971673263757757
234.08523409363747 0.3995787988164302
234.1812725090036 0.3994410297109386
234.27731092436974 0.39930348324804066
234.3733493397359 0.39916605647424613
234.46938775510205 0.39902868466526986
234.56542617046819 0.39889135356945415
234.66146458583435 0.39875401762896956
234.7575030012005 0.3986165591721449
234.85354141656663 0.3984788789792763
234.9495798319328 0.3983410750415356
235.04561824729893 0.3982034271106961
235.14165666266507 0.3980660676343736
235.2376950780312 0.3979288072488757
235.33373349339738 0.3977913429379806
235.4297719087635 0.3976536923652545
235.52581032412965 0.39751620469939886
235.62184873949582 0.3973791453317667
235.71788715486196 0.39724246288982545
235.8139255702281 0.3971059276921501
235.90996398559426 0.39696943926694184
236.0060024009604 0.3968330495715098
236.10204081632654 0.39669678440889605
236.19807923169267 0.39656053798852864
236.29411764705884 0.39642414875396503
236.39015606242498 0.3962875768956986
236.48619447779112 0.3961509163530425
236.58223289315728 0.39601425362117165
236.67827130852342 0.3958775798549943
236.77430972388956 0.39574081336153444
236.87034813925573 0.39560385723602953
236.96638655462186 0.39546661384757764
237.062424969988 0.3953290549491525
237.15846338535414 0.3951912674576567
237.2545018007203 0.3950534028420464
237.35054021608644 0.3949155456574821
237.44657863145258 0.3947776968516721
237.54261704681875 0.39463982424950306
237.6386554621849 0.39450189738344466
237.73469387755102 0.39436390818831135
237.8307322929172 0.3942259251427609
237.92677070828333 0.39408809420170565
238.02280912364947 0.3939505289276816
238.1188475390156 0.3938132309823733
238.21488595438177 0.39367613397364076
238.3109243697479 0.3935392335624036
238.40696278511405 0.39340260124283843
238.5030012004802 0.3932662481717516
238.59903961584635 0.393130021600298
238.6950780312125 0.39299368189265604
238.79111644657863 0.3928571424245628
238.8871548619448 0.3927205028604601
238.98319327731093 0.3925838653509266
239.07923169267707 0.3924471875963751
239.17527010804324 0.3923103440368716
239.27130852340937 0.3921733337389286
239.3673469387755 0.3920363116275376
239.46338535414168 0.39189941798949623
239.55942376950782 0.3917626352757842
239.65546218487395 0.3916258413506818
239.7515006002401 0.3914890035714373
239.84753901560626 0.3913522126358703
239.9435774309724 0.39121555457830454
240.03961584633853 0.3910789978180131
240.1356542617047 0.390942431303849
240.23169267707084 0.39080581403887826
240.32773109243698 0.3906692047813465
240.42376950780314 0.39053269094695686
240.51980792316928 0.3903963227014553
240.61584633853542 0.39026010573275566
240.71188475390156 0.39012398318517577
240.80792316926772 0.3899878314911725
240.90396158463386 0.38985146049857056
241.0 0.38971461359836024
