1.0 0.247688
1.0960384153661464 0.24766369558617196
1.1920768307322929 0.24763947008733056
1.2881152460984393 0.24761531072122034
1.3841536614645857 0.24759122028139463
1.4801920768307322 0.2475672289359792
1.5762304921968788 0.2475433641842626
1.6722689075630253 0.24751960700416276
1.7683073229291717 0.2474958991072359
1.8643457382953181 0.24747221125475372
1.9603841536614646 0.247448569659371
2.0564225690276112 0.24742503168008997
2.1524609843937577 0.24740164845600202
2.248499399759904 0.2473784599707564
2.3445378151260505 0.24735548308931898
2.440576230492197 0.24733270689144018
2.5366146458583434 0.24731011181326815
2.63265306122449 0.24728770054295154
2.7286914765906363 0.2472654990662874
2.8247298919567827 0.24724354407532861
2.920768307322929 0.24722187728028353
3.0168067226890756 0.24720053100983844
3.112845138055222 0.24717950381789316
3.2088835534213684 0.2471587677868827
3.3049219687875153 0.24713834223844666
3.4009603841536618 0.2471183269170189
3.496998799519808 0.24709883290807094
3.5930372148859546 0.24707985898360993
3.689075630252101 0.24706129679675026
3.7851140456182475 0.24704307667164604
3.881152460984394 0.2470252377548782
3.9771908763505404 0.24700786317655496
4.073229291716687 0.2469909573252431
4.169267707082833 0.24697444699104895
4.26530612244898 0.2469583080290976
4.3613445378151265 0.24694262947319542
4.4573829531812725 0.24692753113494287
4.5534213685474185 0.24691299950407863
4.649459783913565 0.24689889147117894
4.745498199279712 0.2468851457179909
4.841536614645858 0.24687189585388594
4.937575030012005 0.24685936768799188
5.033613445378151 0.2468476627900385
5.129651860744298 0.24683674024170046
5.225690276110444 0.24682650293850042
5.321728691476591 0.24681684670552043
5.417767106842737 0.2468077027310996
5.513805522208884 0.24679912958023947
5.609843937575031 0.24679130664117674
5.705882352941177 0.24678433759925736
5.8019207683073235 0.24677813366471255
5.8979591836734695 0.24677251322413388
5.993997599039616 0.24676743628993972
6.090036014405762 0.24676302193056615
6.186074429771909 0.24675937294736025
6.282112845138055 0.2467564661512023
6.378151260504202 0.2467542295569002
6.474189675870348 0.24675273513904833
6.570228091236495 0.24675220738954723
6.666266506602641 0.2467527797516192
6.762304921968788 0.24675433425780782
6.858343337334934 0.24675662915477212
6.954381752701081 0.2467596352902739
7.050420168067227 0.246763567101217
7.146458583433374 0.2467685936277494
7.2424969987995205 0.24677463828245846
7.3385354141656665 0.24678148521963975
7.434573829531813 0.2467890798492206
7.530612244897959 0.24679756569235103
7.626650660264106 0.2468070938993583
7.722689075630252 0.24681768443063082
7.818727490996399 0.2468292507046818
7.914765906362545 0.24684167952413766
8.010804321728692 0.24685485177336108
8.106842737094837 0.24686873783370886
8.202881152460986 0.246883470633275
8.29891956782713 0.2468992682373114
8.394957983193278 0.24691619301162643
8.490996398559425 0.24693412109707463
8.58703481392557 0.24695298348726316
8.683073229291717 0.24697296005656882
8.779111644657863 0.24699437990976167
8.87515006002401 0.24701738363567696
8.971188475390157 0.24704186519651755
9.067226890756302 0.24706764488073946
9.16326530612245 0.24709461238349106
9.259303721488596 0.24712272840750707
9.355342136854743 0.24715200960663142
9.451380552220888 0.24718252100706947
9.547418967587035 0.24721429223424102
9.643457382953182 0.24724724307993756
9.739495798319329 0.24728121438446102
9.835534213685474 0.24731608832624014
9.93157262905162 0.24735181267130132
10.027611044417768 0.24738834458844125
10.123649459783914 0.24742559821080098
10.219687875150061 0.24746348368469986
10.315726290516206 0.24750206321032495
10.411764705882353 0.24754158052176709
10.5078031212485 0.24758229177655375
10.603841536614647 0.24762429976623804
10.699879951980792 0.24766757957898267
10.795918367346939 0.24771210987089542
10.891956782713086 0.24775790505002734
10.987995198079233 0.24780499558816346
11.084033613445378 0.24785340774648207
11.180072028811525 0.24790314428562
11.276110444177672 0.24795410635198462
11.372148859543818 0.2480060798325452
11.468187274909964 0.24805892583397157
11.56422569027611 0.24811278672958945
11.660264105642257 0.24816801364686858
11.756302521008404 0.24822479331945482
11.852340936374551 0.24828304852283564
11.948379351740696 0.2483425987737536
12.044417767106843 0.24840334294831387
12.14045618247299 0.2484652580553098
12.236494597839137 0.2485283461493733
12.332533013205282 0.24859261841076447
12.428571428571429 0.24865809096568667
12.524609843937576 0.24872477989929673
12.620648259303723 0.24879269362749915
12.716686674669868 0.24886179589343227
12.812725090036015 0.24893199651214362
12.908763505402161 0.24900323795556986
13.004801920768308 0.24907560395660575
13.100840336134453 0.24914928635635494
13.1968787515006 0.24922437092124414
13.292917166866747 0.24930076884396332
13.388955582232894 0.24937832903191998
13.484993997599041 0.24945698618209844
13.581032412965186 0.24953676516875592
13.677070828331333 0.24961774842068005
13.77310924369748 0.24970006228190317
13.869147659063627 0.2497837778994149
13.965186074429772 0.2498687739587989
14.061224489795919 0.24995476916643555
14.157262905162066 0.2500415781320985
14.253301320528212 0.25012920600495697
14.349339735894358 0.250217828086808
14.445378151260504 0.25030775985984977
14.541416566626651 0.2503993979789927
14.637454981992798 0.25049285961566825
14.733493397358943 0.2505878460768336
14.82953181272509 0.2506839381726556
14.925570228091237 0.25078104900906284
15.021608643457384 0.250879413387089
15.11764705882353 0.2509792566209124
15.213685474189676 0.25108065828626597
15.309723889555823 0.2511835987987447
15.40576230492197 0.2512880351640237
15.501800720288117 0.2513939014196785
15.597839135654262 0.25150106285689905
15.693877551020408 0.2516092971684785
15.789915966386555 0.2517183833817742
15.885954381752702 0.25182825265518133
15.981992797118847 0.25193899378439155
16.078031212484994 0.2520507832298698
16.17406962785114 0.2521638520302544
16.270108043217288 0.25227839907166866
16.366146458583433 0.2523944368023451
16.46218487394958 0.2525117984159438
16.558223289315727 0.2526303259910091
16.654261704681872 0.25274996140858014
16.75030012004802 0.25287071910501885
16.846338535414166 0.2529926337559987
16.942376950780314 0.2531157421829423
17.03841536614646 0.25323997710015667
17.134453781512605 0.25336511387150334
17.230492196878753 0.2534909059935
17.3265306122449 0.2536173537070682
17.422569027611043 0.25374470533033255
17.518607442977192 0.2538731787251259
17.614645858343337 0.2540028118411658
17.710684273709486 0.25413350612619967
17.80672268907563 0.2542651200451913
17.902761104441776 0.2543974857961886
17.998799519807925 0.2545304590285188
18.09483793517407 0.2546639470839085
18.19087635054022 0.2547979280812414
18.286914765906364 0.2549324919846472
18.38295318127251 0.2550678339397819
18.478991596638657 0.2552041267854355
18.575030012004802 0.25534144512031703
18.671068427370948 0.25547976055679494
18.767106842737096 0.25561893323117557
18.86314525810324 0.2557587255294947
18.95918367346939 0.25589896975097853
19.055222088835535 0.2560396729487982
19.15126050420168 0.2561809504678798
19.24729891956783 0.25632285968526175
19.343337334933974 0.2564653770377613
19.439375750300123 0.25660842137324447
19.535414165666268 0.25675186939712796
19.631452581032413 0.25689559720673205
19.72749099639856 0.25703958652009906
19.823529411764707 0.257183935193967
19.91956782713085 0.25732877471244836
20.015606242497 0.25747421304018514
20.111644657863145 0.2576203195502652
20.207683073229294 0.2577670872474318
20.30372148859544 0.25791442888158217
20.399759903961584 0.2580622119726015
20.495798319327733 0.25821028433243093
20.591836734693878 0.25835851755754285
20.687875150060023 0.2585069301521481
20.78391356542617 0.258655700048398
20.879951980792317 0.2588050228867628
20.975990396158466 0.25895500362163265
21.07202881152461 0.2591056714035041
21.168067226890756 0.2592570332209169
21.264105642256904 0.25940908616445857
21.36014405762305 0.25956185184841307
21.456182472989198 0.25971540406933774
21.552220888355343 0.25986981947501736
21.64825930372149 0.26002501692615787
21.744297719087637 0.26018073399808384
21.840336134453782 0.2603366784251089
21.936374549819927 0.26049265598943827
22.032412965186076 0.26064858158491544
22.12845138055222 0.2608045027918471
22.22448979591837 0.2609605986126566
22.320528211284515 0.2611170601223347
22.41656662665066 0.2612739845934257
22.51260504201681 0.26143138331891963
22.608643457382954 0.2615892230846634
22.704681872749102 0.261747437978686
22.800720288115247 0.2619059814175284
22.896758703481392 0.2620648746288008
22.99279711884754 0.26222416395008175
23.088835534213686 0.26238375178253626
23.18487394957983 0.262543367164724
23.28091236494598 0.2627028040880801
23.376950780312125 0.2628621547579399
23.472989195678274 0.263021741526691
23.56902761104442 0.26318180375190914
23.665066026410564 0.26334242116595874
23.761104441776713 0.26350356198442854
23.857142857142858 0.2636651323672814
23.953181272509003 0.263827007108979
24.04921968787515 0.2639891505325809
24.145258103241297 0.26415164380117107
24.241296518607445 0.2643145563036217
24.33733493397359 0.2644778067735452
24.433373349339735 0.264641209059713
24.529411764705884 0.26480470925168287
24.62545018007203 0.2649684465789728
24.721488595438178 0.2651325843054925
24.817527010804323 0.2652971179099868
24.913565426170468 0.26546190532840364
25.009603841536617 0.2656268606175909
25.10564225690276 0.2657920088080042
25.201680672268907 0.2659573986250942
25.297719087635056 0.2661229984759199
25.3937575030012 0.26628871500320844
25.48979591836735 0.2664545173727302
25.585834333733494 0.26662047516777865
25.68187274909964 0.2667867158012265
25.777911164465788 0.26695337116417317
25.873949579831933 0.2671205474209977
25.969987995198082 0.26728818208326877
26.066026410564227 0.26745600164930033
26.162064825930372 0.2676237303132244
26.25810324129652 0.2677913645341356
26.354141656662666 0.2679591345176607
26.45018007202881 0.2681271799237656
26.54621848739496 0.2682954396294789
26.642256902761105 0.26846381097608346
26.738295318127253 0.2686323700902355
26.8343337334934 0.26880133946728285
26.930372148859544 0.2689707966798891
27.026410564225692 0.2691405705521021
27.122448979591837 0.26931045221179273
27.218487394957986 0.269480502025002
27.31452581032413 0.269651019167723
27.410564225690276 0.2698221940485137
27.506602641056425 0.26999397458565766
27.60264105642257 0.2701661954947878
27.698679471788715 0.2703387763549177
27.794717887154864 0.2705117239161437
27.89075630252101 0.27068503478521866
27.986794717887157 0.27085865576442886
28.082833133253303 0.2710325160759311
28.178871548619448 0.2712065793464154
28.274909963985596 0.271380844408721
28.37094837935174 0.27155531728176696
28.466986794717887 0.27172999910763007
28.563025210084035 0.2719048953853358
28.65906362545018 0.272080031654198
28.75510204081633 0.27225545240461135
28.851140456182474 0.2724312011855547
28.94717887154862 0.2726073112451925
29.043217286914768 0.2727837845614677
29.139255702280913 0.2729605546760223
29.23529411764706 0.2731374965523478
29.331332533013207 0.2733145374661615
29.42737094837935 0.2734917101721739
29.5234093637455 0.2736691031893034
29.619447779111646 0.2738467670268816
29.71548619447779 0.27402470262177214
29.81152460984394 0.2742028508297388
29.907563025210084 0.27438108750227563
30.003601440576233 0.2745592834215392
30.099639855942378 0.27473742251343186
30.195678271308523 0.2749156029887173
30.291716686674672 0.27509392036883873
30.387755102040817 0.2752724049084583
30.483793517406966 0.27545104213666494
30.57983193277311 0.27562981680629256
30.675870348139256 0.2758087178442921
30.771908763505404 0.27598773334037935
30.86794717887155 0.27616684779993217
30.963985594237695 0.27634605780005567
31.060024009603843 0.2765254062869729
31.15606242496999 0.2767049793178108
31.252100840336137 0.27688482450405644
31.348139255702282 0.277064902740949
31.444177671068427 0.27724513209198576
31.540216086434576 0.2774254905494647
31.63625450180072 0.2776060220898974
31.732292917166866 0.2777867428237064
31.828331332533015 0.2779675825035077
31.92436974789916 0.2781484304883818
32.02040816326531 0.278329249800285
32.116446578631454 0.27851008499097757
32.2124849939976 0.2786909524548097
32.308523409363744 0.27887176855671386
32.404561824729896 0.2790524325425692
32.50060024009604 0.27923304259104814
32.596638655462186 0.27941390189274395
32.69267707082833 0.2795951576174931
32.78871548619448 0.2797765518309788
32.88475390156063 0.2799576137426225
32.98079231692677 0.28013819448868527
33.07683073229292 0.28031853467810486
33.172869147659064 0.28049895637342914
33.26890756302521 0.28067963953515546
33.36494597839136 0.2808606134287951
33.460984393757506 0.28104174676461163
33.55702280912365 0.2812227616875685
33.6530612244898 0.28140346835137947
33.74909963985594 0.2815839438305282
33.84513805522209 0.2817644402867164
33.94117647058824 0.28194509325427836
34.037214885954384 0.28212587414349727
34.13325330132053 0.28230670991353146
34.229291716686674 0.2824875789780449
34.32533013205282 0.2826685062481628
34.42136854741897 0.28284953855834655
34.51740696278512 0.2830307374552486
34.61344537815126 0.28321213908125936
34.70948379351741 0.28339372038667826
34.80552220888355 0.2835753969656902
34.901560624249704 0.2837570195106155
34.99759903961585 0.2839383804928059
35.093637454981994 0.28411935350038703
35.18967587034814 0.28430001650542924
35.285714285714285 0.2844805763356047
35.38175270108044 0.2846610831769953
35.47779111644658 0.28484137667468673
35.57382953181273 0.28502128785492703
35.66986794717887 0.28520082674201847
35.76590636254502 0.28538013383841593
35.86194477791116 0.2855592693660465
35.957983193277315 0.285738168144896
36.05402160864346 0.2859167440265007
36.150060024009605 0.28609499181267334
36.24609843937575 0.28627296818938436
36.342136854741895 0.28645069830368897
36.43817527010805 0.28662815447255147
36.53421368547419 0.28680530643258906
36.63025210084034 0.2869821728475678
36.72629051620648 0.287158828053804
36.82232893157263 0.2873354204782983
36.91836734693878 0.28751217195639245
37.014405762304925 0.2876892297327746
37.11044417767107 0.2878665071311017
37.206482593037215 0.2880437366222639
37.30252100840336 0.2882207435402326
37.39855942376951 0.2883975196668905
37.49459783913566 0.2885741336486377
37.5906362545018 0.28875062966940773
37.68667466986795 0.2889270250349422
37.78271308523409 0.2891033245983106
37.878751500600245 0.28927952441486043
37.97478991596639 0.28945559250550534
38.070828331332535 0.28963144601170715
38.16686674669868 0.28980697842906783
38.262905162064826 0.28998220300119776
38.35894357743097 0.29015729360666764
38.45498199279712 0.2903324393894803
38.55102040816327 0.2905076633122059
38.64705882352941 0.2906828315286543
38.74309723889556 0.2908577645205382
38.8391356542617 0.2910322760178374
38.935174069627855 0.29120626016531187
39.031212484994 0.29137980575698047
39.127250900360146 0.29155315322812053
39.22328931572629 0.29172640832399865
39.319327731092436 0.2918994458560913
39.41536614645859 0.2920720844619574
39.51140456182473 0.2922443276001451
39.60744297719088 0.2924163526017783
39.70348139255702 0.2925883397488794
39.79951980792317 0.2927604086603637
39.89555822328932 0.29293259143416467
39.991596638655466 0.2931047939445318
40.08763505402161 0.2932768262545537
40.183673469387756 0.2934486145738231
40.2797118847539 0.29362028107915766
40.375750300120046 0.2937919812974417
40.4717887154862 0.29396365617467557
40.56782713085234 0.2941350542496864
40.66386554621849 0.2943060209484495
40.759903961584634 0.29447661582397844
40.85594237695078 0.2946469973720994
40.95198079231693 0.2948172379237617
41.048019207683076 0.2949873194200712
41.14405762304922 0.2951572221931223
41.240096038415366 0.2953269632258677
41.33613445378151 0.2954965786376582
41.432172869147664 0.2956660939058491
41.52821128451381 0.29583552090335413
41.624249699879954 0.29600485720283737
41.7202881152461 0.2961740860390755
41.816326530612244 0.29634320199527214
41.912364945978396 0.29651225651771956
42.00840336134454 0.2966813481385926
42.104441776710686 0.2968505060984099
42.20048019207683 0.29701963491431793
42.29651860744298 0.297188584763887
42.39255702280912 0.29735728351176005
42.488595438175274 0.2975257446244051
42.58463385354142 0.2976940108427301
42.680672268907564 0.29786212556805813
42.77671068427371 0.29803012627594294
42.872749099639854 0.29819803202479767
42.96878751500601 0.29836584505449104
43.06482593037215 0.2985335787212319
43.1608643457383 0.29870127233765414
43.25690276110444 0.2988689771445001
43.35294117647059 0.29903672698147893
43.44897959183674 0.29920453230972116
43.545018007202884 0.2993723576596759
43.64105642256903 0.29954010922080304
43.737094837935174 0.2997076916953252
43.83313325330132 0.29987513255554726
43.92917166866747 0.300042578584153
44.02521008403362 0.300210089408648
44.12124849939976 0.3003775157526838
44.21728691476591 0.30054461534966215
44.31332533013205 0.30071132314790366
44.409363745498204 0.300877771849664
44.50540216086435 0.301044098949649
44.601440576230495 0.30121032679687265
44.69747899159664 0.30137641928354136
44.793517406962785 0.3015424237368061
44.88955582232893 0.3017084776587265
44.98559423769508 0.3018746380566241
45.08163265306123 0.3020407699013029
45.17767106842737 0.30220664157824445
45.27370948379352 0.30237217412270545
45.36974789915966 0.3025374680039094
45.465786314525815 0.30270264278630393
45.56182472989196 0.3028677268264881
45.657863145258105 0.30303268533724603
45.75390156062425 0.3031975021372016
45.849939975990395 0.30336219187770525
45.94597839135655 0.30352678033274033
46.04201680672269 0.30369129013653073
46.13805522208884 0.3038557345685289
46.23409363745498 0.3040201007595299
46.33013205282113 0.3041843490368652
46.42617046818728 0.30434844727144245
46.522208883553425 0.3045123969783809
46.61824729891957 0.30467620985030436
46.714285714285715 0.30483983509089024
46.81032412965186 0.30500315267824696
46.906362545018006 0.3051660831341312
47.00240096038416 0.3053286752118991
47.0984393757503 0.30549106647838203
47.19447779111645 0.305653349825403
47.29051620648259 0.30581555020034473
47.38655462184874 0.30597768048678814
47.48259303721489 0.3061397883968117
47.578631452581035 0.30630192351672936
47.67466986794718 0.3064640215044912
47.770708283313326 0.30662588850697553
47.86674669867947 0.30678736488839825
47.96278511404562 0.3069484695857145
48.05882352941177 0.30710934588685884
48.15486194477791 0.3072700504711383
48.25090036014406 0.30743051254631737
48.3469387755102 0.3075906569718997
48.442977190876356 0.3077505182815354
48.5390156062425 0.30791021358897813
48.635054021608646 0.3080698241352529
48.73109243697479 0.30822936930216543
48.827130852340936 0.3083888486466377
48.92316926770709 0.30854828278721924
49.01920768307323 0.30870770495551314
49.11524609843938 0.3088671205693948
49.21128451380552 0.3090264983095733
49.30732292917167 0.3091857979923185
49.403361344537814 0.3093449990462648
49.499399759903966 0.309504092963966
49.59543817527011 0.309663046021113
49.691476590636256 0.3098217925415375
49.7875150060024 0.3099803161901024
49.883553421368546 0.3101387372028635
49.9795918367347 0.31029726046945044
50.075630252100844 0.3104559244769661
50.17166866746699 0.31061453800343675
50.267707082833134 0.3107728761675154
50.36374549819928 0.31093090141697227
50.45978391356543 0.3110887386740303
50.555822328931576 0.3112465016657606
50.65186074429772 0.3114042419202721
50.747899159663866 0.31156195554096733
50.84393757503001 0.31171959124834175
50.939975990396164 0.31187706430775475
51.03601440576231 0.3120343239616898
51.132052821128454 0.31219137368814065
51.2280912364946 0.3123482432761914
51.324129651860744 0.3125049540744358
51.42016806722689 0.31266151792420194
51.51620648259304 0.31281794304068605
51.61224489795919 0.31297423580665945
51.70828331332533 0.3131303952062163
51.80432172869148 0.31328640555098536
51.90036014405762 0.3134422386844119
51.996398559423774 0.31359786914201015
52.09243697478992 0.3137532796024762
52.188475390156064 0.31390846839238895
52.28451380552221 0.3140634597794436
52.380552220888354 0.31421829877770613
52.47659063625451 0.31437301576162135
52.57262905162065 0.3145276133795935
52.6686674669868 0.31468206341697985
52.76470588235294 0.31483630231220555
52.86074429771909 0.314990244112784
52.95678271308524 0.3151438643582686
53.052821128451384 0.31529723124475906
53.14885954381753 0.3154504241155198
53.244897959183675 0.31560340964070893
53.34093637454982 0.3157560541879489
53.43697478991597 0.3159082760080531
53.53301320528212 0.31606010699170295
53.62905162064826 0.3162116526194885
53.72509003601441 0.31636302769654884
53.82112845138055 0.31651434268873246
53.9171668667467 0.3166656476071582
54.01320528211285 0.316816908159205
54.109243697478995 0.3169680382131297
54.20528211284514 0.31711895449664895
54.301320528211285 0.3172695891788327
54.39735894357743 0.31741994514878713
54.49339735894358 0.3175701204503586
54.58943577430973 0.31772023946106315
54.68547418967587 0.31787033108689766
54.78151260504202 0.3180203277812803
54.87755102040816 0.31817015774873536
54.973589435774315 0.31831978901389485
55.06962785114046 0.31846920991504424
55.165666266506605 0.3186183923027683
55.26170468187275 0.3187672935898498
55.357743097238895 0.31891590837483547
55.45378151260505 0.31906429428783034
55.54981992797119 0.31921253755974216
55.64585834333734 0.3193606852033286
55.74189675870348 0.3195087413015122
55.83793517406963 0.31965670491257536
55.93397358943577 0.319804590105363
56.030012004801925 0.3199524040274626
56.12605042016807 0.32010010130922273
56.222088835534215 0.3202475900231484
56.31812725090036 0.3203948439797914
56.414165666266506 0.3205419652689577
56.51020408163266 0.3206891037921548
56.6062424969988 0.3208362808819604
56.70228091236495 0.3209833794358726
56.79831932773109 0.3211302818090831
56.89435774309724 0.32127695102529247
56.99039615846339 0.3214234031773545
57.086434573829536 0.32156964174955155
57.18247298919568 0.3217156521985909
57.278511404561826 0.32186144319711363
57.37454981992797 0.3220070721071298
57.47058823529412 0.3221526064216147
57.56662665066027 0.32229802969793886
57.66266506602641 0.3224432393110273
57.75870348139256 0.3225881848191706
57.8547418967587 0.32273295804992147
57.950780312124856 0.3228777041355708
58.046818727491 0.323022390777248
58.142857142857146 0.3231667929029607
58.23889555822329 0.3233107581757188
58.334933973589436 0.3234543889847799
58.43097238895558 0.3235979428249238
58.52701080432173 0.3237415545077358
58.62304921968788 0.32388519888504075
58.719087635054024 0.3240288135454075
58.81512605042017 0.32417238725031255
58.911164465786314 0.3243159370673122
59.007202881152466 0.3244594378227116
59.10324129651861 0.3246028145226717
59.199279711884756 0.3247460137709624
59.2953181272509 0.3248890578687314
59.391356542617046 0.3250320076251356
59.4873949579832 0.32517484665292057
59.583433373349344 0.3253174663083985
59.67947178871549 0.3254597696733546
59.775510204081634 0.3256017543444547
59.87154861944778 0.3257434875323736
59.96758703481393 0.3258850196714718
60.063625450180076 0.32602636954569836
60.15966386554622 0.32616756209740544
60.25570228091237 0.32630866005181164
60.35174069627851 0.3264497332844737
60.44777911164466 0.32659075282087263
60.54381752701081 0.3267315762767672
60.639855942376954 0.3268720896044038
60.7358943577431 0.327012331657896
60.831932773109244 0.3271524550028225
60.92797118847539 0.32729257163421266
61.02400960384154 0.3274327189059017
61.12004801920769 0.3275728624690555
61.21608643457383 0.32771289897948314
61.31212484993998 0.32785268325639877
61.40816326530612 0.3279921299140092
61.504201680672274 0.3281312363781549
61.60024009603842 0.3282700642380779
61.696278511404564 0.32840872116750564
61.79231692677071 0.3285473342441049
61.888355342136855 0.32868594692176745
61.98439375750301 0.3288244971993682
62.08043217286915 0.328962907541402
62.1764705882353 0.32910117644826664
62.27250900360144 0.3292393628337481
62.36854741896759 0.3293775029797303
62.46458583433373 0.3295155896620377
62.560624249699885 0.3296535966671041
62.65666266506603 0.3297915050165443
62.752701080432175 0.3299292995148198
62.84873949579832 0.3300669476985845
62.944777911164465 0.3302043951381783
63.04081632653062 0.33034159858532264
63.13685474189676 0.3304785632131747
63.23289315726291 0.33061533750016003
63.32893157262905 0.3307519797242192
63.4249699879952 0.33088854727425
63.52100840336135 0.3310250697765366
63.617046818727495 0.3311615173856523
63.71308523409364 0.33129781890324816
63.809123649459785 0.3314339612168865
63.90516206482593 0.3315700180031959
64.00120048019208 0.3317060718746423
64.09723889555823 0.3318421178395607
64.19327731092437 0.33197807669355944
64.28931572629051 0.3321138975215941
64.38535414165666 0.3322495906218699
64.48139255702282 0.3323851981770576
64.57743097238895 0.33252075601250725
64.6734693877551 0.33265628767972294
64.76950780312126 0.3327917857803305
64.8655462184874 0.3329272062406198
64.96158463385353 0.3330625021195549
65.05762304921969 0.33319766990084826
65.15366146458584 0.3333327460298304
65.24969987995199 0.33346776650183846
65.34573829531813 0.3336027519335825
65.44177671068428 0.3337377016394973
65.53781512605042 0.33387258514895946
65.63385354141657 0.33400735071048093
65.72989195678272 0.3341419828437914
65.82593037214886 0.3342765236150143
65.92196878751501 0.33441101605673934
66.01800720288115 0.33454541850671793
66.1140456182473 0.33467961765729437
66.21008403361344 0.3348135630497568
66.3061224489796 0.3349473208457507
66.40216086434575 0.3350809990465072
66.49819927971188 0.3352146282600835
66.59423769507804 0.3353481598209338
66.69027611044417 0.3354815278073501
66.78631452581033 0.33561467592729793
66.88235294117648 0.3357475717631312
66.97839135654262 0.3358802304169298
67.07442977190877 0.3360127111417137
67.1704681872749 0.3361450749826724
67.26650660264106 0.33627736530059155
67.36254501800721 0.3364095862189609
67.45858343337335 0.3365416648768707
67.5546218487395 0.33667346377751606
67.65066026410564 0.33680491012225816
67.74669867947179 0.336936057098853
67.84273709483794 0.3370670210192444
67.93877551020408 0.33719786408328717
68.03481392557023 0.33732858850664144
68.13085234093637 0.33745919476639263
68.22689075630252 0.3375897107700721
68.32292917166868 0.33772016938889954
68.41896758703481 0.3378505641884559
68.51500600240097 0.33798084977919407
68.6110444177671 0.3381109913494408
68.70708283313326 0.3382409907860121
68.80312124849941 0.33837086133639577
68.89915966386555 0.33850057503897374
68.9951980792317 0.33863006455358197
69.09123649459784 0.33875930317995956
69.18727490996399 0.3388883493321245
69.28331332533014 0.33901730196582525
69.37935174069628 0.33914620297906983
69.47539015606243 0.3392750304771948
69.57142857142857 0.3394037609532054
69.66746698679472 0.3395324057676303
69.76350540216087 0.33966099442677833
69.85954381752701 0.3397895353340987
69.95558223289316 0.339918011893741
70.0516206482593 0.34004639969419437
70.14765906362545 0.34017467717205774
70.2436974789916 0.3403028379013814
70.33973589435774 0.34043091977748496
70.4357743097239 0.34055900286457436
70.53181272509003 0.3406871332932575
70.62785114045619 0.3408152738321122
70.72388955582232 0.3409433344180785
70.81992797118848 0.34107125189207066
70.91596638655463 0.34119900200205483
71.01200480192077 0.34132659334108395
71.10804321728692 0.34145406317740684
71.20408163265306 0.3415814578629839
71.30012004801921 0.3417087805203196
71.39615846338536 0.3418359871563759
71.4921968787515 0.34196305169258345
71.58823529411765 0.3420900126850628
71.68427370948379 0.3422169524354859
71.78031212484994 0.34234393490033904
71.8763505402161 0.3424709918483503
71.97238895558223 0.3425980804110466
72.06842737094838 0.34272505104814993
72.16446578631452 0.3428517114176576
72.26050420168067 0.3429780198021899
72.35654261704683 0.3431041105020951
72.45258103241297 0.3432301263302814
72.54861944777912 0.34335608567568177
72.64465786314526 0.3434819143049207
72.74069627851141 0.3436075575760681
72.83673469387756 0.3437330011351647
72.9327731092437 0.343858246746865
73.02881152460985 0.3439832921422284
73.12484993997599 0.3441081312417655
73.22088835534214 0.3442327569634619
73.31692677070829 0.3443571626304845
73.41296518607443 0.34448135702294747
73.50900360144058 0.34460537756368526
73.60504201680672 0.3447292763430188
73.70108043217287 0.3448530691274836
73.79711884753902 0.34497672618014946
73.89315726290516 0.3451002139808177
73.98919567827132 0.3452235336141883
74.08523409363745 0.3453467087311067
74.1812725090036 0.345469735156235
74.27731092436976 0.34559257146488376
74.3733493397359 0.345715190146368
74.46938775510205 0.34583762705228005
74.56542617046819 0.3459599600023305
74.66146458583434 0.3460822160844261
74.75750300120049 0.34620435044422676
74.85354141656663 0.34632628725528286
74.94957983193278 0.3464479613088429
75.04561824729892 0.34656933075066465
75.14165666266507 0.34669042257009136
75.23769507803121 0.3468113417819121
75.33373349339736 0.34693220020463467
75.42977190876351 0.3470530405231333
75.52581032412965 0.34717384427717846
75.6218487394958 0.3472945837398002
75.71788715486194 0.34741523684188363
75.8139255702281 0.34753580343811374
75.90996398559425 0.3476563235208925
76.00600240096038 0.34777686294267324
76.10204081632654 0.3478974419203497
76.19807923169267 0.3480180154456992
76.29411764705883 0.34813851606043206
76.39015606242498 0.348258904184216
76.48619447779112 0.34837916852065204
76.58223289315727 0.3484993137030921
76.6782713085234 0.34861935577843733
76.77430972388956 0.34873929784572866
76.87034813925571 0.34885909995159375
76.96638655462185 0.34897869524499203
77.062424969988 0.3490980846943667
77.15846338535414 0.349217365636027
77.25450180072029 0.3493366357276733
77.35054021608644 0.34945586820433944
77.44657863145258 0.34957493630716396
77.54261704681873 0.3496937958054845
77.63865546218487 0.34981254570541404
77.73469387755102 0.3499313224129889
77.83073229291718 0.35005015521756533
77.92677070828331 0.35016897427023996
78.02280912364947 0.3502877191235565
78.1188475390156 0.35040637808421055
78.21488595438176 0.3505249741831593
78.31092436974791 0.3506435449582536
78.40696278511405 0.3507621338705181
78.5030012004802 0.3508807463954459
78.59903961584634 0.3509993337627069
78.69507803121249 0.35111783103631905
78.79111644657864 0.35123621459303356
78.88715486194478 0.35135449880857134
78.98319327731093 0.3514726824299272
79.07923169267707 0.35159072716584644
79.17527010804322 0.3517085840428479
79.27130852340936 0.35182623529862145
79.36734693877551 0.3519436950675554
79.46338535414166 0.35206098796326113
79.5594237695078 0.3521781399154125
79.65546218487395 0.3522951798446732
79.75150060024009 0.352412142513116
79.84753901560624 0.35252906515115195
79.9435774309724 0.35264596023515715
80.03961584633853 0.3527628035530357
80.13565426170469 0.3528795677799082
80.23169267707082 0.35299628150064366
80.32773109243698 0.35311302107400006
80.42376950780313 0.353229798415134
80.51980792316927 0.35334650824272906
80.61584633853542 0.3534630067421546
80.71188475390156 0.35357925747106667
80.80792316926771 0.35369533442918155
80.90396158463386 0.3538113144784289
81.0 0.3539272234750501
81.09603841536615 0.3540430565160063
81.19207683073229 0.35415881811820094
81.28811524609844 0.3542745232466944
81.3841536614646 0.35439016496957093
81.48019207683073 0.354505697500802
81.57623049219688 0.3546210595950929
81.67226890756302 0.3547362227895955
81.76830732292918 0.35485119489193656
81.86434573829533 0.3549659966375262
81.96038415366147 0.35508064863571237
82.05642256902762 0.35519516029004333
82.15246098439376 0.3553095062006142
82.24849939975991 0.3554236286922248
82.34453781512606 0.3555374952680834
82.4405762304922 0.35565113219427796
82.53661464585835 0.35576460447628194
82.63265306122449 0.35587796930964233
82.72869147659064 0.3559912678144239
82.82472989195679 0.35610450511475095
82.92076830732293 0.3562176381335187
83.01680672268908 0.3563306006040244
83.11284513805522 0.3564433635223574
83.20888355342137 0.3565559419139551
83.30492196878753 0.3566683699351576
83.40096038415366 0.3567806847065429
83.49699879951982 0.35689291377816384
83.59303721488595 0.3570050441049521
83.6890756302521 0.35711702207999063
83.78511404561824 0.35722881477090657
83.8811524609844 0.3573404516069266
83.97719087635055 0.35745199319620236
84.07322929171669 0.3575634458521457
84.16926770708284 0.35767475224788003
84.26530612244898 0.35778585598058854
84.36134453781513 0.35789674781801345
84.45738295318128 0.358007456289785
84.55342136854742 0.35811801826615586
84.64945978391357 0.35822847314704415
84.74549819927971 0.3583388532414727
84.84153661464586 0.35844917652038627
84.93757503001201 0.35855944383125704
85.03361344537815 0.3586696311478287
85.1296518607443 0.35877969073350763
85.22569027611044 0.35888959186304126
85.3217286914766 0.3589993530357781
85.41776710684275 0.3591090226206767
85.51380552220888 0.3592186150889927
85.60984393757504 0.35932810015796174
85.70588235294117 0.3594374310925024
85.80192076830733 0.3595465682309647
85.89795918367348 0.35965548813025333
85.99399759903962 0.3597642116149828
86.09003601440577 0.3598728066231414
86.1860744297719 0.35998133344818956
86.28211284513806 0.3600897969232666
86.37815126050421 0.36019816068097815
86.47418967587035 0.36030640308660206
86.5702280912365 0.3604145287519619
86.66626650660264 0.3605225527506643
86.76230492196879 0.3606304861400949
86.85834333733494 0.3607383388263214
86.95438175270108 0.36084613223250533
87.05042016806723 0.3609539001867552
87.14645858343337 0.36106164447789674
87.24249699879952 0.3611692920353197
87.33853541416568 0.36127672003192096
87.43457382953181 0.36138386176541737
87.53061224489797 0.3614907309427809
87.6266506602641 0.3615973788458003
87.72268907563026 0.36170385098510827
87.81872749099641 0.3618101819138178
87.91476590636255 0.36191638163852896
88.0108043217287 0.36202243348075414
88.10684273709484 0.3621283304352273
88.20288115246099 0.3622341138134932
88.29891956782713 0.36233985735353014
88.39495798319328 0.362445588784596
88.49099639855943 0.36255126980093055
88.58703481392557 0.36265684193404807
88.68307322929172 0.36276227776739045
88.77911164465786 0.3628675775562303
88.87515006002401 0.3629727408144507
88.97118847539016 0.3630777583517085
89.0672268907563 0.36318262241771243
89.16326530612245 0.36328733859968554
89.25930372148859 0.36339192615319843
89.35534213685474 0.36349641625649964
89.4513805522209 0.3636008505990223
89.54741896758703 0.3637052510329945
89.64345738295319 0.36380958218710263
89.73949579831933 0.3639137645873148
89.83553421368548 0.3640177554821723
89.93157262905163 0.36412157408953033
90.02761104441777 0.36422525838642666
90.12364945978392 0.3643288091534559
90.21968787515006 0.36443219190886256
90.31572629051621 0.3645353683200987
90.41176470588236 0.36463830708063877
90.5078031212485 0.36474098632567536
90.60384153661465 0.36484339690229134
90.69987995198079 0.3649455450395681
90.79591836734694 0.36504746661327303
90.8919567827131 0.365149231785582
90.98799519807923 0.36525091765555723
91.08403361344538 0.3653525691454012
91.18007202881152 0.36545419848342703
91.27611044417768 0.36555580078613975
91.37214885954383 0.365657360018363
91.46818727490997 0.3657588478897053
91.56422569027612 0.3658602221812023
91.66026410564226 0.3659614333777379
91.75630252100841 0.3660624693899962
91.85234093637456 0.366163372985994
91.9483793517407 0.3662641967527026
92.04441776710685 0.36636493183080054
92.14045618247299 0.3664655134632841
92.23649459783914 0.36656590411779755
92.33253301320529 0.3666661285884247
92.42857142857143 0.3667662408434031
92.52460984393758 0.3668662686812768
92.62064825930372 0.3669662114956448
92.71668667466987 0.3670660626005993
92.81272509003601 0.36716581924678277
92.90876350540216 0.3672654785023712
93.00480192076832 0.36736502996401527
93.10084033613445 0.36746445608238865
93.1968787515006 0.36756374057172475
93.29291716686674 0.367662872423961
93.3889555822329 0.367761847657876
93.48499399759905 0.36786067249072524
93.58103241296519 0.3679593611564361
93.67707082833134 0.36805791465278004
93.77310924369748 0.3681563102301389
93.86914765906363 0.36825451723835173
93.96518607442978 0.36835252799570284
94.06122448979592 0.3684503603492601
94.15726290516207 0.3685480488395813
94.25330132052821 0.3686456399893974
94.34933973589436 0.36874318388731253
94.44537815126051 0.36884071709181954
94.54141656662665 0.36893825803995334
94.6374549819928 0.36903578318602187
94.73349339735894 0.3691332139541154
94.8295318127251 0.3692304537562731
94.92557022809125 0.36932746792295906
95.02160864345738 0.369424288617303
95.11764705882354 0.3695209590475029
95.21368547418967 0.36961750091758183
95.30972388955583 0.3697139211797495
95.40576230492198 0.36981022827710164
95.50180072028812 0.3699064326664707
95.59783913565427 0.3700025281516858
95.6938775510204 0.3700984805030564
95.78991596638656 0.3701942546360882
95.88595438175271 0.3702898799856389
95.98199279711885 0.37038545136676254
96.078031212485 0.37048102734653404
96.17406962785114 0.3705765646818805
96.27010804321729 0.37067196358528587
96.36614645858344 0.37076718470761627
96.46218487394958 0.37086226220416013
96.55822328931573 0.3709572399236896
96.65426170468187 0.3710521280705466
96.75030012004802 0.371146910863706
96.84633853541418 0.3712415691485835
96.94237695078031 0.3713360849838658
97.03841536614647 0.3714304532525788
97.1344537815126 0.3715246899432163
97.23049219687876 0.37161882121996576
97.3265306122449 0.371712852186431
97.42256902761105 0.3718067629558637
97.5186074429772 0.3719005306330392
97.61464585834334 0.37199414581611895
97.71068427370949 0.37208761657024514
97.80672268907563 0.3721809790204936
97.90276110444178 0.37227429611968055
97.99879951980793 0.37236760800172464
98.09483793517407 0.3724608928308152
98.19087635054022 0.3725540859400445
98.28691476590636 0.37264714327426846
98.38295318127251 0.3727400528373131
98.47899159663866 0.37283281838538335
98.5750300120048 0.3729254459153726
98.67106842737095 0.373017939547439
98.76710684273709 0.3731102892173884
98.86314525810324 0.3732024690959613
98.9591836734694 0.3732944552416229
99.05522208883554 0.3733862409676802
99.15126050420169 0.3734778416395585
99.24729891956783 0.37356930968096547
99.34333733493398 0.3736607340999948
99.43937575030013 0.37375216621277096
99.53541416566627 0.3738435517255638
99.63145258103242 0.3739347691012354
99.72749099639856 0.3740257813345069
99.82352941176471 0.37411666593492987
99.91956782713086 0.3742075024545345
100.015606242497 0.37429826446634784
100.11164465786315 0.3743888482756564
100.20768307322929 0.3744792029094073
100.30372148859544 0.37456936000967594
100.3997599039616 0.3746593863572762
100.49579831932773 0.37474933597887916
100.59183673469389 0.3748392425803276
100.68787515006002 0.3749290969155629
100.78391356542618 0.3750188430186944
100.87995198079233 0.37510843252619286
100.97599039615847 0.3751978822335162
101.07202881152462 0.3752872561959055
101.16806722689076 0.37537657477088154
101.26410564225691 0.37546579175792627
101.36014405762306 0.3755548547498209
101.4561824729892 0.3756437723000112
101.55222088835535 0.37573260326651015
101.64825930372149 0.3758213907964202
101.74429771908764 0.3759101433468163
101.84033613445378 0.37599884132992867
101.93637454981993 0.37608744488667645
102.03241296518608 0.3761759011641431
102.12845138055222 0.37626417801508505
102.22448979591837 0.37635227385717057
102.32052821128451 0.3764402002986548
102.41656662665066 0.37652796079515627
102.51260504201682 0.3766155559019149
102.60864345738295 0.37670301748873786
102.7046818727491 0.37679041830773063
102.80072028811524 0.37687781234246726
102.8967587034814 0.376965157830999
102.99279711884755 0.37705233451165954
103.08883553421369 0.3771392671372204
103.18487394957984 0.3772259669668206
103.28091236494598 0.377312491948634
103.37695078031213 0.37739889266828935
103.47298919567828 0.377485208979828
103.56902761104442 0.3775714728277886
103.66506602641057 0.3776577090598595
103.76110444177671 0.37774392537071955
103.85714285714286 0.37783009797184197
103.95318127250901 0.37791617826939333
104.04921968787515 0.37800214113853936
104.1452581032413 0.37808800301064804
104.24129651860744 0.3781737998083906
104.3373349339736 0.3782595538267615
104.43337334933975 0.37834527256746225
104.52941176470588 0.37843095898305784
104.62545018007204 0.37851661558311933
104.72148859543817 0.37860224244394475
104.81752701080433 0.37868783405556633
104.91356542617048 0.37877337740390826
105.00960384153662 0.3788588405371817
105.10564225690277 0.37894416800747716
105.2016806722689 0.37902930398062756
105.29771908763506 0.37911423055939225
105.39375750300121 0.37919896690942173
105.48979591836735 0.3792835359790708
105.5858343337335 0.37936794955457515
105.68187274909964 0.37945220912823724
105.77791116446579 0.3795363075398714
105.87394957983194 0.37962023150168456
105.96998799519808 0.37970398020913804
106.06602641056423 0.37978757407096625
106.16206482593037 0.37987104599476706
106.25810324129652 0.3799544252963716
106.35414165666266 0.38003773372673005
106.45018007202881 0.3801209666383861
106.54621848739497 0.3802040838512166
106.6422569027611 0.3802870415716995
106.73829531812726 0.38036985418605107
106.8343337334934 0.3804525921094232
106.93037214885955 0.3805352995230302
107.0264105642257 0.38061795135991855
107.12244897959184 0.3807004848025706
107.21848739495799 0.38078286416239043
107.31452581032413 0.38086508664883933
107.41056422569028 0.3809471622008338
107.50660264105643 0.38102910236037524
107.60264105642257 0.3811109252529666
107.69867947178872 0.38119266651249667
107.79471788715486 0.3812743778833452
107.89075630252101 0.38135609866549325
107.98679471788716 0.3814378391127575
108.0828331332533 0.3815195857878734
108.17887154861945 0.3816013141413266
108.27490996398559 0.38168298982801513
108.37094837935174 0.38176456430851236
108.4669867947179 0.38184597223911665
108.56302521008404 0.3819271566035039
108.65906362545019 0.3820081286798352
108.75510204081633 0.38208896922710334
108.85114045618248 0.38216974064937426
108.94717887154863 0.38225043050225876
109.04321728691477 0.38233098506796814
109.13925570228092 0.38241139613546404
109.23529411764706 0.38249170993059517
109.33133253301321 0.38257197117187974
109.42737094837936 0.3826521852008179
109.5234093637455 0.3827323284718183
109.61944777911165 0.38281237830363996
109.71548619447779 0.38289231873097535
109.81152460984394 0.38297215347771496
109.9075630252101 0.383051915172727
110.00360144057623 0.3831316470206922
110.09963985594239 0.38321135089336567
110.19567827130852 0.38329098174796516
110.29171668667468 0.3833704971133026
110.38775510204083 0.3834498941082887
110.48379351740697 0.38352919785884254
110.57983193277312 0.3836084245575958
110.67587034813926 0.3836875747368601
110.77190876350541 0.38376663444761894
110.86794717887155 0.3838455761885213
110.9639855942377 0.38392436640119
111.06002400960385 0.384002988838393
111.15606242496999 0.38408144912968617
111.25210084033614 0.3841597748541044
111.34813925570228 0.3842380155992023
111.44417767106843 0.38431623095888484
111.54021608643458 0.3843944508349183
111.63625450180072 0.38447266790046286
111.73229291716687 0.3845508496141235
111.82833133253301 0.3846289486455897
111.92436974789916 0.38470691958591496
112.02040816326532 0.384784776166855
112.11644657863145 0.38486259958606045
112.2124849939976 0.3849404564949392
112.30852340936374 0.3850183242401696
112.4045618247299 0.3850961169911587
112.50060024009605 0.3851737925589668
112.59663865546219 0.38525137439809365
112.69267707082834 0.38532889406740084
112.78871548619448 0.38540633613869957
112.88475390156063 0.38548364986059963
112.98079231692678 0.3855608034972916
113.07683073229292 0.3856377975394708
113.17286914765907 0.3857146627072693
113.26890756302521 0.38579145794173536
113.36494597839136 0.38586825215677206
113.46098439375751 0.38594504902790494
113.55702280912365 0.3860217710103841
113.6530612244898 0.386098348353351
113.74909963985594 0.38617481312342794
113.8451380552221 0.3862512705422723
113.94117647058825 0.38632775358568366
114.03721488595438 0.3864041860319359
114.13325330132054 0.38648046295053157
114.22929171668667 0.38655654000592704
114.32533013205283 0.38663242811708126
114.42136854741898 0.3867081470747218
114.51740696278512 0.38678371219101704
114.61344537815127 0.38685913681556766
114.7094837935174 0.38693443526940285
114.80552220888356 0.3870096228632126
114.90156062424971 0.38708471517335835
114.99759903961585 0.38715972765181855
115.093637454982 0.38723466988115507
115.18967587034814 0.38730953854125044
115.28571428571429 0.3873843193182403
115.38175270108043 0.3874589990700099
115.47779111644658 0.3875335700282271
115.57382953181273 0.38760803977500996
115.66986794717887 0.38768244407227453
115.76590636254502 0.3877568369841264
115.86194477791116 0.3878312318436448
115.95798319327731 0.3879055820612057
116.05402160864347 0.3879798244094921
116.1500600240096 0.3880539375607084
116.24609843937576 0.38812793809191
116.3421368547419 0.3882018329432986
116.43817527010805 0.38827560275724526
116.5342136854742 0.3883492269695798
116.63025210084034 0.38842271949084267
116.72629051620649 0.3884961248690713
116.82232893157263 0.388569477726641
116.91836734693878 0.3886427874021197
117.01440576230493 0.38871604460976666
117.11044417767107 0.3887892314351023
117.20648259303722 0.3888623249242986
117.30252100840336 0.3889353152656946
117.39855942376951 0.38900821291226084
117.49459783913566 0.38908103601762684
117.5906362545018 0.3891537906719026
117.68667466986795 0.38922647029240415
117.78271308523409 0.3892990634421003
117.87875150060025 0.38937155713634825
117.9747899159664 0.389443935876131
118.07082833133254 0.38951618003185795
118.16686674669869 0.3895882697124897
118.26290516206483 0.3896602144565493
118.35894357743098 0.3897320661734399
118.45498199279713 0.3898038888074843
118.55102040816327 0.3898757055084316
118.64705882352942 0.38994749769053755
118.74309723889556 0.39001923919643844
118.83913565426171 0.39009091239398835
118.93517406962786 0.3901625052161914
119.031212484994 0.3902340055717275
119.12725090036015 0.3903054021244421
119.22328931572629 0.39037669577414436
119.31932773109244 0.39044790525852757
119.4153661464586 0.39051905420318744
119.51140456182473 0.39059014610532067
119.60744297719089 0.39066116315263183
119.70348139255702 0.390732081047965
119.79951980792318 0.3908028768345212
119.89555822328931 0.3908735375979019
119.99159663865547 0.3909440779707657
120.08763505402162 0.39101453736165986
120.18367346938776 0.3910849335850084
120.27971188475391 0.39115523745140685
120.37575030012005 0.39122540135132244
120.4717887154862 0.39129542090499864
120.56782713085235 0.391365335647732
120.66386554621849 0.391435155677914
120.75990396158464 0.39150481927941055
120.85594237695078 0.3915742356212443
120.95198079231693 0.39164338210925587
121.04801920768308 0.39171231333471135
121.14405762304922 0.39178111377110214
121.24009603841537 0.39184986884127354
121.33613445378151 0.39191864832465917
121.43217286914766 0.39198746794090106
121.52821128451382 0.3920562871187714
121.62424969987995 0.392125047808886
121.7202881152461 0.39219369940959603
121.81632653061224 0.39226220128893863
121.9123649459784 0.39233052807110297
122.00840336134455 0.3923986714068954
122.10444177671069 0.39246665174610845
122.20048019207684 0.3925345262413884
122.29651860744298 0.39260236350046335
122.39255702280913 0.3926701764287266
122.48859543817528 0.3927379155342275
122.58463385354142 0.3928055258904574
122.68067226890757 0.39287298756355477
122.77671068427371 0.3929403156688035
122.87274909963986 0.3930075581074775
122.96878751500601 0.39307479086814756
123.06482593037215 0.39314205644828104
123.1608643457383 0.3932093179433688
123.25690276110444 0.39327648905739987
123.3529411764706 0.39334352588121857
123.44897959183675 0.3934104413023204
123.54501800720288 0.3934772675523888
123.64105642256904 0.39354402685083634
123.73709483793517 0.39361072693591054
123.83313325330133 0.3936773495950829
123.92917166866746 0.39374385092182024
124.02521008403362 0.3938102026479089
124.12124849939977 0.3938764261766259
124.21728691476591 0.3939425678273756
124.31332533013206 0.3940086139128887
124.4093637454982 0.39407447871786566
124.50540216086435 0.3941401024662592
124.6014405762305 0.3942055360730963
124.69747899159664 0.39427090378273055
124.79351740696279 0.3943362631903978
124.88955582232893 0.39440157808671644
124.98559423769508 0.39446678327909745
125.08163265306123 0.39453184349741893
125.17767106842737 0.3945967529013708
125.27370948379352 0.394661525349769
125.36974789915966 0.3947261910880644
125.46578631452581 0.39479077397426937
125.56182472989197 0.39485526974055907
125.6578631452581 0.3949196544527182
125.75390156062426 0.39498392090099166
125.8499399759904 0.3950480871865632
125.94597839135655 0.39511219008599247
126.0420168067227 0.3951762783985808
126.13805522208884 0.3952403990490452
126.23409363745499 0.3953045409418879
126.33013205282113 0.3953686233524964
126.42617046818728 0.39543256882541733
126.52220888355343 0.3954963799387376
126.61824729891957 0.395560123605442
126.71428571428572 0.39562384650560023
126.81032412965186 0.39568755218974555
126.90636254501801 0.3957512061640315
127.00240096038416 0.39581474151673945
127.0984393757503 0.39587807452849466
127.19447779111646 0.39594117547446844
127.2905162064826 0.3960040873232685
127.38655462184875 0.3960668721937219
127.4825930372149 0.39612954914193477
127.57863145258104 0.3961921005681558
127.67466986794719 0.3962545206696697
127.77070828331333 0.39631682975492843
127.86674669867948 0.39637905803851553
127.96278511404563 0.39644122585669994
128.05882352941177 0.3965033430336301
128.1548619447779 0.3965654118311875
128.25090036014404 0.3966274281183641
128.3469387755102 0.3966893896402989
128.44297719087635 0.3967513066217127
128.53901560624251 0.3968131953690157
128.63505402160865 0.39687503937150975
128.7310924369748 0.3969367771804398
128.82713085234093 0.39699835097466163
128.92316926770707 0.3970597720209604
129.01920768307323 0.3971211096217291
129.11524609843937 0.39718240000082355
129.21128451380554 0.3972436143846737
129.30732292917168 0.3973047020801578
129.4033613445378 0.3973656515505262
129.49939975990398 0.39742649050167916
129.59543817527012 0.3974872578395466
129.69147659063626 0.3975479925938928
129.7875150060024 0.39760871161952444
129.88355342136856 0.3976693764306807
129.9795918367347 0.39772990460370916
130.07563025210084 0.3977902619210547
130.171668667467 0.39785049847514103
130.26770708283314 0.39791069400673446
130.36374549819928 0.39797087217104665
130.45978391356545 0.39803099985107965
130.55582232893158 0.39809103426514675
130.65186074429772 0.3981509430315743
130.74789915966386 0.3982107127703341
130.84393757503003 0.398270363144502
130.93997599039616 0.3983299419755244
131.0360144057623 0.39838947962546467
131.13205282112847 0.3984489688663403
131.2280912364946 0.3985083845345335
131.32412965186074 0.39856771774484784
131.42016806722688 0.39862697641783595
131.51620648259305 0.398686162735001
131.6122448979592 0.3987452625746576
131.70828331332532 0.3988042499092933
131.8043217286915 0.3988630949377605
131.90036014405763 0.39892176815377867
131.99639855942377 0.3989802669922476
132.09243697478993 0.3990386288350193
132.18847539015607 0.3990969068894862
132.2845138055222 0.399155123706979
132.38055222088835 0.39921326962381853
132.4765906362545 0.3992713356076733
132.57262905162065 0.39932933031760665
132.6686674669868 0.39938726756948634
132.76470588235296 0.39944514069739456
132.8607442977191 0.39950292193591314
132.95678271308523 0.39956058578594494
133.0528211284514 0.3996181218318833
133.14885954381754 0.3996755301864869
133.24489795918367 0.39973281150397727
133.3409363745498 0.39978996501796826
133.43697478991598 0.39984698168059535
133.53301320528212 0.399903840273029
133.62905162064826 0.39996052486417766
133.72509003601442 0.40001706410537213
133.82112845138056 0.4000735309988639
133.9171668667467 0.40012998276576867
134.01320528211286 0.40018642430046153
134.109243697479 0.400242822607389
134.20528211284514 0.4002991422111712
134.30132052821128 0.40035535165212394
134.39735894357744 0.4004114392808221
134.49339735894358 0.40046742332403956
134.58943577430972 0.40052333468515877
134.6854741896759 0.4005791735825234
134.78151260504202 0.4006349067105328
134.87755102040816 0.40069051433193376
134.97358943577433 0.40074602193633085
135.06962785114047 0.40080148072647037
135.1656662665066 0.40085691463023426
135.26170468187274 0.4009123136882889
135.3577430972389 0.40096766073146684
135.45378151260505 0.4010229502478714
135.54981992797119 0.40107818305566206
135.64585834333735 0.4011333503697289
135.7418967587035 0.4011884324899401
135.83793517406963 0.4012434192456014
135.93397358943577 0.40129832519166825
136.03001200480193 0.40135318112275226
136.12605042016807 0.401408008062596
136.2220888355342 0.4014628120277648
136.31812725090037 0.4015175766832597
136.4141656662665 0.4015722576131789
136.51020408163265 0.4016268048390277
136.60624249699882 0.4016812332360556
136.70228091236496 0.4017356308339106
136.7983193277311 0.4017900706016632
136.89435774309723 0.4018445380306328
136.9903961584634 0.4018989590524541
137.08643457382954 0.40195329877599295
137.18247298919567 0.4020075792886478
137.27851140456184 0.40206183606458845
137.37454981992798 0.4021160803685107
137.47058823529412 0.40217029926123876
137.56662665066028 0.40222445991125816
137.66266506602642 0.40227851205426135
137.75870348139256 0.4023324175903204
137.8547418967587 0.40238617739827776
137.95078031212486 0.4024398239919645
138.046818727491 0.402493390966312
138.14285714285714 0.40254690545855976
138.2388955582233 0.40260037707985596
138.33493397358944 0.40265378738230917
138.43097238895558 0.4027070980432662
138.52701080432175 0.4027602843094192
138.62304921968789 0.40281334273333447
138.71908763505402 0.4028662822353836
138.81512605042016 0.4029191151700565
138.91116446578633 0.4029718549316341
139.00720288115247 0.4030245077029832
139.1032412965186 0.40307707068850945
139.19927971188477 0.4031295410308689
139.2953181272509 0.4031819251718862
139.39135654261705 0.4032342351489611
139.4873949579832 0.4032864705473122
139.58343337334935 0.4033386138488768
139.6794717887155 0.4033906375646399
139.77551020408163 0.40344251209979487
139.8715486194478 0.40349421166238975
139.96758703481393 0.4035457396008728
140.06362545018007 0.40359713467833475
140.15966386554624 0.4036484400793624
140.25570228091237 0.40369966750976005
140.3517406962785 0.40375080130700736
140.44777911164465 0.40380182826861727
140.54381752701082 0.40385274673078225
140.63985594237695 0.40390356673726246
140.7358943577431 0.40395431024167033
140.83193277310926 0.40400500359323993
140.9279711884754 0.4040556387006654
141.02400960384153 0.40410616165298757
141.1200480192077 0.4041565145248931
141.21608643457384 0.40420668883070227
141.31212484993998 0.40425672205786944
141.40816326530611 0.40430665963469686
141.50420168067228 0.4043565416170477
141.60024009603842 0.4044063863290587
141.69627851140456 0.40445616840205395
141.79231692677072 0.40450582804350094
141.88835534213686 0.4045553336543423
141.984393757503 0.40460470380510355
142.08043217286917 0.40465398335692193
142.1764705882353 0.40470320970282236
142.27250900360144 0.4047524062544865
142.36854741896758 0.4048015581354687
142.46458583433375 0.4048506039384176
142.56062424969988 0.4048994879071061
142.65666266506602 0.4049482374116509
142.7527010804322 0.4049969516325463
142.84873949579833 0.40504568702029886
142.94477791116446 0.40509441234304294
143.04081632653063 0.40514306195244604
143.13685474189677 0.40519161910428186
143.2328931572629 0.4052401145546445
143.32893157262905 0.40528856688762593
143.4249699879952 0.40533695768301564
143.52100840336135 0.40538525619174176
143.6170468187275 0.4054334599847878
143.71308523409365 0.40548159449463067
143.8091236494598 0.40552968195403805
143.90516206482593 0.4055777276420552
144.0012004801921 0.4056257254562769
144.09723889555823 0.4056736676457614
144.19327731092437 0.4057215474217945
144.2893157262905 0.4057693717725778
144.38535414165668 0.4058171672638848
144.48139255702282 0.4058649597133111
144.57743097238895 0.40591273719031334
144.67346938775512 0.40596045188774604
144.76950780312126 0.4060080681102727
144.8655462184874 0.4060555858119285
144.96158463385353 0.4061030202332
145.0576230492197 0.40615036261941556
145.15366146458584 0.4061975814281434
145.24969987995198 0.40624467207391984
145.34573829531814 0.406291682515749
145.44177671068428 0.4063386710898596
145.53781512605042 0.4063856211012577
145.63385354141658 0.406432442645431
145.72989195678272 0.4064790861957092
145.82593037214886 0.4065256045499176
145.921968787515 0.4065721028263067
146.01800720288117 0.4066186309551679
146.1140456182473 0.40666517474785197
146.21008403361344 0.40671170409633794
146.3061224489796 0.4067582007449577
146.40216086434575 0.40680465389306636
146.49819927971188 0.4068510496056119
146.59423769507805 0.40689736928248155
146.6902761104442 0.40694358866430197
146.78631452581033 0.4069896772759054
146.88235294117646 0.4070356114483946
146.97839135654263 0.40708140505713325
147.07442977190877 0.4071271092977051
147.1704681872749 0.4071727593253473
147.26650660264107 0.4072183402565479
147.3625450180072 0.4072638061304954
147.45858343337335 0.4073091284755647
147.55462184873952 0.4073543031727839
147.65066026410565 0.407399343501327
147.7466986794718 0.40744427545463635
147.84273709483793 0.4074891280848764
147.9387755102041 0.4075339083695102
148.03481392557023 0.40757859899687143
148.13085234093637 0.4076231829133668
148.22689075630254 0.4076676606255596
148.32292917166868 0.4077120414258656
148.4189675870348 0.4077563180528842
148.51500600240098 0.407800464249166
148.61104441776712 0.4078444618659063
148.70708283313326 0.40788832094284716
148.8031212484994 0.40793206380514857
148.89915966386556 0.40797567708905563
148.9951980792317 0.40801910763662874
149.09123649459784 0.4080623331259929
149.187274909964 0.4081054170760502
149.28331332533014 0.4081484741065978
149.37935174069628 0.40819155789302136
149.47539015606242 0.40823464245089297
149.57142857142858 0.408277669884631
149.66746698679472 0.40832058946894745
149.76350540216086 0.40836336458971245
149.85954381752703 0.40840599169062913
149.95558223289316 0.4084485017793337
150.0516206482593 0.40849091834337525
150.14765906362547 0.40853322116656215
150.2436974789916 0.408575364543929
150.33973589435774 0.4086173443998565
150.43577430972388 0.4086592105154197
150.53181272509005 0.40870102247944085
150.6278511404562 0.4087428099035617
150.72388955582232 0.40878457361225007
150.8199279711885 0.40882629524256436
150.91596638655463 0.4088679401382691
151.01200480192077 0.40890947203403105
151.10804321728693 0.40895086698632965
151.20408163265307 0.4089921164064358
151.3001200480192 0.40903323666960173
151.39615846338535 0.4090742701245606
151.4921968787515 0.40911525494754164
151.58823529411765 0.40915619510316387
151.6842737094838 0.4091970674007644
151.78031212484996 0.40923785573871546
151.8763505402161 0.40927855974993976
151.97238895558223 0.4093191916681759
152.0684273709484 0.4093597730480428
152.16446578631454 0.40940033083425187
152.26050420168067 0.409440880985426
152.3565426170468 0.40948142413727123
152.45258103241298 0.40952194839777506
152.54861944777912 0.4095624324203586
152.64465786314526 0.40960284915304956
152.74069627851142 0.40964318232176883
152.83673469387756 0.4096834310626953
152.9327731092437 0.4097236070898819
153.02881152460984 0.4097637314237081
153.124849939976 0.40980383093385847
153.22088835534214 0.40984392243024187
153.31692677070828 0.4098840078835559
153.41296518607444 0.40992407590932245
153.50900360144058 0.409964103569981
153.60504201680672 0.41000405938430134
153.7010804321729 0.41004391824810976
153.79711884753902 0.41008366627454557
153.89315726290516 0.41012330294757077
153.9891956782713 0.4101628438632463
154.08523409363747 0.4102023172023766
154.1812725090036 0.41024174354805476
154.27731092436974 0.41028112911193515
154.3733493397359 0.410320468333
154.46938775510205 0.41035974736603376
154.56542617046819 0.41039894630591034
154.66146458583435 0.41043805061449096
154.7575030012005 0.41047705529576894
154.85354141656663 0.4105159689483694
154.94957983193277 0.4105548194614529
155.04561824729893 0.41059364692242495
155.14165666266507 0.41063245763422784
155.2376950780312 0.4106712073715314
155.33373349339738 0.4107098348195095
155.4297719087635 0.4107483110999928
155.52581032412965 0.41078664060321035
155.62184873949582 0.41082484045123047
155.71788715486196 0.4108629322530104
155.8139255702281 0.4109009385720972
155.90996398559423 0.4109388774641693
156.0060024009604 0.4109767615973558
156.10204081632654 0.4110145954540328
156.19807923169267 0.41105237416463686
156.29411764705884 0.4110900843107429
156.39015606242498 0.4111277052466575
156.48619447779112 0.41116521203318374
156.58223289315728 0.41120259597368697
156.67827130852342 0.4112398735309485
156.77430972388956 0.4112770706946022
156.8703481392557 0.4113141960002643
156.96638655462186 0.4113512419264849
157.062424969988 0.41138821643295964
157.15846338535414 0.41142515737833646
157.2545018007203 0.41146210132444383
157.35054021608644 0.41149902687365264
157.44657863145258 0.41153585829740497
157.54261704681872 0.411572544821398
157.6386554621849 0.41160909948177665
157.73469387755102 0.4116455765461003
157.83073229291716 0.41168202792724606
157.92677070828333 0.41171849461257354
158.02280912364947 0.41175497440242953
158.1188475390156 0.4117914054700818
158.21488595438177 0.4118277073759131
158.3109243697479 0.4118638637255403
158.40696278511405 0.41189992490057814
158.50300120048018 0.411935941008731
158.59903961584635 0.4119719253271889
158.6950780312125 0.41200786513504106
158.79111644657863 0.4120437454222449
158.8871548619448 0.41207955243174577
158.98319327731093 0.41211527890730276
159.07923169267707 0.41215092711213275
159.17527010804324 0.4121865091826519
159.27130852340937 0.41222204783519967
159.3673469387755 0.4122575730050246
159.46338535414165 0.4122930849790529
159.55942376950782 0.41232853222259863
159.65546218487395 0.4123638453350811
159.7515006002401 0.41239901762328357
159.84753901560626 0.4124341105785238
159.9435774309724 0.4124691843193079
160.03961584633853 0.4125042533855457
160.1356542617047 0.41253930107467346
160.23169267707084 0.41257431676616235
160.32773109243698 0.4126092998755902
160.42376950780312 0.41264423867447786
160.51980792316928 0.4126790961492493
160.61584633853542 0.41271382310197097
160.71188475390156 0.41274839312509903
160.80792316926772 0.4127828075181766
160.90396158463386 0.41281708561812697
161.0 0.41285125798934963
161.09603841536617 0.41288535819786687
161.1920768307323 0.4129194004679086
161.28811524609844 0.41295337702874446
161.38415366146458 0.4129872746774428
161.48019207683075 0.41302108701949924
161.57623049219688 0.41305481478127254
161.67226890756302 0.4130884658832307
161.7683073229292 0.41312205480616
161.86434573829533 0.4131555927698634
161.96038415366147 0.4131890801068072
162.0564225690276 0.41322250840832
162.15246098439377 0.41325586776448164
162.2484993997599 0.41328914852978443
162.34453781512605 0.4133223474446679
162.4405762304922 0.41335547262897343
162.53661464585835 0.4133885370915535
162.6326530612245 0.4134215370885467
162.72869147659065 0.41345444937727993
162.8247298919568 0.4134872605713289
162.92076830732293 0.4135199923030331
163.01680672268907 0.41355268835387304
163.11284513805523 0.41358536745983326
163.20888355342137 0.4136180148693491
163.3049219687875 0.41365061543533643
163.40096038415368 0.4136831834130605
163.49699879951982 0.4137157534902334
163.59303721488595 0.41374834418003814
163.68907563025212 0.41378094959659156
163.78511404561826 0.4138135419840468
163.8811524609844 0.41384607410855134
163.97719087635053 0.41387849173790797
164.0732292917167 0.4139107814435956
164.16926770708284 0.4139429804269164
164.26530612244898 0.4139751377186893
164.36134453781514 0.4140072756335279
164.45738295318128 0.41403939055187067
164.55342136854742 0.41407146288398167
164.64945978391358 0.41410346024064626
164.74549819927972 0.4141353530718221
164.84153661464586 0.41416713098469127
164.937575030012 0.41419879980661245
165.03361344537817 0.4142303655837033
165.1296518607443 0.41426183026989044
165.22569027611044 0.41429319199436265
165.3217286914766 0.4143244453548248
165.41776710684275 0.41435558458520394
165.51380552220888 0.41438661797125603
165.60984393757505 0.4144175714134092
165.7058823529412 0.41444847170880755
165.80192076830733 0.4144793273043156
165.89795918367346 0.4145101295205325
165.99399759903963 0.4145408636348036
166.09003601440577 0.4145715124947074
166.1860744297719 0.4146020653644882
166.28211284513807 0.41463252862296385
166.3781512605042 0.4146629217241466
166.47418967587035 0.4146932532163351
166.5702280912365 0.41472351351106906
166.66626650660265 0.4147536907494913
166.7623049219688 0.41478379096718115
166.85834333733493 0.41481383454314985
166.9543817527011 0.4148438298585785
167.05042016806723 0.4148737647549307
167.14645858343337 0.41490362100760547
167.24249699879954 0.41493339366025167
167.33853541416568 0.4149630920993064
167.43457382953181 0.41499273848697377
167.53061224489795 0.4150223667716934
167.62665066026412 0.4150520026042346
167.72268907563026 0.4150816351566304
167.8187274909964 0.41511122365496
167.91476590636256 0.41514075003566786
168.0108043217287 0.415170238139529
168.10684273709484 0.41519972039103
168.202881152461 0.41522918859470115
168.29891956782714 0.4152585967831697
168.39495798319328 0.4152879051638838
168.49099639855942 0.4153170975890139
168.58703481392558 0.41534618191490497
168.68307322929172 0.41537519048917704
168.77911164465786 0.4154041723603343
168.87515006002403 0.41543313959385336
168.97118847539016 0.4154620454041034
169.0672268907563 0.4154908283902072
169.16326530612247 0.4155194848167477
169.2593037214886 0.41554806548719136
169.35534213685474 0.41557660452832684
169.45138055222088 0.41560508823747333
169.54741896758705 0.41563348171145303
169.6434573829532 0.4156617747819633
169.73949579831933 0.4156899816307029
169.8355342136855 0.41571810285621413
169.93157262905163 0.4157461081137383
170.02761104441777 0.41577396601500344
170.12364945978393 0.41580169829981084
170.21968787515007 0.41582937512789225
170.3157262905162 0.41585702958362464
170.41176470588235 0.4158846161612989
170.50780312124851 0.4159120628380254
170.60384153661465 0.41593937061733677
170.6998799519808 0.41596661474268043
170.79591836734696 0.41599385778719267
170.8919567827131 0.41602110489165633
170.98799519807923 0.4160483283910457
171.08403361344537 0.41607551787290786
171.18007202881154 0.4161026831899927
171.27611044417768 0.41612982692247985
171.3721488595438 0.4161569294754362
171.46818727490998 0.41618396414821013
171.56422569027612 0.4162109292338546
171.66026410564226 0.4162378492096153
171.75630252100842 0.4162647460961732
171.85234093637456 0.4162916230842669
171.9483793517407 0.41631847252427134
172.04441776710684 0.41634529411769217
172.140456182473 0.41637209571486405
172.23649459783914 0.4163988757546829
172.33253301320528 0.4164256127310989
172.42857142857144 0.416452279581636
172.52460984393758 0.41647887775142206
172.62064825930372 0.4165054384103178
172.7166866746699 0.4165319809061092
172.81272509003603 0.4165584864607065
172.90876350540216 0.41658491328733394
173.0048019207683 0.4166112350013976
173.10084033613447 0.41663744504427896
173.1968787515006 0.416663539543607
173.29291716686674 0.41668950590864157
173.3889555822329 0.4167153346431711
173.48499399759905 0.4167410507057011
173.5810324129652 0.41676671476287985
173.67707082833135 0.41679237363084326
173.7731092436975 0.4168180255610176
173.86914765906363 0.4168436390063319
173.96518607442977 0.41686920629023644
174.06122448979593 0.4168947501910853
174.15726290516207 0.41692028780299506
174.2533013205282 0.4169458039227749
174.34933973589438 0.41697126604171864
174.4453781512605 0.41699666976599037
174.54141656662665 0.4170220439574948
174.63745498199282 0.41704740432402365
174.73349339735896 0.4170727174988255
174.8295318127251 0.41709792454682054
174.92557022809123 0.4171230161104612
175.0216086434574 0.4171480429193069
175.11764705882354 0.41717305251123277
175.21368547418967 0.4171980377608569
175.30972388955584 0.4172229566840523
175.40576230492198 0.41724780165945885
175.50180072028812 0.4172726102163025
175.59783913565425 0.4172974077961183
175.69387755102042 0.417322158838416
175.78991596638656 0.41734679220731474
175.8859543817527 0.41737129398573625
175.98199279711886 0.4173957238022493
176.078031212485 0.4174201462477003
176.17406962785114 0.41744456930565665
176.2701080432173 0.4174689544479398
176.36614645858344 0.4174932612874811
176.46218487394958 0.41751745813437896
176.55822328931572 0.4175415305625087
176.6542617046819 0.41756548948760325
176.75030012004802 0.4175893672825898
176.84633853541416 0.41761320162087234
176.94237695078033 0.4176370306298922
177.03841536614647 0.4176608711183154
177.1344537815126 0.41768469701143734
177.23049219687877 0.41770845158279984
177.3265306122449 0.41773210098406427
177.42256902761105 0.4177556471234156
177.51860744297718 0.41777910944650193
177.61464585834335 0.4178025059832297
177.7106842737095 0.4178258524599588
177.80672268907563 0.41784916228252833
177.9027611044418 0.4178724463452459
177.99879951980793 0.41789570797711495
178.09483793517407 0.41791893741973624
178.19087635054024 0.4179421161728548
178.28691476590637 0.4179652380734348
178.3829531812725 0.4179883148736798
178.47899159663865 0.41801136359821317
178.57503001200482 0.41803439203245535
178.67106842737095 0.4180573971518792
178.7671068427371 0.41808036140219096
178.86314525810326 0.4181032522447441
178.9591836734694 0.4181260441785545
179.05522208883554 0.41814874529331675
179.1512605042017 0.4181713878212456
179.24729891956784 0.4181939718191695
179.34333733493398 0.4182164485633512
179.43937575030012 0.41823876914391134
179.53541416566628 0.4182609460329935
179.63145258103242 0.41828304316216103
179.72749099639856 0.41830510085402967
179.82352941176472 0.41832711123139693
179.91956782713086 0.4183490454222823
180.015606242497 0.41837088979843673
180.11164465786314 0.4183926482119693
180.2076830732293 0.4184143404159762
180.30372148859544 0.41843600101536343
180.39975990396158 0.41845765690111625
180.49579831932775 0.41847929568337383
180.59183673469389 0.418500873269985
180.68787515006002 0.41852237415215693
180.7839135654262 0.41854383327878975
180.87995198079233 0.4185652969192487
180.97599039615847 0.41858676505140147
181.0720288115246 0.4186081945881049
181.16806722689077 0.4186295498151804
181.2641056422569 0.41865082214453714
181.36014405762305 0.41867201676456955
181.4561824729892 0.4186931319222018
181.55222088835535 0.4187141598295847
181.6482593037215 0.41873510498353433
181.74429771908765 0.41875599160612464
181.8403361344538 0.4187768489314889
181.93637454981993 0.4187976872392561
182.03241296518607 0.41881849878074423
182.12845138055224 0.418839280434904
182.22448979591837 0.4188600435200836
182.3205282112845 0.41888080013124235
182.41656662665068 0.41890153969366833
182.51260504201682 0.4189222305410637
182.60864345738295 0.418942849775689
182.70468187274912 0.4189633970460811
182.80072028811526 0.41898388591820435
182.8967587034814 0.41900432820391253
182.99279711884753 0.41902473188690786
183.0888355342137 0.41904509756221414
183.18487394957984 0.41906541679924
183.28091236494598 0.41908568388195316
183.37695078031214 0.4191059180785576
183.47298919567828 0.41912616151532067
183.56902761104442 0.4191464389943206
183.66506602641059 0.41916673739608057
183.76110444177672 0.419187021265859
183.85714285714286 0.419207264261054
183.953181272509 0.41922745281927903
184.04921968787517 0.4192475855488518
184.1452581032413 0.419267672858512
184.24129651860744 0.4192877304301006
184.3373349339736 0.41930776550302024
184.43337334933975 0.4193277759852703
184.52941176470588 0.4193477588077212
184.62545018007202 0.41936771468397316
184.7214885954382 0.4193876455848862
184.81752701080433 0.4194075490192888
184.91356542617046 0.41942741780940107
185.00960384153663 0.41944724583692894
185.10564225690277 0.41946703150445247
185.2016806722689 0.4194867798096114
185.29771908763507 0.41950650707973347
185.3937575030012 0.41952623898649866
185.48979591836735 0.41954598045404534
185.5858343337335 0.4195656967097787
185.68187274909965 0.41958533923401115
185.7779111644658 0.41960491044135906
185.87394957983193 0.41962446755826244
185.9699879951981 0.4196440510488968
186.06602641056423 0.419663637093489
186.16206482593037 0.4196831653797624
186.25810324129654 0.4197026136033556
186.35414165666268 0.41972200632659523
186.45018007202881 0.4197413747540131
186.54621848739495 0.4197607286241145
186.64225690276112 0.4197800580574198
186.73829531812726 0.419799340212349
186.8343337334934 0.4198185421325922
186.93037214885956 0.41983764469427476
187.0264105642257 0.4198566601839803
187.12244897959184 0.4198756192021274
187.218487394958 0.41989453150900924
187.31452581032414 0.41991338058269284
187.41056422569028 0.4199321478777328
187.50660264105642 0.4199508315482944
187.60264105642258 0.41996944252527085
187.69867947178872 0.41998799101123924
187.79471788715486 0.420006483881415
187.89075630252103 0.42002492433711985
187.98679471788716 0.42004331162458464
188.0828331332533 0.4200616406363724
188.17887154861947 0.4200799006472299
188.2749099639856 0.42009807567196056
188.37094837935174 0.4201161552140148
188.46698679471788 0.4201341434233724
188.56302521008405 0.42015205575273334
188.6590636254502 0.42016990650168495
188.75510204081633 0.42018770626274193
188.8511404561825 0.42020546401718456
188.94717887154863 0.4202231890107609
189.04321728691477 0.42024088661720355
189.1392557022809 0.42025854311421007
189.23529411764707 0.42027612342825593
189.3313325330132 0.4202935957197266
189.42737094837935 0.4203109544960997
189.52340936374551 0.42032821480377147
189.61944777911165 0.42034538652837966
189.7154861944778 0.4203624688679375
189.81152460984396 0.4203794644801603
189.9075630252101 0.42039639345232627
190.00360144057623 0.4204132871163505
190.09963985594237 0.42043016055900906
190.19567827130854 0.42044700633220444
190.29171668667468 0.420463811120374
190.3877551020408 0.4204805730272659
190.48379351740698 0.42049730038343275
190.57983193277312 0.4205140031873871
190.67587034813926 0.42053069044318403
190.77190876350542 0.42054736025464823
190.86794717887156 0.42056398903419584
190.9639855942377 0.42058053999523304
191.06002400960384 0.42059700418868096
191.15606242497 0.42061341101881766
191.25210084033614 0.4206297947826432
191.34813925570228 0.42064615637962915
191.44417767106845 0.42066246988502637
191.54021608643458 0.42067872422319924
191.63625450180072 0.4206949351607428
191.7322929171669 0.4207111285305363
191.82833133253303 0.420727320062461
191.92436974789916 0.42074351471811655
192.0204081632653 0.42075970939175894
192.11644657863147 0.4207758938797509
192.2124849939976 0.42079205500247263
192.30852340936374 0.42080818180967794
192.4045618247299 0.420824266758719
192.50060024009605 0.42084031026586904
192.5966386554622 0.4208563219821935
192.69267707082835 0.4208723105867633
192.7887154861945 0.42088827024010367
192.88475390156063 0.4209041831081338
192.98079231692677 0.42092003910134745
193.07683073229293 0.4209358427957498
193.17286914765907 0.42095161020551963
193.2689075630252 0.4209673642703494
193.36494597839138 0.4209831293993215
193.4609843937575 0.42099890049804145
193.55702280912365 0.42101463202227296
193.6530612244898 0.4210302710800038
193.74909963985596 0.42104580598989294
193.8451380552221 0.42106126422196694
193.94117647058823 0.4210766743823403
194.0372148859544 0.4210920512804924
194.13325330132054 0.42110740032819066
194.22929171668667 0.4211227243767347
194.32533013205284 0.42113802653567683
194.42136854741898 0.421153325378249
194.51740696278512 0.4211686608409613
194.61344537815125 0.4211840647705186
194.70948379351742 0.42119951314531445
194.80552220888356 0.4212149330138351
194.9015606242497 0.4212302841396458
194.99759903961586 0.4212455943346553
195.093637454982 0.4212609178361002
195.18967587034814 0.4212762640632711
195.2857142857143 0.421291596976983
195.38175270108044 0.42130688353821516
195.47779111644658 0.4213221160071884
195.57382953181272 0.42133729922359553
195.6698679471789 0.4213524275613426
195.76590636254502 0.42136748452021466
195.86194477791116 0.42138245898516163
195.95798319327733 0.42139735314796667
196.05402160864347 0.42141218132162667
196.1500600240096 0.42142696759926224
196.24609843937577 0.42144174306268706
196.3421368547419 0.4214565238005465
196.43817527010805 0.4214712996929196
196.53421368547419 0.4214860450365997
196.63025210084035 0.42150073986590936
196.7262905162065 0.42151537231905256
196.82232893157263 0.4215299372017131
196.9183673469388 0.4215444352098331
197.01440576230493 0.42155887290341276
197.11044417767107 0.42157326266742035
197.20648259303724 0.42158762135060235
197.30252100840337 0.4216019568843074
197.3985594237695 0.4216162607003166
197.49459783913565 0.4216305153830168
197.59063625450182 0.42164471176431795
197.68667466986795 0.4216588505983852
197.7827130852341 0.4216729361198924
197.87875150060026 0.42168697218863255
197.9747899159664 0.42170096337366353
198.07082833133254 0.42171491759927415
198.16686674669867 0.42172884558498935
198.26290516206484 0.4217427503047131
198.35894357743098 0.4217566203669991
198.45498199279712 0.4217704380369317
198.55102040816328 0.42178419919308535
198.64705882352942 0.4217979148737077
198.74309723889556 0.4218115936407026
198.83913565426172 0.42182522990079885
198.93517406962786 0.42183880809330593
199.031212484994 0.42185231408601664
199.12725090036014 0.42186573745824
199.2232893157263 0.4218790774639258
199.31932773109244 0.4218923471696483
199.41536614645858 0.42190556217646225
199.51140456182475 0.4219187095305695
199.60744297719089 0.4219317461092323
199.70348139255702 0.4219446494133732
199.7995198079232 0.4219574547403702
199.89555822328933 0.42197023131210776
199.99159663865547 0.42198301082326295
200.0876350540216 0.4219957774997316
200.18367346938777 0.42200851132188466
200.2797118847539 0.4220212212803913
200.37575030012005 0.4220339329892234
200.4717887154862 0.4220466482507693
200.56782713085235 0.42205933949015806
200.6638655462185 0.4220719840359342
200.75990396158466 0.4220845918354458
200.8559423769508 0.4220971938844607
200.95198079231693 0.4221098023172048
201.04801920768307 0.42212240350657176
201.14405762304924 0.4221349778961826
201.24009603841537 0.4221475168471785
201.3361344537815 0.42216002214755277
201.43217286914768 0.4221725025097937
201.52821128451382 0.4221849723624032
201.62424969987995 0.4221974431215509
201.72028811524612 0.42220991540244907
201.81632653061226 0.4222223808761543
201.9123649459784 0.422234829959812
202.00840336134453 0.4222472537603569
202.1044417767107 0.422259648362172
202.20048019207684 0.42227201884593907
202.29651860744298 0.4222843757543907
202.39255702280914 0.4222967210011098
202.48859543817528 0.4223090450620422
202.58463385354142 0.42232133939496225
202.68067226890756 0.4223336086664148
202.77671068427372 0.42234586813576314
202.87274909963986 0.42235813099458175
202.968787515006 0.4223704046862205
203.06482593037217 0.4223826791076179
203.1608643457383 0.4223949144093502
203.25690276110444 0.422407053132738
203.3529411764706 0.42241907451802346
203.44897959183675 0.42243100773132364
203.54501800720288 0.4224428973531122
203.64105642256902 0.4224547658942214
203.7370948379352 0.4224666146096584
203.83313325330133 0.42247843570090626
203.92917166866746 0.4224902159824593
204.02521008403363 0.42250194328431667
204.12124849939977 0.42251361375618957
204.2172869147659 0.42252523221942706
204.31332533013207 0.42253681194519865
204.4093637454982 0.42254837424821445
204.50540216086435 0.4225599373837837
204.6014405762305 0.4225715032411452
204.69747899159665 0.42258306009882923
204.7935174069628 0.4225946005754694
204.88955582232893 0.422606127067533
204.9855942376951 0.4226176431397357
205.08163265306123 0.4226291426815712
205.17767106842737 0.42264060972548556
205.27370948379354 0.4226520211814039
205.36974789915968 0.42266334804242184
205.46578631452581 0.42267456721856556
205.56182472989195 0.42268567719261474
205.65786314525812 0.4226966968920515
205.75390156062426 0.42270765315807324
205.8499399759904 0.42271857597207135
205.94597839135656 0.42272948251657083
206.0420168067227 0.42274035501989177
206.13805522208884 0.4227511489930715
206.234093637455 0.42276185273371963
206.33013205282114 0.4227725086632997
206.42617046818728 0.42278316988962455
206.52220888355342 0.42279383666508147
206.61824729891958 0.42280446107147207
206.71428571428572 0.4228150091591998
206.81032412965186 0.4228254850223887
206.90636254501803 0.4228359088162928
207.00240096038416 0.42284628288708914
207.0984393757503 0.4228565926514634
207.19447779111644 0.42286683207821196
207.2905162064826 0.4228770141340298
207.38655462184875 0.42288716184827185
207.48259303721488 0.4228972938177137
207.57863145258105 0.4229074215214086
207.6746698679472 0.4229175394886082
207.77070828331333 0.42292762121352073
207.8667466986795 0.42293763627909575
207.96278511404563 0.42294757949873146
208.05882352941177 0.42295747016488816
208.1548619447779 0.42296732464320547
208.25090036014407 0.42297714376900747
208.3469387755102 0.42298691696115515
208.44297719087635 0.4229966297028874
208.53901560624251 0.423006265758906
208.63505402160865 0.4230158188859403
208.7310924369748 0.4230252984904498
208.82713085234096 0.4230347255769627
208.9231692677071 0.4230441250470279
209.01920768307323 0.4230535217650684
209.11524609843937 0.4230629138980557
209.21128451380554 0.42307225949294947
209.30732292917168 0.42308150701541736
209.4033613445378 0.4230906561253684
209.49939975990398 0.42309975823260737
209.59543817527012 0.42310885563923606
209.69147659063626 0.423117948812511
209.78751500600242 0.4231270116846898
209.88355342136856 0.4231360242786455
209.9795918367347 0.42314497627225534
210.07563025210084 0.4231538618393239
210.171668667467 0.4231626767311477
210.26770708283314 0.4231714203207711
210.36374549819928 0.4231801001771762
210.45978391356545 0.4231887315290711
210.55582232893158 0.4231973252450303
210.65186074429772 0.4232058806796755
210.7478991596639 0.4232143922169001
210.84393757503003 0.42322286467939285
210.93997599039616 0.42323131414964726
211.0360144057623 0.4232397527194884
211.13205282112847 0.42324817893206595
211.2280912364946 0.42325658571620833
211.32412965186074 0.423264980173046
211.4201680672269 0.4232733849202701
211.51620648259305 0.4232818185459629
211.6122448979592 0.4232902827041936
211.70828331332532 0.42329876650872317
211.8043217286915 0.42330725847488415
211.90036014405763 0.423315747793109
211.99639855942377 0.4233242162291203
212.09243697478993 0.4233326325119208
212.18847539015607 0.4233409616251006
212.2845138055222 0.4233491904540186
212.38055222088838 0.4233573309223345
212.4765906362545 0.42336540346336277
212.57262905162065 0.4233734249508639
212.6686674669868 0.42338140681590897
212.76470588235296 0.42338935041448017
212.8607442977191 0.4233972469472252
212.95678271308523 0.42340508860565684
213.0528211284514 0.4234128771224064
213.14885954381754 0.42342062122460694
213.24489795918367 0.42342832821967546
213.34093637454984 0.42343600174800755
213.43697478991598 0.42344363130625384
213.53301320528212 0.423451183806642
213.62905162064826 0.42345861968119786
213.72509003601442 0.42346594545827115
213.82112845138056 0.4234732210414608
213.9171668667467 0.42348050293781553
214.01320528211286 0.42348779617829874
214.109243697479 0.4234950664857795
214.20528211284514 0.4235022868277445
214.3013205282113 0.42350944710192845
214.39735894357744 0.4235165503164584
214.49339735894358 0.42352360919132137
214.58943577430972 0.42353064329423346
214.6854741896759 0.42353766916290553
214.78151260504202 0.42354469787902915
214.87755102040816 0.42355173087301395
214.97358943577433 0.4235587560035579
215.06962785114047 0.42356575153959986
215.1656662665066 0.4235727018888938
215.26170468187277 0.42357960111028353
215.3577430972389 0.4235864478125057
215.45378151260505 0.42359324014712796
215.54981992797119 0.423599974515205
215.64585834333735 0.42360664120609154
215.7418967587035 0.42361322352458464
215.83793517406963 0.4236197032571399
215.9339735894358 0.42362606630727345
216.03001200480193 0.4236323065547243
216.12605042016807 0.42363844119894917
216.2220888355342 0.4236445137066294
216.31812725090037 0.4236505634540926
216.4141656662665 0.4236565928542408
216.51020408163265 0.423662575314842
216.60624249699882 0.42366849853156124
216.70228091236496 0.42367437621272014
216.7983193277311 0.42368023420195516
216.89435774309726 0.4236860946927688
216.9903961584634 0.4236919748222854
217.08643457382954 0.42369788404623004
217.18247298919567 0.4237038233105781
217.27851140456184 0.42370978355148803
217.37454981992798 0.4237157439030279
217.47058823529412 0.4237216755558275
217.56662665066028 0.42372756178283316
217.66266506602642 0.4237334040464896
217.75870348139256 0.42373921471051895
217.85474189675872 0.42374500788782604
217.95078031212486 0.4237507974247055
218.046818727491 0.42375658922327786
218.14285714285714 0.4237623788241309
218.2388955582233 0.42376815700863535
218.33493397358944 0.4237739171909281
218.43097238895558 0.42377965677529483
218.52701080432175 0.4237853819839869
218.62304921968789 0.42379110917519675
218.71908763505402 0.4237968476507685
218.8151260504202 0.42380257582120845
218.91116446578633 0.42380824781833326
219.00720288115247 0.4238138437303065
219.1032412965186 0.42381938777546224
219.19927971188477 0.42382492328106564
219.2953181272509 0.4238304761797131
219.39135654261705 0.42383605278087527
219.4873949579832 0.4238416439366542
219.58343337334935 0.4238472268461033
219.6794717887155 0.4238527749636659
219.77551020408166 0.4238582731725971
219.8715486194478 0.4238637179292707
219.96758703481393 0.42386910956268165
220.06362545018007 0.42387444906880223
220.15966386554624 0.423879736829464
220.25570228091237 0.42388497056473606
220.3517406962785 0.42389014745737474
220.44777911164468 0.4238952807147737
220.54381752701082 0.42390040645517646
220.63985594237695 0.4239055573223263
220.7358943577431 0.42391071771775796
220.83193277310926 0.42391582884954393
220.9279711884754 0.42392086020107206
221.02400960384153 0.4239258419822196
221.1200480192077 0.4239308264264786
221.21608643457384 0.4239358184607641
221.31212484993998 0.4239407760420647
221.40816326530614 0.42394567091004987
221.50420168067228 0.4239505177771066
221.60024009603842 0.4239553463161132
221.69627851140456 0.42396014821323746
221.79231692677072 0.42396487846783404
221.88835534213686 0.423969516869311
221.984393757503 0.423974099149214
222.08043217286917 0.4239786861178158
222.1764705882353 0.42398330216073254
222.27250900360144 0.4239879295709005
222.3685474189676 0.42399252277397786
222.46458583433375 0.42399701615553226
222.56062424969988 0.4240013522332179
222.65666266506602 0.42400554016435393
222.7527010804322 0.4240096547608519
222.84873949579833 0.42401375534926955
222.94477791116446 0.4240178399741853
223.04081632653063 0.4240218691797419
223.13685474189677 0.42402581933807876
223.2328931572629 0.4240296895973833
223.32893157262907 0.4240335005173915
223.4249699879952 0.42403729317405475
223.52100840336135 0.42404110840924775
223.6170468187275 0.42404493885248373
223.71308523409365 0.4240487281753661
223.8091236494598 0.4240524383216761
223.90516206482593 0.42405609152985657
224.0012004801921 0.42405974159896315
224.09723889555823 0.424063402199949
224.19327731092437 0.42406703996685485
224.28931572629054 0.42407062016658237
224.38535414165668 0.42407413676328354
224.48139255702282 0.424077604791713
224.57743097238895 0.42408103935781066
224.67346938775512 0.4240844517399465
224.76950780312126 0.42408784213952616
224.8655462184874 0.42409119467816886
224.96158463385356 0.42409448843809944
225.0576230492197 0.42409772774274096
225.15366146458584 0.4241009448522874
225.24969987995198 0.4241041669123406
225.34573829531814 0.4241073919062902
225.44177671068428 0.42411059787736305
225.53781512605042 0.4241137709609635
225.63385354141658 0.42411690953923853
225.72989195678272 0.4241200117324877
225.82593037214886 0.4241230658342728
225.92196878751503 0.42412605543132337
226.01800720288117 0.4241289756676429
226.1140456182473 0.42413183547625904
226.21008403361344 0.4241346441581386
226.3061224489796 0.4241374005970843
226.40216086434575 0.4241400984047382
226.49819927971188 0.42414274339248603
226.59423769507805 0.4241453561637625
226.6902761104442 0.424147956546267
226.78631452581033 0.42415055044736416
226.8823529411765 0.4241531330152122
226.97839135654263 0.4241557007522678
227.07442977190877 0.4241582539369247
227.1704681872749 0.4241607939553721
227.26650660264107 0.42416332093497766
227.3625450180072 0.4241658341792258
227.45858343337335 0.4241683340213338
227.55462184873952 0.42417082240275916
227.65066026410565 0.42417330619030974
227.7466986794718 0.42417580026663354
227.84273709483796 0.4241783202496366
227.9387755102041 0.4241808544284688
228.03481392557023 0.4241833587254624
228.13085234093637 0.4241857924213012
228.22689075630254 0.42418815311597835
228.32292917166868 0.4241904695926117
228.4189675870348 0.42419276731326855
228.51500600240098 0.42419505966514537
228.61104441776712 0.4241973455742021
228.70708283313326 0.42419960705228493
228.80312124849942 0.424201816429828
228.89915966386556 0.42420396754597106
228.9951980792317 0.42420608304521834
229.09123649459784 0.42420818836941193
229.187274909964 0.4242102836788438
229.28331332533014 0.4242123484856296
229.37935174069628 0.424214368746591
229.47539015606245 0.4242163441870215
229.57142857142858 0.424218280032635
229.66746698679472 0.4242201776328689
229.76350540216086 0.424222033297287
229.85954381752703 0.4242238351680418
229.95558223289316 0.42422556279579765
230.0516206482593 0.4242272034104892
230.14765906362547 0.4242287713046768
230.2436974789916 0.4242303015557526
230.33973589435774 0.4242318127183542
230.4357743097239 0.4242332955546813
230.53181272509005 0.42423472895788333
230.6278511404562 0.4242360998862465
230.72388955582232 0.42423740545775007
230.8199279711885 0.42423865740679767
230.91596638655463 0.4242398830266086
231.01200480192077 0.42424110373271084
231.10804321728693 0.4242423068712579
231.20408163265307 0.42424345258798185
231.3001200480192 0.4242445234473388
231.39615846338538 0.424245541162356
231.4921968787515 0.42424653661098716
231.58823529411765 0.4242475083724377
231.6842737094838 0.4242484277283281
231.78031212484996 0.4242492867534266
231.8763505402161 0.424250115399739
231.97238895558223 0.42425094481897
232.0684273709484 0.42425175404028187
232.16446578631454 0.42425247642269925
232.26050420168067 0.4242530671823752
232.35654261704684 0.42425352948468614
232.45258103241298 0.42425389694883586
232.54861944777912 0.4242542068353608
232.64465786314526 0.424254494925055
232.74069627851142 0.4242547762683602
232.83673469387756 0.4242550375411841
232.9327731092437 0.42425525656689644
233.02881152460986 0.4242554337105415
233.124849939976 0.4242555893442398
233.22088835534214 0.4242557255080963
233.3169267707083 0.4242558096295984
233.41296518607444 0.42425580486725023
233.50900360144058 0.4242557214917222
233.60504201680672 0.42425561360671993
233.7010804321729 0.42425551667057915
233.79711884753902 0.42425541906730435
233.89315726290516 0.42425528195099826
233.98919567827133 0.4242550747897576
234.08523409363747 0.42425478000522465
234.1812725090036 0.4242544008801529
234.27731092436974 0.4242539652343306
234.3733493397359 0.42425351006153345
234.46938775510205 0.4242530527349913
234.56542617046819 0.42425258882991757
234.66146458583435 0.4242521005601745
234.7575030012005 0.4242515611778084
234.85354141656663 0.4242509483453462
234.9495798319328 0.4242502704178192
235.04561824729893 0.42424956559177857
235.14165666266507 0.42424886603838163
235.2376950780312 0.42424817873762277
235.33373349339738 0.42424749443345433
235.4297719087635 0.42424680659966546
235.52581032412965 0.42424611379842014
235.62184873949582 0.4242454196720755
235.71788715486196 0.4242447328933534
235.8139255702281 0.42424405841479884
235.90996398559426 0.42424337832895237
236.0060024009604 0.42424265267790573
236.10204081632654 0.42424185421595156
236.19807923169267 0.4242409889850916
236.29411764705884 0.42424008153713016
236.39015606242498 0.424239140231842
236.48619447779112 0.42423815413488175
236.58223289315728 0.4242371127346401
236.67827130852342 0.4242360182395886
236.77430972388956 0.42423488092135975
236.87034813925573 0.424233707333226
236.96638655462186 0.42423249924598616
237.062424969988 0.42423126189569693
237.15846338535414 0.42423000938444355
237.2545018007203 0.4242287580233457
237.35054021608644 0.42422750900664613
237.44657863145258 0.424226246990503
237.54261704681875 0.42422495693078827
237.6386554621849 0.4242236357010492
237.73469387755102 0.4242222880566308
237.8307322929172 0.42422091507636805
237.92677070828333 0.4242195123589129
238.02280912364947 0.42421807186560656
238.1188475390156 0.424216583258934
238.21488595438177 0.4242150349377234
238.3109243697479 0.424213416912784
238.40696278511405 0.424211722394303
238.5030012004802 0.4242099636756016
238.59903961584635 0.4242081842343893
238.6950780312125 0.4242064407041209
238.79111644657863 0.4242047474570198
238.8871548619448 0.424203068876671
238.98319327731093 0.42420136232334726
239.07923169267707 0.4241996125606579
239.17527010804324 0.42419782727986266
239.27130852340937 0.4241960197115157
239.3673469387755 0.42419420474924685
239.46338535414168 0.4241923918918153
239.55942376950782 0.4241905793020104
239.65546218487395 0.4241887571204364
239.7515006002401 0.42418691928551155
239.84753901560626 0.42418506548289536
239.9435774309724 0.42418319101985763
240.03961584633853 0.4241812778710426
240.1356542617047 0.4241792988758048
240.23169267707084 0.4241772338376354
240.32773109243698 0.4241750733921378
240.42376950780314 0.4241728245431374
240.51980792316928 0.42417051580506565
240.61584633853542 0.4241681897032803
240.71188475390156 0.42416587368885295
240.80792316926772 0.4241635732678375
240.90396158463386 0.42416127200270926
241.0 0.42415893151380335
