1.0 0.24724
1.0960384153661464 0.24695959037356927
1.1920768307322929 0.24667977519935005
1.2881152460984393 0.24640088847677993
1.3841536614645857 0.24612332297968817
1.4801920768307322 0.24584744676471093
1.5762304921968788 0.24557352418180764
1.6722689075630253 0.24530160110756705
1.7683073229291717 0.245031534602797
1.8643457382953181 0.2447632359137179
1.9603841536614646 0.24449676543843507
2.0564225690276112 0.2442323325201657
2.1524609843937577 0.2439702950537341
2.248499399759904 0.24371111125486708
2.3445378151260505 0.2434550163880464
2.440576230492197 0.24320189431437123
2.5366146458583434 0.2429515855869643
2.63265306122449 0.24270438326992805
2.7286914765906363 0.24246095711959353
2.8247298919567827 0.2422214955028908
2.920768307322929 0.24198534311245792
3.0168067226890756 0.2417518225145688
3.112845138055222 0.24152162614634784
3.2088835534213684 0.2412966755144237
3.3049219687875153 0.24107804559610538
3.4009603841536618 0.24086502368910837
3.496998799519808 0.2406560697519212
3.5930372148859546 0.2404505329677007
3.689075630252101 0.24024871537938006
3.7851140456182475 0.24005096675952448
3.881152460984394 0.23985724880921727
3.9771908763505404 0.23966738267916496
4.073229291716687 0.23948151795724187
4.169267707082833 0.23930011310739954
4.26530612244898 0.23912332688842297
4.3613445378151265 0.2389507111197447
4.4573829531812725 0.2387815637114776
4.5534213685474185 0.23861562988323703
4.649459783913565 0.2384531680305005
4.745498199279712 0.23829480695020333
4.841536614645858 0.2381414674758039
4.937575030012005 0.23799414781868947
5.033613445378151 0.23785347876747662
5.129651860744298 0.23771967801404031
5.225690276110444 0.23759263996574825
5.321728691476591 0.2374719871231584
5.417767106842737 0.23735714169787325
5.513805522208884 0.23724748093853973
5.609843937575031 0.23714240174074322
5.705882352941177 0.23704178095785636
5.8019207683073235 0.2369462474707163
5.8979591836734695 0.23685678465150808
5.993997599039616 0.2367738033631606
6.090036014405762 0.23669707529887354
6.186074429771909 0.2366264413675466
6.282112845138055 0.2365622539730947
6.378151260504202 0.23650495344321212
6.474189675870348 0.2364540179374144
6.570228091236495 0.23640792120741447
6.666266506602641 0.23636549959620445
6.762304921968788 0.23632685166046521
6.858343337334934 0.2362929914972509
6.954381752701081 0.2362649165010518
7.050420168067227 0.2362434339023514
7.146458583433374 0.23622883331914274
7.2424969987995205 0.23622066058602995
7.3385354141656665 0.2362180993685807
7.434573829531813 0.23622102117430205
7.530612244897959 0.23623011606906538
7.626650660264106 0.23624626085709238
7.722689075630252 0.2362700587246086
7.818727490996399 0.23630169385652594
7.914765906362545 0.2363405430159024
8.010804321728692 0.23638519255588789
8.106842737094837 0.23643471952733675
8.202881152460986 0.2364896724640544
8.29891956782713 0.23655143880299084
8.394957983193278 0.23662024781915234
8.490996398559425 0.2366949001259768
8.58703481392557 0.23677448629752232
8.683073229291717 0.23685977013249898
8.779111644657863 0.23695243832114082
8.87515006002401 0.2370525640040295
8.971188475390157 0.23715822679926302
9.067226890756302 0.23726774044737398
9.16326530612245 0.23738153741250925
9.259303721488596 0.23750141429102264
9.355342136854743 0.2376277651519792
9.451380552220888 0.23775906914722456
9.547418967587035 0.23789330132139025
9.643457382953182 0.23802918676472154
9.739495798319329 0.23816635193851618
9.835534213685474 0.23830571046955829
9.93157262905162 0.2384494700080401
10.027611044417768 0.23859949183066004
10.123649459783914 0.23875575875720106
10.219687875150061 0.23891689720530485
10.315726290516206 0.23908238875709165
10.411764705882353 0.23925303293459707
10.5078031212485 0.23942953650754545
10.603841536614647 0.23961112916732705
10.699879951980792 0.23979599465152798
10.795918367346939 0.23998324345407107
10.891956782713086 0.24017337381760034
10.987995198079233 0.24036739501585627
11.084033613445378 0.24056592353724596
11.180072028811525 0.24076919829852636
11.276110444177672 0.24097732310802264
11.372148859543818 0.24119032025649653
11.468187274909964 0.24140784214462216
11.56422569027611 0.24162885893341454
11.660264105642257 0.24185190126972309
11.756302521008404 0.24207622751153443
11.852340936374551 0.24230213251317825
11.948379351740696 0.24253033616707897
12.044417767106843 0.24276128752805454
12.14045618247299 0.24299519464175207
12.236494597839137 0.24323234800028384
12.332533013205282 0.2434732109493457
12.428571428571429 0.24371822211727084
12.524609843937576 0.24396755919512836
12.620648259303723 0.24422109507538514
12.716686674669868 0.24447824812242333
12.812725090036015 0.24473796107599693
12.908763505402161 0.24499966029885567
13.004801920768308 0.2452644607193575
13.100840336134453 0.24553466689959352
13.1968787515006 0.24581068507953974
13.292917166866747 0.2460900544433094
13.388955582232894 0.24636996281174434
13.484993997599041 0.24665056936171662
13.581032412965186 0.24693458235984722
13.677070828331333 0.24722355622985703
13.77310924369748 0.24751662293106735
13.869147659063627 0.24781214375942034
13.965186074429772 0.24811000418299825
14.061224489795919 0.24841137423162737
14.157262905162066 0.24871624298297182
14.253301320528212 0.24902253595980214
14.349339735894358 0.2493279470347528
14.445378151260504 0.24963261348818355
14.541416566626651 0.24993892704844062
14.637454981992798 0.25024896070855834
14.733493397358943 0.2505634636433091
14.82953181272509 0.2508821806756717
14.925570228091237 0.2512043470381484
15.021608643457384 0.2515288536560989
15.11764705882353 0.25185508625171815
15.213685474189676 0.2521832675937828
15.309723889555823 0.2525140523875051
15.40576230492197 0.2528478712875542
15.501800720288117 0.2531848987358001
15.597839135654262 0.25352525154958616
15.693877551020408 0.25386907148267035
15.789915966386555 0.254216206240294
15.885954381752702 0.25456566793043606
15.981992797118847 0.2549158118950878
16.078031212484994 0.2552661098532783
16.17406962785114 0.25561795442675833
16.270108043217288 0.25597339537714486
16.366146458583433 0.2563328732799786
16.46218487394958 0.25669518537623254
16.558223289315727 0.25705913284724563
16.654261704681872 0.2574243180711385
16.75030012004802 0.25779086716381533
16.846338535414166 0.2581588971950202
16.942376950780314 0.258528423654602
17.03841536614646 0.2588990700226036
17.134453781512605 0.2592699257268715
17.230492196878753 0.2596404496498457
17.3265306122449 0.26001226048987247
17.422569027611043 0.26038895704359777
17.518607442977192 0.2607724993890952
17.614645858343337 0.26116126883814145
17.710684273709486 0.26155181501877095
17.80672268907563 0.2619425448630218
17.902761104441776 0.26233401796652583
17.998799519807925 0.26272728382620486
18.09483793517407 0.26312294000446745
18.19087635054022 0.2635211961062554
18.286914765906364 0.2639220391792854
18.38295318127251 0.2643252851335828
18.478991596638657 0.2647308912714048
18.575030012004802 0.2651391417911583
18.671068427370948 0.26555036302500123
18.767106842737096 0.2659642574904642
18.86314525810324 0.2663798586491962
18.95918367346939 0.2667960917566646
19.055222088835535 0.26721212623563717
19.15126050420168 0.2676275245252883
19.24729891956783 0.26804259111391326
19.343337334933974 0.2684583539745961
19.439375750300123 0.26887569734322797
19.535414165666268 0.2692947898166443
19.631452581032413 0.269715378586829
19.72749099639856 0.2701375763497416
19.823529411764707 0.2705619414866871
19.91956782713085 0.27098889167616524
20.015606242497 0.27141829725806693
20.111644657863145 0.27184976034021513
20.207683073229294 0.27228339842100857
20.30372148859544 0.27271990304858373
20.399759903961584 0.27315951289086055
20.495798319327733 0.2736012648336117
20.591836734693878 0.2740436262320664
20.687875150060023 0.27448636542707383
20.78391356542617 0.27493078457603526
20.879951980792317 0.275378173962123
20.975990396158466 0.2758286271616204
21.07202881152461 0.2762813918155211
21.168067226890756 0.27673603203611147
21.264105642256904 0.2771926144514483
21.36014405762305 0.27765115483958697
21.456182472989198 0.2781111723676253
21.552220888355343 0.27857194825018694
21.64825930372149 0.27903339877269984
21.744297719087637 0.27949621147689646
21.840336134453782 0.2799611506201095
21.936374549819927 0.2804284693616336
22.032412965186076 0.2808980076191188
22.12845138055222 0.28136959007368423
22.22448979591837 0.2818431080570196
22.320528211284515 0.28231847290301976
22.41656662665066 0.28279557447779785
22.51260504201681 0.28327431359268784
22.608643457382954 0.28375472353773307
22.704681872749102 0.28423698888386556
22.800720288115247 0.2847212669494275
22.896758703481392 0.2852075210359739
22.99279711884754 0.28569561296327106
23.088835534213686 0.2861856798648393
23.18487394957983 0.2866782101934234
23.28091236494598 0.2871737305327428
23.376950780312125 0.28767249832807046
23.472989195678274 0.2881745235180216
23.56902761104442 0.2886797094757831
23.665066026410564 0.2891878897284989
23.761104441776713 0.2896988653177291
23.857142857142858 0.2902124433058729
23.953181272509003 0.2907283770120111
24.04921968787515 0.2912461047374494
24.145258103241297 0.2917647054040611
24.241296518607445 0.29228358422938805
24.33733493397359 0.292803214924122
24.433373349339735 0.29332487590507017
24.529411764705884 0.2938492870569503
24.62545018007203 0.29437624775448945
24.721488595438178 0.2949053075511906
24.817527010804323 0.2954365289810278
24.913565426170468 0.29597029440591044
25.009603841536617 0.2965061853280865
25.10564225690276 0.2970426816050424
25.201680672268907 0.297578279800697
25.297719087635056 0.2981128292287048
25.3937575030012 0.2986473436090906
25.48979591836735 0.29918264174954556
25.585834333733494 0.2997189290914761
25.68187274909964 0.30025615034620873
25.777911164465788 0.3007944324599572
25.873949579831933 0.30133409592661914
25.969987995198082 0.3018755632940951
26.066026410564227 0.30241932016348516
26.162064825930372 0.3029655647738571
26.25810324129652 0.3035137462692699
26.354141656662666 0.3040627266494552
26.45018007202881 0.3046118837514317
26.54621848739496 0.30516148847158553
26.642256902761105 0.305712184145431
26.738295318127253 0.30626426401428763
26.8343337334934 0.30681766024153323
26.930372148859544 0.3073722007104205
27.026410564225692 0.3079277064674024
27.122448979591837 0.30848410970800694
27.218487394957986 0.3090416252338491
27.31452581032413 0.30960067355314586
27.410564225690276 0.3101613028994191
27.506602641056425 0.31072297200253585
27.60264105642257 0.3112851270097656
27.698679471788715 0.31184808578206386
27.794717887154864 0.3124129005419428
27.89075630252101 0.3129799162085943
27.986794717887157 0.31354818831696474
28.082833133253303 0.31411650073692143
28.178871548619448 0.3146850081733879
28.274909963985596 0.31525515203744897
28.37094837935174 0.3158279737720683
28.466986794717887 0.316403384923976
28.563025210084035 0.3169806540913007
28.65906362545018 0.3175592384079149
28.75510204081633 0.3181388592369934
28.851140456182474 0.3187194630921172
28.94717887154862 0.31930120412851576
29.043217286914768 0.3198844477750707
29.139255702280913 0.32046977680432653
29.23529411764706 0.32105790415771357
29.331332533013207 0.32164896042925356
29.42737094837935 0.32224215261622624
29.5234093637455 0.32283629227024935
29.619447779111646 0.3234307918426511
29.71548619447779 0.32402570351862114
29.81152460984394 0.32462109829444175
29.907563025210084 0.3252167506704748
30.003601440576233 0.3258123352864287
30.099639855942378 0.32640782065296636
30.195678271308523 0.32700348198077506
30.291716686674672 0.327599589810975
30.387755102040817 0.3281962428401177
30.483793517406966 0.32879339126068946
30.57983193277311 0.32939088917235587
30.675870348139256 0.3299885025123215
30.771908763505404 0.3305859251303351
30.86794717887155 0.33118278926700073
30.963985594237695 0.3317789522098848
31.060024009603843 0.3323751236950241
31.15606242496999 0.3329727995422871
31.252100840336137 0.3335726843890408
31.348139255702282 0.3341737557907906
31.444177671068427 0.3347741981902335
31.540216086434576 0.3353735936495666
31.63625450180072 0.3359730899875046
31.732292917166866 0.3365738024689796
31.828331332533015 0.33717581413180847
31.92436974789916 0.3377784582052513
32.02040816326531 0.3383810470849344
32.116446578631454 0.33898301028071476
32.2124849939976 0.33958424037564516
32.308523409363744 0.34018532061672613
32.404561824729896 0.3407872393502709
32.50060024009604 0.3413906433274973
32.596638655462186 0.34199572304016373
32.69267707082833 0.3426022703700678
32.78871548619448 0.34320971860531485
32.88475390156063 0.34381746568317295
32.98079231692677 0.34442574985021335
33.07683073229292 0.3450357180831236
33.172869147659064 0.34564831997911505
33.26890756302521 0.34626350315139165
33.36494597839136 0.3468803712671511
33.460984393757506 0.3474976937378383
33.55702280912365 0.3481140664319697
33.6530612244898 0.3487289544740078
33.74909963985594 0.34934348962855927
33.84513805522209 0.34995980354709844
33.94117647058824 0.35057894115812804
34.037214885954384 0.3512005181538229
34.13325330132053 0.3518235719377363
34.229291716686674 0.3524472447976468
34.32533013205282 0.35307091753980324
34.42136854741897 0.35369457440905483
34.51740696278512 0.35431883136651615
34.61344537815126 0.35494414639369193
34.70948379351741 0.3555701531064705
34.80552220888355 0.3561960647427987
34.901560624249704 0.356822114963801
34.99759903961585 0.35744977817305995
35.093637454981994 0.3580801605683122
35.18967587034814 0.35871257386638605
35.285714285714285 0.35934509237864126
35.38175270108044 0.35997673272737507
35.47779111644658 0.36060790020661543
35.57382953181273 0.3612395128978823
35.66986794717887 0.36187218627059403
35.76590636254502 0.36250613466284975
35.86194477791116 0.3631409183543994
35.957983193277315 0.36377543428603815
36.05402160864346 0.36440905950442726
36.150060024009605 0.36504276935814933
36.24609843937575 0.3656786595534405
36.342136854741895 0.36631783527929046
36.43817527010805 0.36695992435758706
36.53421368547419 0.36760413253251056
36.63025210084034 0.3682503273889305
36.72629051620648 0.368898940106109
36.82232893157263 0.36955033523545155
36.91836734693878 0.37020464060177444
37.014405762304925 0.3708616698964005
37.11044417767107 0.37152083923700513
37.206482593037215 0.3721813092328836
37.30252100840336 0.37284264350633717
37.39855942376951 0.37350497660229043
37.49459783913566 0.37416850503768273
37.5906362545018 0.3748329105111042
37.68667466986795 0.37549751763617695
37.78271308523409 0.3761621936463716
37.878751500600245 0.3768275985402531
37.97478991596639 0.37749461649907634
38.070828331332535 0.3781636788845857
38.16686674669868 0.37883477610198685
38.262905162064826 0.37950771991986415
38.35894357743097 0.38018222380631356
38.45498199279712 0.38085784782015586
38.55102040816327 0.38153392977750145
38.64705882352941 0.38220971269708603
38.74309723889556 0.382885047145078
38.8391356542617 0.38356061015222415
38.935174069627855 0.38423730974472925
39.031212484994 0.3849155021153179
39.127250900360146 0.3855950258910403
39.22328931572629 0.3862757005283473
39.319327731092436 0.3869574920847894
39.41536614645859 0.3876401265521503
39.51140456182473 0.38832255597547155
39.60744297719088 0.3890032224542244
39.70348139255702 0.3896818738507736
39.79951980792317 0.3903602044035591
39.89555822328932 0.3910401918588541
39.991596638655466 0.39172168236305854
40.08763505402161 0.3924026914347682
40.183673469387756 0.3930825311186066
40.2797118847539 0.3937629980016647
40.375750300120046 0.39444638455199965
40.4717887154862 0.3951324401842631
40.56782713085234 0.3958186252174735
40.66386554621849 0.3965035616082877
40.759903961584634 0.3971884294021113
40.85594237695078 0.3978752192160348
40.95198079231693 0.39856392027557025
41.048019207683076 0.3992526076566315
41.14405762304922 0.3999398932491969
41.240096038415366 0.40062597879645157
41.33613445378151 0.40131171154395323
41.432172869147664 0.4019969821710572
41.52821128451381 0.4026807761630483
41.624249699879954 0.40336274128806
41.7202881152461 0.4040438965814351
41.816326530612244 0.40472576967777213
41.912364945978396 0.405408857602351
42.00840336134454 0.4060926068475954
42.104441776710686 0.40677653980791556
42.20048019207683 0.407460796523893
42.29651860744298 0.40814593580881997
42.39255702280912 0.40883255615684105
42.488595438175274 0.40952114008343327
42.58463385354142 0.41021107819865915
42.680672268907564 0.41090018219250113
42.77671068427371 0.41158599607745705
42.872749099639854 0.41226838442124975
42.96878751500601 0.4129495159489944
43.06482593037215 0.4136309250510705
43.1608643457383 0.41431194633218726
43.25690276110444 0.41499092165631224
43.35294117647059 0.4156677347558361
43.44897959183674 0.4163439151600212
43.545018007202884 0.4170205662098494
43.64105642256903 0.4176972008111501
43.737094837935174 0.4183723724262256
43.83313325330132 0.41904508398028284
43.92917166866747 0.4197149877759638
44.02521008403362 0.4203825219903962
44.12124849939976 0.42104899002894985
44.21728691476591 0.421716006230299
44.31332533013205 0.42238421676298576
44.409363745498204 0.4230532104271615
44.50540216086435 0.42372253469418336
44.601440576230495 0.42439232796602483
44.69747899159664 0.425062969391439
44.793517406962785 0.4257342049271574
44.88955582232893 0.4264051235131668
44.98559423769508 0.42707542794921255
45.08163265306123 0.42774626638170565
45.17767106842737 0.4284193061186001
45.27370948379352 0.4290943230031165
45.36974789915966 0.4297690139234019
45.465786314525815 0.43044148804157195
45.56182472989196 0.4311119830561276
45.657863145258105 0.4317822013627994
45.75390156062425 0.43245341861199843
45.849939975990395 0.4331261757978352
45.94597839135655 0.4338004046111384
46.04201680672269 0.43447551820098934
46.13805522208884 0.43515071853404796
46.23409363745498 0.43582586891605896
46.33013205282113 0.43650157960071306
46.42617046818728 0.43717817871661185
46.522208883553425 0.4378549290001362
46.61824729891957 0.43853050338882976
46.714285714285715 0.4392044808457286
46.81032412965186 0.439877561122068
46.906362545018006 0.44055049661432305
47.00240096038416 0.4412232380723762
47.0984393757503 0.441895173021583
47.19447779111645 0.4425659641294741
47.29051620648259 0.443235715009674
47.38655462184874 0.44390494821323523
47.48259303721489 0.4445745868138407
47.578631452581035 0.44524563879635337
47.67466986794718 0.44591813506213634
47.770708283313326 0.4465909569603538
47.86674669867947 0.4472628072546351
47.96278511404562 0.4479330671693635
48.05882352941177 0.44860176633000026
48.15486194477791 0.4492693677971433
48.25090036014406 0.4499367056364684
48.3469387755102 0.4506046795544113
48.442977190876356 0.45127397179620454
48.5390156062425 0.4519449615315661
48.635054021608646 0.4526174439104979
48.73109243697479 0.45329059155913737
48.827130852340936 0.453963578611578
48.92316926770709 0.454636188395037
49.01920768307323 0.45530870008393115
49.11524609843938 0.45598133367521615
49.21128451380552 0.4566541185447534
49.30732292917167 0.4573270607932905
49.403361344537814 0.4580003144040579
49.499399759903966 0.45867401681078834
49.59543817527011 0.45934756246559083
49.691476590636256 0.46001946000045413
49.7875150060024 0.46068863447429953
49.883553421368546 0.4613558261845967
49.9795918367347 0.46202310601595487
50.075630252100844 0.4626913959851991
50.17166866746699 0.46335982381633883
50.267707082833134 0.46402710266797825
50.36374549819928 0.46469308797640446
50.45978391356543 0.465358570863175
50.555822328931576 0.4660239031249999
50.65186074429772 0.4666886133876083
50.747899159663866 0.467352122590094
50.84393757503001 0.4680145920361039
50.939975990396164 0.46867674368077084
51.03601440576231 0.4693387122131315
51.132052821128454 0.4699997047442932
51.2280912364946 0.47065865668544044
51.324129651860744 0.47131504858679474
51.42016806722689 0.4719689389379403
51.51620648259304 0.4726208635019347
51.61224489795919 0.47327179287786836
51.70828331332533 0.47392274882582425
51.80432172869148 0.4745743024247961
51.90036014405762 0.4752265303869032
51.996398559423774 0.47587896324573004
52.09243697478992 0.4765305842709709
52.188475390156064 0.4771806033051452
52.28451380552221 0.47782952028643105
52.380552220888354 0.47847885586327105
52.47659063625451 0.4791290847539321
52.57262905162065 0.4797789030364137
52.6686674669868 0.4804266659605266
52.76470588235294 0.4810724670458141
52.86074429771909 0.4817179727284937
52.95678271308524 0.4823643487044921
53.052821128451384 0.4830114640090136
53.14885954381753 0.48365846401341295
53.244897959183675 0.48430464394702644
53.34093637454982 0.4849495738912679
53.43697478991597 0.48559344443035907
53.53301320528212 0.48623719791844394
53.62905162064826 0.4868818175138267
53.72509003601441 0.48752719108202663
53.82112845138055 0.48817219686462315
53.9171668667467 0.488816039592541
54.01320528211285 0.48945882095046345
54.109243697478995 0.490100980782438
54.20528211284514 0.4907423542739534
54.301320528211285 0.49138223761910393
54.39735894357743 0.492020565766952
54.49339735894358 0.4926584383939558
54.58943577430973 0.49329713041110024
54.68547418967587 0.4939363382658142
54.78151260504202 0.4945742661054722
54.87755102040816 0.4952097612459277
54.973589435774315 0.49584333213673176
55.06962785114046 0.4964763050210774
55.165666266506605 0.4971092422465501
55.26170468187275 0.49774184776811015
55.357743097238895 0.49837363577588945
55.45378151260505 0.49900426887477217
55.54981992797119 0.4996335628973571
55.64585834333734 0.5002614910157637
55.74189675870348 0.5008881799143127
55.83793517406963 0.5015138692689538
55.93397358943577 0.5021388893532531
56.030012004801925 0.5027635288870181
56.12605042016807 0.5033877629329934
56.222088835534215 0.5040112449931532
56.31812725090036 0.5046335581767734
56.414165666266506 0.5052543562553725
56.51020408163266 0.5058734120501657
56.6062424969988 0.5064907190420685
56.70228091236495 0.5071065041374516
56.79831932773109 0.5077212195608722
56.89435774309724 0.5083355368301475
56.99039615846339 0.5089500256294054
57.086434573829536 0.5095644184395253
57.18247298919568 0.5101776230023926
57.278511404561826 0.51078899772891
57.37454981992797 0.5113991414813143
57.47058823529412 0.5120092863899696
57.56662665066027 0.5126198013247953
57.66266506602641 0.51323005235957
57.75870348139256 0.5138393779519433
57.8547418967587 0.514447724934294
57.950780312124856 0.5150554624375601
58.046818727491 0.5156628790468522
58.142857142857146 0.5162701038426055
58.23889555822329 0.5168771070656635
58.334933973589436 0.5174837006907693
58.43097238895558 0.5180896403176429
58.52701080432173 0.5186948993885832
58.62304921968788 0.5192996966039454
58.719087635054024 0.5199042461445661
58.81512605042017 0.5205085774687775
58.911164465786314 0.5211124838804504
59.007202881152466 0.521715388155447
59.10324129651861 0.5223163724513724
59.199279711884756 0.5229149649828125
59.2953181272509 0.5235117360622992
59.391356542617046 0.5241078626530603
59.4873949579832 0.5247037758662788
59.583433373349344 0.5252989628198244
59.67947178871549 0.5258928333419164
59.775510204081634 0.5264854101326333
59.87154861944778 0.5270772679945003
59.96758703481393 0.5276692793522744
60.063625450180076 0.5282625177650182
60.15966386554622 0.5288574703508045
60.25570228091237 0.5294533788808179
60.35174069627851 0.5300487184479891
60.44777911164466 0.5306428724209042
60.54381752701081 0.531236423336559
60.639855942376954 0.531830040331407
60.7358943577431 0.5324235013957448
60.831932773109244 0.5330160231816184
60.92797118847539 0.5336075499358361
61.02400960384154 0.5341989852018777
61.12004801920769 0.5347911051624998
61.21608643457383 0.5353835555331404
61.31212484993998 0.5359751637401118
61.40816326530612 0.5365652530344994
61.504201680672274 0.5371539350898281
61.60024009603842 0.5377417646289784
61.696278511404564 0.5383294045659218
61.79231692677071 0.5389174879619975
61.888355342136855 0.5395061246383099
61.98439375750301 0.5400947982268824
62.08043217286915 0.5406828358210464
62.1764705882353 0.5412698862389275
62.27250900360144 0.5418558853145768
62.36854741896759 0.5424408192701118
62.46458583433373 0.5430246703127874
62.560624249699885 0.5436076164704589
62.65666266506603 0.5441902453093788
62.752701080432175 0.5447733054491539
62.84873949579832 0.5453565553503065
62.944777911164465 0.5459384944830096
63.04081632653062 0.5465178337618358
63.13685474189676 0.547095147421462
63.23289315726291 0.5476724280140093
63.32893157262905 0.5482505772086584
63.4249699879952 0.548828708165945
63.52100840336135 0.5494054086134289
63.617046818727495 0.5499802315200276
63.71308523409364 0.5505535885671364
63.809123649459785 0.5511257906568104
63.90516206482593 0.551696761322445
64.00120048019208 0.5522664388112103
64.09723889555823 0.5528352746354078
64.19327731092437 0.5534040644793528
64.28931572629051 0.5539728926751326
64.38535414165666 0.5545408089532169
64.48139255702282 0.5551067496278498
64.57743097238895 0.5556707376884169
64.6734693877551 0.5562337413590047
64.76950780312126 0.5567964328157782
64.8655462184874 0.5573587652325022
64.96158463385353 0.5579203116031246
65.05762304921969 0.5584807291461036
65.15366146458584 0.5590397882375256
65.24969987995199 0.5595973450597135
65.34573829531813 0.5601533348170916
65.44177671068428 0.5607079298291768
65.53781512605042 0.5612617668970648
65.63385354141657 0.5618158018557334
65.72989195678272 0.5623702863078299
65.82593037214886 0.5629243871494359
65.92196878751501 0.5634770558601787
66.01800720288115 0.5640283444271772
66.1140456182473 0.5645793170468173
66.21008403361344 0.5651307328203878
66.3061224489796 0.565682512817082
66.40216086434575 0.5662340437430871
66.49819927971188 0.5667846635194412
66.59423769507804 0.5673337504226666
66.69027611044417 0.567881047129819
66.78631452581033 0.5684267969688898
66.88235294117648 0.5689714968173218
66.97839135654262 0.5695154828160183
67.07442977190877 0.5700589173544525
67.1704681872749 0.5706019874545727
67.26650660264106 0.5711449912031074
67.36254501800721 0.5716880263964328
67.45858343337335 0.572230441924389
67.5546218487395 0.5727709453346045
67.65066026410564 0.5733089056033893
67.74669867947179 0.5738449699198727
67.84273709483794 0.5743804132562412
67.93877551020408 0.5749159263023926
68.03481392557023 0.5754515578291644
68.13085234093637 0.5759873408757517
68.22689075630252 0.576523605228698
68.32292917166868 0.5770606159162759
68.41896758703481 0.577597863619917
68.51500600240097 0.5781341279666141
68.6110444177671 0.5786687898551578
68.70708283313326 0.579202522156235
68.80312124849941 0.5797364659002157
68.89915966386555 0.5802705249891142
68.9951980792317 0.5808033215466158
69.09123649459784 0.5813337849356862
69.18727490996399 0.5818620362205984
69.28331332533014 0.582388864785562
69.37935174069628 0.582914574510792
69.47539015606243 0.583438883742995
69.57142857142857 0.5839614468692795
69.66746698679472 0.5844821609281633
69.76350540216087 0.5850012068998341
69.85954381752701 0.5855191348561499
69.95558223289316 0.5860368004493718
70.0516206482593 0.5865545377413963
70.14765906362545 0.5870716497096612
70.2436974789916 0.5875869539927616
70.33973589435774 0.5881001141306545
70.4357743097239 0.5886117571976228
70.53181272509003 0.5891225506115704
70.62785114045619 0.5896326026294302
70.72388955582232 0.5901416790256521
70.81992797118848 0.5906497790267023
70.91596638655463 0.5911571948521406
71.01200480192077 0.5916641279748134
71.10804321728692 0.592170427035182
71.20408163265306 0.5926756722191855
71.30012004801921 0.5931794149906839
71.39615846338536 0.5936812302333888
71.4921968787515 0.5941808840257526
71.58823529411765 0.5946784540323674
71.68427370948379 0.5951742202591721
71.78031212484994 0.5956683484950938
71.8763505402161 0.5961608546985971
71.97238895558223 0.5966518952716295
72.06842737094838 0.5971419859724194
72.16446578631452 0.5976317237627663
72.26050420168067 0.5981209394861825
72.35654261704683 0.5986086162854998
72.45258103241297 0.5990940805329129
72.54861944777912 0.5995779462179739
72.64465786314526 0.60006165066936
72.74069627851141 0.600545906115364
72.83673469387756 0.6010304337795638
72.9327731092437 0.6015146247221046
73.02881152460985 0.6019980904785046
73.12484993997599 0.6024806124504063
73.22088835534214 0.6029619167444314
73.31692677070829 0.6034416399956967
73.41296518607443 0.603919562922782
73.50900360144058 0.6043958147496976
73.60504201680672 0.6048707030708947
73.70108043217287 0.6053440886425678
73.79711884753902 0.6058152842737766
73.89315726290516 0.606283786542662
73.98919567827132 0.6067499485318221
74.08523409363745 0.607214749285816
74.1812725090036 0.6076788391073982
74.27731092436976 0.6081423340969888
74.3733493397359 0.6086051929249547
74.46938775510205 0.6090675806675189
74.56542617046819 0.6095297900981398
74.66146458583434 0.6099918719497254
74.75750300120049 0.6104535467591081
74.85354141656663 0.6109142798276173
74.94957983193278 0.6113733572534197
75.04561824729892 0.6118300826764402
75.14165666266507 0.6122845858461121
75.23769507803121 0.6127379968480349
75.33373349339736 0.6131914878373969
75.42977190876351 0.6136452522355019
75.52581032412965 0.6140986568474852
75.6218487394958 0.6145511343496989
75.71788715486194 0.6150024274333673
75.8139255702281 0.6154525138610982
75.90996398559425 0.6159015225996914
76.00600240096038 0.6163496332410744
76.10204081632654 0.6167966257580278
76.19807923169267 0.6172417711140381
76.29411764705883 0.6176845296749109
76.39015606242498 0.6181253720905577
76.48619447779112 0.6185655606287321
76.58223289315727 0.6190058328698487
76.6782713085234 0.6194460139913547
76.77430972388956 0.6198856887281728
76.87034813925571 0.620325031198214
76.96638655462185 0.6207647099475966
77.062424969988 0.6212051205636062
77.15846338535414 0.6216461421924173
77.25450180072029 0.6220874224548099
77.35054021608644 0.6225287472431863
77.44657863145258 0.6229700093631795
77.54261704681873 0.6234108971923831
77.63865546218487 0.6238507949792959
77.73469387755102 0.6242891225073184
77.83073229291718 0.6247257982857731
77.92677070828331 0.6251611969677086
78.02280912364947 0.6255957030354694
78.1188475390156 0.6260295483648428
78.21488595438176 0.626462831114292
78.31092436974791 0.6268955431242078
78.40696278511405 0.6273275653167212
78.5030012004802 0.6277586256930866
78.59903961584634 0.6281882871163461
78.69507803121249 0.6286161664912758
78.79111644657864 0.6290422649638223
78.88715486194478 0.6294669555114312
78.98319327731093 0.6298907202922095
79.07923169267707 0.6303140425194018
79.17527010804322 0.6307373193125395
79.27130852340936 0.6311607241469496
79.36734693877551 0.6315841840172958
79.46338535414166 0.6320073043093052
79.5594237695078 0.6324293409335879
79.65546218487395 0.6328495160764998
79.75150060024009 0.6332675444220204
79.84753901560624 0.633683608952641
79.9435774309724 0.6340978090345943
80.03961584633853 0.6345099147296042
80.13565426170469 0.6349196865373842
80.23169267707082 0.6353274379673904
80.32773109243698 0.635733995367393
80.42376950780313 0.6361399289122954
80.51980792316927 0.6365451897030164
80.61584633853542 0.636949445415364
80.71188475390156 0.6373527035550811
80.80792316926771 0.6377553162225318
80.90396158463386 0.6381574537102372
81.0 0.6385588418038937
81.09603841536615 0.6389589287436553
81.19207683073229 0.6393572132759545
81.28811524609844 0.6397533079479114
81.3841536614646 0.6401471692122652
81.48019207683073 0.6405392173979023
81.57623049219688 0.6409301096025043
81.67226890756302 0.6413202729586364
81.76830732292918 0.6417098385884223
81.86434573829533 0.6420985551206466
81.96038415366147 0.6424857430730875
82.05642256902762 0.6428707350014414
82.15246098439376 0.6432538252837612
82.24849939975991 0.6436362437132354
82.34453781512606 0.6440186260823239
82.4405762304922 0.6444001231271709
82.53661464585835 0.6447792987161359
82.63265306122449 0.6451561958685433
82.72869147659064 0.6455324487384559
82.82472989195679 0.6459093934018822
82.92076830732293 0.6462869064933503
83.01680672268908 0.6466638993667739
83.11284513805522 0.6470395423374397
83.20888355342137 0.6474134364803051
83.30492196878753 0.6477855240097401
83.40096038415366 0.6481560300851676
83.49699879951982 0.6485254160374225
83.59303721488595 0.6488942637673321
83.6890756302521 0.6492632302246989
83.78511404561824 0.649632703088888
83.8811524609844 0.650002566665863
83.97719087635055 0.6503723391649523
84.07322929171669 0.6507415506839679
84.16926770708284 0.6511098188863443
84.26530612244898 0.6514770281064725
84.36134453781513 0.651843457213918
84.45738295318128 0.6522095622805433
84.55342136854742 0.6525753566084106
84.64945978391357 0.6529403492780831
84.74549819927971 0.6533042215638631
84.84153661464586 0.6536673352921876
84.93757503001201 0.6540303473171152
85.03361344537815 0.6543930254428066
85.1296518607443 0.6547541064361023
85.22569027611044 0.6551124953009255
85.3217286914766 0.6554682127825003
85.41776710684275 0.6558221179469489
85.51380552220888 0.6561749551266356
85.60984393757504 0.656527172621458
85.70588235294117 0.6568790163614613
85.80192076830733 0.6572306076734321
85.89795918367348 0.6575819054414862
85.99399759903962 0.6579325722449122
86.09003601440577 0.6582819799849305
86.1860744297719 0.6586298161721299
86.28211284513806 0.6589766126002181
86.37815126050421 0.6593233954728919
86.47418967587035 0.6596703932035258
86.5702280912365 0.6600167973436301
86.66626650660264 0.6603616423711153
86.76230492196879 0.6607046116026253
86.85834333733494 0.661046018909494
86.95438175270108 0.6613866307621218
87.05042016806723 0.6617275878299975
87.14645858343337 0.6620696131555245
87.24249699879952 0.6624122503290091
87.33853541416568 0.6627541589892311
87.43457382953181 0.6630943982240405
87.53061224489797 0.663432731874883
87.6266506602641 0.6637693873922734
87.72268907563026 0.6641048121441268
87.81872749099641 0.6644395590897643
87.91476590636255 0.6647738558318472
88.0108043217287 0.665107501468781
88.10684273709484 0.6654400951038397
88.20288115246099 0.6657712783783652
88.29891956782713 0.666100828482593
88.39495798319328 0.6664290166487897
88.49099639855943 0.6667566850814877
88.58703481392557 0.6670846374099588
88.68307322929172 0.6674129591345386
88.77911164465786 0.6677411168746793
88.87515006002401 0.6680685864037652
88.97118847539016 0.6683950326823987
89.0672268907563 0.6687202192388559
89.16326530612245 0.6690439020312955
89.25930372148859 0.6693659065005511
89.35534213685474 0.6696865379275767
89.4513805522209 0.6700066840358052
89.54741896758703 0.6703269998985756
89.64345738295319 0.6706469050962554
89.73949579831933 0.6709648890214305
89.83553421368548 0.6712804267802976
89.93157262905163 0.6715945657957104
90.02761104441777 0.6719085094060236
90.12364945978392 0.6722217856429822
90.21968787515006 0.6725325596322311
90.31572629051621 0.6728400319914165
90.41176470588236 0.6731452367548084
90.5078031212485 0.6734498865116114
90.60384153661465 0.6737548029169259
90.69987995198079 0.6740599279739368
90.79591836734694 0.6743650453684621
90.8919567827131 0.6746700420494954
90.98799519807923 0.6749748789063967
91.08403361344538 0.6752795483953519
91.18007202881152 0.6755840457269937
91.27611044417768 0.6758882099904588
91.37214885954383 0.6761916692493124
91.46818727490997 0.6764941704808927
91.56422569027612 0.6767960749726699
91.66026410564226 0.677098263853831
91.75630252100841 0.6774012480804036
91.85234093637456 0.677704812741191
91.9483793517407 0.678008298659042
92.04441776710685 0.6783110482186288
92.14045618247299 0.6786124927399966
92.23649459783914 0.6789124889745283
92.33253301320529 0.6792114558305202
92.42857142857143 0.6795098795006754
92.52460984393758 0.6798074911818281
92.62064825930372 0.6801033527701403
92.71668667466987 0.6803970671906626
92.81272509003601 0.6806893150727225
92.90876350540216 0.6809811723740937
93.00480192076832 0.6812729143361457
93.10084033613445 0.681563997017563
93.1968787515006 0.6818538592399589
93.29291716686674 0.6821423026037611
93.3889555822329 0.682429440056668
93.48499399759905 0.6827155973228486
93.58103241296519 0.6830012284900356
93.67707082833134 0.6832862965221719
93.77310924369748 0.6835699694218597
93.86914765906363 0.6838512947879472
93.96518607442978 0.6841305094893255
94.06122448979592 0.6844090154581876
94.15726290516207 0.6846878284777121
94.25330132052821 0.6849667661410843
94.34933973589436 0.6852450812876657
94.44537815126051 0.6855227674377742
94.54141656662665 0.6858005804761362
94.6374549819928 0.6860787333872379
94.73349339735894 0.6863561777795989
94.8295318127251 0.686631433175246
94.92557022809125 0.6869043839794126
95.02160864345738 0.6871763692891655
95.11764705882354 0.6874487371482036
95.21368547418967 0.6877220019409359
95.30972388955583 0.6879959447116711
95.40576230492198 0.6882698633672555
95.50180072028812 0.6885426834583407
95.59783913565427 0.6888137853980282
95.6938775510204 0.6890835103350016
95.78991596638656 0.6893527356328887
95.88595438175271 0.6896218445667173
95.98199279711885 0.689890613978414
96.078031212485 0.6901586545003171
96.17406962785114 0.6904256945328866
96.27010804321729 0.6906915457664643
96.36614645858344 0.6909560045062885
96.46218487394958 0.6912188546244679
96.55822328931573 0.6914800949337749
96.65426170468187 0.6917400928070947
96.75030012004802 0.6919992763010903
96.84633853541418 0.6922573081309692
96.94237695078031 0.6925130601756061
97.03841536614647 0.6927660822032882
97.1344537815126 0.6930176479176071
97.23049219687876 0.6932699027340696
97.3265306122449 0.6935234099668366
97.42256902761105 0.693776848888188
97.5186074429772 0.6940288038290112
97.61464585834334 0.6942791046684936
97.71068427370949 0.6945285046932934
97.80672268907563 0.6947776306656346
97.90276110444178 0.6950267811439931
97.99879951980793 0.6952758012343754
98.09483793517407 0.6955239841827209
98.19087635054022 0.6957703692235966
98.28691476590636 0.6960146827324929
98.38295318127251 0.6962574724723878
98.47899159663866 0.6964992849254429
98.5750300120048 0.696739984761749
98.67106842737095 0.6969790032287649
98.76710684273709 0.6972162280362181
98.86314525810324 0.6974521531089389
98.9591836734694 0.6976872633308315
99.05522208883554 0.6979214998687959
99.15126050420169 0.6981544777746442
99.24729891956783 0.6983863100619487
99.34333733493398 0.6986177486819233
99.43937575030013 0.6988494170884115
99.53541416566627 0.6990811096884857
99.63145258103242 0.6993120129128183
99.72749099639856 0.6995416184291032
99.82352941176471 0.6997699161277567
99.91956782713086 0.6999970024602957
100.015606242497 0.7002227048973504
100.11164465786315 0.7004466577102948
100.20768307322929 0.7006686579910686
100.30372148859544 0.7008887557671053
100.3997599039616 0.7011073234923305
100.49579831932773 0.7013251260280867
100.59183673469389 0.7015431141991487
100.68787515006002 0.7017615560422548
100.78391356542618 0.701979836893807
100.87995198079233 0.7021970950769553
100.97599039615847 0.7024128942931938
101.07202881152462 0.7026271870678147
101.16806722689076 0.7028400135504465
101.26410564225691 0.7030514170240016
101.36014405762306 0.7032613933315714
101.4561824729892 0.7034698346861342
101.55222088835535 0.703676575807959
101.64825930372149 0.7038816217223034
101.74429771908764 0.7040852089645397
101.84033613445378 0.7042876575892593
101.93637454981993 0.7044891984629127
102.03241296518608 0.70468999814737
102.12845138055222 0.7048903291409875
102.22448979591837 0.7050906133809957
102.32052821128451 0.7052911248202876
102.41656662665066 0.705491624727419
102.51260504201682 0.7056914943544116
102.60864345738295 0.705890540418464
102.7046818727491 0.7060892386136107
102.80072028811524 0.7062880653116418
102.8967587034814 0.7064866365139839
102.99279711884755 0.7066838953804214
103.08883553421369 0.7068794570863441
103.18487394957984 0.7070740472051423
103.28091236494598 0.707268553952199
103.37695078031213 0.7074627447752542
103.47298919567828 0.7076554573360825
103.56902761104442 0.7078462443318676
103.66506602641057 0.7080359491352762
103.76110444177671 0.7082257711897546
103.85714285714286 0.7084159353337605
103.95318127250901 0.7086057649420803
104.04921968787515 0.7087947603405105
104.1452581032413 0.7089830056010431
104.24129651860744 0.7091708791685084
104.3373349339736 0.709358619978374
104.43337334933975 0.7095463017706909
104.52941176470588 0.7097338972349778
104.62545018007204 0.7099213039275661
104.72148859543817 0.7101083430635132
104.81752701080433 0.7102947574563825
104.91356542617048 0.7104802710338392
105.00960384153662 0.7106650047584961
105.10564225690277 0.7108496450854968
105.2016806722689 0.7110348470042374
105.29771908763506 0.7112202455052518
105.39375750300121 0.7114045526609507
105.48979591836735 0.711586957720386
105.5858343337335 0.7117677482355419
105.68187274909964 0.7119477459585138
105.77791116446579 0.7121273203591069
105.87394957983194 0.7123063328484497
105.96998799519808 0.7124844732197745
106.06602641056423 0.712661419016524
106.16206482593037 0.7128368549935262
106.25810324129652 0.7130105070242657
106.35414165666266 0.7131821844797624
106.45018007202881 0.7133521050026941
106.54621848739497 0.713521052735781
106.6422569027611 0.7136899857288
106.73829531812726 0.7138592768082488
106.8343337334934 0.714028679321014
106.93037214885955 0.7141977883162396
107.0264105642257 0.7143662826831239
107.12244897959184 0.7145339452215854
107.21848739495799 0.714700699161707
107.31452581032413 0.7148666078972256
107.41056422569028 0.7150318315306396
107.50660264105643 0.7151966019913251
107.60264105642257 0.7153610745258556
107.69867947178872 0.715525010366414
107.79471788715486 0.7156877944590656
107.89075630252101 0.7158490266418331
107.98679471788716 0.7160088635123721
108.0828331332533 0.7161676660079639
108.17887154861945 0.7163251952236104
108.27490996398559 0.71648059433229
108.37094837935174 0.7166333806657597
108.4669867947179 0.7167840507109045
108.56302521008404 0.7169336924600869
108.65906362545019 0.7170830435938881
108.75510204081633 0.7172323625169081
108.85114045618248 0.7173815181091999
108.94717887154863 0.7175300480382218
109.04321728691477 0.7176773316182661
109.13925570228092 0.7178230208571812
109.23529411764706 0.7179670865613839
109.33133253301321 0.7181095676448168
109.42737094837936 0.7182504017067198
109.5234093637455 0.7183894670315302
109.61944777911165 0.7185267021834663
109.71548619447779 0.7186621362232981
109.81152460984394 0.7187960312333335
109.9075630252101 0.7189289831662121
110.00360144057623 0.7190616409264061
110.09963985594239 0.7191939149066597
110.19567827130852 0.7193249172109493
110.29171668667468 0.7194540627018559
110.38775510204083 0.7195818908092473
110.48379351740697 0.7197095378207398
110.57983193277312 0.7198371209695302
110.67587034813926 0.7199635351868382
110.77190876350541 0.7200878850561507
110.86794717887155 0.7202106083011311
110.9639855942377 0.7203329631854586
111.06002400960385 0.7204553359294937
111.15606242496999 0.7205769772513793
111.25210084033614 0.7206970875171727
111.34813925570228 0.7208157114108377
111.44417767106843 0.7209334258881815
111.54021608643458 0.7210502233453568
111.63625450180072 0.721165336605032
111.73229291716687 0.7212782221271488
111.82833133253301 0.721389411562037
111.92436974789916 0.7215001675780667
112.02040816326532 0.7216111862621654
112.11644657863145 0.7217223388347676
112.2124849939976 0.7218331435916122
112.30852340936374 0.7219431953313237
112.4045618247299 0.7220522181569969
112.50060024009605 0.7221602029126168
112.59663865546219 0.7222674232859085
112.69267707082834 0.7223741089131926
112.78871548619448 0.7224801329859142
112.88475390156063 0.7225851075478675
112.98079231692678 0.7226888038019589
113.07683073229292 0.7227912427904821
113.17286914765907 0.7228924216412511
113.26890756302521 0.7229920387898383
113.36494597839136 0.7230896609677774
113.46098439375751 0.7231854627483323
113.55702280912365 0.7232803830180473
113.6530612244898 0.7233752604942617
113.74909963985594 0.7234699223377304
113.8451380552221 0.7235634325918484
113.94117647058825 0.7236553663342394
114.03721488595438 0.7237461344921735
114.13325330132054 0.7238363427239587
114.22929171668667 0.7239260814929784
114.32533013205283 0.724015031028822
114.42136854741898 0.724103116203479
114.51740696278512 0.7241906829042173
114.61344537815127 0.7242781058399473
114.7094837935174 0.7243653323262965
114.80552220888356 0.7244519808522967
114.90156062424971 0.7245379484106073
114.99759903961585 0.7246235793056435
115.093637454982 0.7247090980047487
115.18967587034814 0.7247939160006616
115.28571428571429 0.7248768659295173
115.38175270108043 0.7249576321235603
115.47779111644658 0.7250371855232854
115.57382953181273 0.725116769720024
115.66986794717887 0.7251965989546414
115.76590636254502 0.7252759549861368
115.86194477791116 0.725354184607306
115.95798319327731 0.7254310385037209
116.05402160864347 0.7255065968083179
116.1500600240096 0.7255811684127151
116.24609843937576 0.7256551753613499
116.3421368547419 0.725728522249395
116.43817527010805 0.7258003829531755
116.5342136854742 0.7258698605759757
116.63025210084034 0.725936923622577
116.72629051620649 0.7260023311346899
116.82232893157263 0.7260667362266912
116.91836734693878 0.7261303487488785
117.01440576230493 0.7261931524612423
117.11044417767107 0.7262552296122419
117.20648259303722 0.7263167698590819
117.30252100840336 0.7263779559298689
117.39855942376951 0.7264389174187922
117.49459783913566 0.7264997149553586
117.5906362545018 0.7265603155367992
117.68667466986795 0.7266205891708565
117.78271308523409 0.7266802998489604
117.87875150060025 0.7267391032010025
117.9747899159664 0.7267966467423145
118.07082833133254 0.7268527351468461
118.16686674669869 0.7269073434740011
118.26290516206483 0.7269606019912146
118.35894357743098 0.7270127885014488
118.45498199279713 0.7270642640128415
118.55102040816327 0.7271153613061462
118.64705882352942 0.7271663341586047
118.74309723889556 0.7272170461550344
118.83913565426171 0.7272668298424442
118.93517406962786 0.7273150262587413
119.031212484994 0.7273619713183446
119.12725090036015 0.7274089343180472
119.22328931572629 0.7274567376600345
119.31932773109244 0.7275050770093915
119.4153661464586 0.727553107171224
119.51140456182473 0.7276005768262215
119.60744297719089 0.7276478615770566
119.70348139255702 0.7276951195537449
119.79951980792318 0.7277418533466236
119.89555822328931 0.727787365236031
119.99159663865547 0.7278316860822824
120.08763505402162 0.727875577055252
120.18367346938776 0.7279194914748294
120.27971188475391 0.7279630059962059
120.37575030012005 0.7280052278767979
120.4717887154862 0.7280456754198553
120.56782713085235 0.7280843527424906
120.66386554621849 0.7281213671406193
120.75990396158464 0.7281567079776524
120.85594237695078 0.7281903689336678
120.95198079231693 0.7282226288949958
121.04801920768308 0.7282540481130616
121.14405762304922 0.7282850165079352
121.24009603841537 0.7283154791513221
121.33613445378151 0.7283451087319566
121.43217286914766 0.7283737230984517
121.52821128451382 0.7284013438507625
121.62424969987995 0.7284281759916615
121.7202881152461 0.7284545942037642
121.81632653061224 0.7284809173887205
121.9123649459784 0.7285068453814589
122.00840336134455 0.7285314521634867
122.10444177671069 0.7285541645966648
122.20048019207684 0.7285754207885029
122.29651860744298 0.7285961745573031
122.39255702280913 0.7286165563405916
122.48859543817528 0.7286357400726576
122.58463385354142 0.7286530621756567
122.68067226890757 0.728668813536497
122.77671068427371 0.7286838273340382
122.87274909963986 0.7286982850278952
122.96878751500601 0.7287115685146414
123.06482593037215 0.728723084535021
123.1608643457383 0.7287328781960898
123.25690276110444 0.7287414324822508
123.3529411764706 0.7287490361527735
123.44897959183675 0.7287556805576462
123.54501800720288 0.7287612491121617
123.64105642256904 0.72876566555271
123.73709483793517 0.7287689166143956
123.83313325330133 0.7287711104190501
123.92917166866746 0.728772476681379
124.02521008403362 0.7287731845991801
124.12124849939977 0.7287731932225586
124.21728691476591 0.7287723275341047
124.31332533013206 0.7287705428362666
124.4093637454982 0.7287679689293801
124.50540216086435 0.7287647316419176
124.6014405762305 0.7287607987498976
124.69747899159664 0.7287559923883183
124.79351740696279 0.7287500493607747
124.88955582232893 0.728742643244327
124.98559423769508 0.7287335577612951
125.08163265306123 0.7287228439916646
125.17767106842737 0.7287107873511518
125.27370948379352 0.7286977659928456
125.36974789915966 0.7286842048165705
125.46578631452581 0.7286702932293542
125.56182472989197 0.7286557163144639
125.6578631452581 0.7286398594680251
125.75390156062426 0.7286226453672304
125.8499399759904 0.7286047044142906
125.94597839135655 0.7285866226406101
126.0420168067227 0.7285681892385222
126.13805522208884 0.7285486248295507
126.23409363745499 0.7285276542380993
126.33013205282113 0.7285057585090596
126.42617046818728 0.7284835795140617
126.52220888355343 0.728461294292086
126.61824729891957 0.7284386794674946
126.71428571428572 0.7284155198056192
126.81032412965186 0.7283917177824848
126.90636254501801 0.7283672470435509
127.00240096038416 0.7283421010404417
127.0984393757503 0.7283162867046097
127.19447779111646 0.7282898075973109
127.2905162064826 0.7282626568149114
127.38655462184875 0.7282347483017098
127.4825930372149 0.7282058371922924
127.57863145258104 0.7281755788271826
127.67466986794719 0.7281438380743868
127.77070828331333 0.7281107797874866
127.86674669867948 0.7280767482802457
127.96278511404563 0.7280421205541027
128.05882352941177 0.7280072432535694
128.1548619447779 0.7279721527341909
128.25090036014404 0.7279364972212056
128.3469387755102 0.7278999894243685
128.44297719087635 0.7278629858460302
128.53901560624251 0.727826335072237
128.63505402160865 0.7277903430176433
128.7310924369748 0.7277544371448575
128.82713085234093 0.7277178342827271
128.92316926770707 0.7276804389762223
129.01920768307323 0.7276427656114516
129.11524609843937 0.7276051236708799
129.21128451380554 0.727567330579772
129.30732292917168 0.727528973929258
129.4033613445378 0.72748978249643
129.49939975990398 0.7274496364770184
129.59543817527012 0.7274084586225072
129.69147659063626 0.7273661741770829
129.7875150060024 0.7273227805095582
129.88355342136856 0.7272784507419293
129.9795918367347 0.7272334862673826
130.07563025210084 0.727187953367858
130.171668667467 0.7271415438953884
130.26770708283314 0.7270939457163169
130.36374549819928 0.7270454220418334
130.45978391356545 0.726996723158169
130.55582232893158 0.7269481309755469
130.65186074429772 0.7268990628621022
130.74789915966386 0.7268485770180588
130.84393757503003 0.7267962048801361
130.93997599039616 0.726741989296414
131.0360144057623 0.7266861997318719
131.13205282112847 0.7266292037989123
131.2280912364946 0.7265713520984088
131.32412965186074 0.7265127801493076
131.42016806722688 0.7264534320261408
131.51620648259305 0.7263933968560385
131.6122448979592 0.7263330641558903
131.70828331332532 0.7262728757739798
131.8043217286915 0.7262128730066423
131.90036014405763 0.7261526873042742
131.99639855942377 0.7260918581479346
132.09243697478993 0.7260299912042685
132.18847539015607 0.7259668535368663
132.2845138055222 0.7259025540266374
132.38055222088835 0.7258375074835556
132.4765906362545 0.7257719404616806
132.57262905162065 0.725705636064359
132.6686674669868 0.725638234426567
132.76470588235296 0.7255698430894171
132.8607442977191 0.7255010338375293
132.95678271308523 0.7254321259602287
133.0528211284514 0.7253627954616785
133.14885954381754 0.7252924494065309
133.24489795918367 0.725221029625886
133.3409363745498 0.7251490489201355
133.43697478991598 0.7250769274046988
133.53301320528212 0.7250046101366481
133.62905162064826 0.7249317100172499
133.72509003601442 0.7248578376814019
133.82112845138056 0.7247826802819872
133.9171668667467 0.7247063659914897
134.01320528211286 0.7246296833961283
134.109243697479 0.7245536053161424
134.20528211284514 0.7244781571129548
134.30132052821128 0.7244023661520921
134.39735894357744 0.7243255454715953
134.49339735894358 0.7242481119552421
134.58943577430972 0.7241709907757788
134.6854741896759 0.7240940993564385
134.78151260504202 0.7240162360560266
134.87755102040816 0.7239365540025509
134.97358943577433 0.723855549748218
135.06962785114047 0.723774535505083
135.1656662665066 0.723694204914277
135.26170468187274 0.7236144332182818
135.3577430972389 0.7235347055485678
135.45378151260505 0.7234544196657322
135.54981992797119 0.7233730220735504
135.64585834333735 0.7232903683644732
135.7418967587035 0.7232067585201268
135.83793517406963 0.7231225641171997
135.93397358943577 0.7230379516764982
136.03001200480193 0.7229528889392518
136.12605042016807 0.7228671819516226
136.2220888355342 0.7227805042111455
136.31812725090037 0.7226927359706801
136.4141656662665 0.7226042286357872
136.51020408163265 0.722515598224707
136.60624249699882 0.7224270642828924
136.70228091236496 0.7223383458856282
136.7983193277311 0.7222490451701569
136.89435774309723 0.7221589615627891
136.9903961584634 0.722068033988031
137.08643457382954 0.7219761215459692
137.18247298919567 0.7218829758515075
137.27851140456184 0.721788546315901
137.37454981992798 0.7216932428223453
137.47058823529412 0.7215977543560461
137.56662665066028 0.7215023917791411
137.66266506602642 0.7214069647806112
137.75870348139256 0.7213111452709975
137.8547418967587 0.7212147959277525
137.95078031212486 0.7211179244996669
138.046818727491 0.721020473410517
138.14285714285714 0.7209222760753581
138.2388955582233 0.7208231502884109
138.33493397358944 0.7207229869037703
138.43097238895558 0.7206217674982752
138.52701080432175 0.7205196196311111
138.62304921968789 0.7204168228229598
138.71908763505402 0.7203136421997282
138.81512605042016 0.7202101625736514
138.91116446578633 0.720106293617053
139.00720288115247 0.7200018198099212
139.1032412965186 0.7198964208244679
139.19927971188477 0.7197898582110288
139.2953181272509 0.7196821709719873
139.39135654261705 0.7195736434145352
139.4873949579832 0.7194646266190885
139.58343337334935 0.7193554836456737
139.6794717887155 0.7192464164516679
139.77551020408163 0.719137275418001
139.8715486194478 0.7190276310626031
139.96758703481393 0.7189171470856403
140.06362545018007 0.7188056882466303
140.15966386554624 0.7186933478281099
140.25570228091237 0.7185804794255377
140.3517406962785 0.718467588059847
140.44777911164465 0.7183547928644718
140.54381752701082 0.7182416782652544
140.63985594237695 0.7181277607736802
140.7358943577431 0.7180130558002371
140.83193277310926 0.717897997179159
140.9279711884754 0.7177828491730518
141.02400960384153 0.7176675242108621
141.1200480192077 0.7175518169716136
141.21608643457384 0.7174357030706857
141.31212484993998 0.7173193229366529
141.40816326530611 0.7172027888361593
141.50420168067228 0.7170861186726384
141.60024009603842 0.7169692028863132
141.69627851140456 0.7168517600828344
141.79231692677072 0.7167334041155436
141.88835534213686 0.7166140488505619
141.984393757503 0.7164940444788478
142.08043217286917 0.7163737822315164
142.1764705882353 0.7162531372264789
142.27250900360144 0.7161315459739769
142.36854741896758 0.7160087350126345
142.46458583433375 0.7158849899569251
142.56062424969988 0.7157608209931612
142.65666266506602 0.7156364668650892
142.7527010804322 0.7155118841007816
142.84873949579833 0.7153869355568158
142.94477791116446 0.7152614661031801
143.04081632653063 0.7151353228355176
143.13685474189677 0.7150083862435404
143.2328931572629 0.7148805901205154
143.32893157262905 0.7147520405698401
143.4249699879952 0.7146230627775274
143.52100840336135 0.7144939774444997
143.6170468187275 0.7143647343223134
143.71308523409365 0.7142349440679627
143.8091236494598 0.7141043568971382
143.90516206482593 0.7139730722146399
144.0012004801921 0.7138413108810463
144.09723889555823 0.7137090212788528
144.19327731092437 0.7135759094434215
144.2893157262905 0.7134419744574141
144.38535414165668 0.7133077540545385
144.48139255702282 0.7131738708607807
144.57743097238895 0.7130402070632181
144.67346938775512 0.7129059308656001
144.76950780312126 0.7127704293086803
144.8655462184874 0.7126337657361811
144.96158463385353 0.7124964125239849
145.0576230492197 0.7123587352416804
145.15366146458584 0.7122209444604809
145.24969987995198 0.7120831815998083
145.34573829531814 0.7119455626629292
145.44177671068428 0.7118080533591243
145.53781512605042 0.7116702170153573
145.63385354141658 0.7115312697316661
145.72989195678272 0.7113908771258023
145.82593037214886 0.711249586586755
145.921968787515 0.7111083118379056
146.01800720288117 0.7109672323950964
146.1140456182473 0.7108257375306869
146.21008403361344 0.7106832607259284
146.3061224489796 0.7105397592954296
146.40216086434575 0.7103956089940958
146.49819927971188 0.7102513566592006
146.59423769507805 0.7101076386552532
146.6902761104442 0.7099646691136766
146.78631452581033 0.7098219314902452
146.88235294117646 0.7096784789511172
146.97839135654263 0.7095336507633457
147.07442977190877 0.7093871838270726
147.1704681872749 0.7092393140226136
147.26650660264107 0.7090908395130595
147.3625450180072 0.7089427816496578
147.45858343337335 0.7087955408756091
147.55462184873952 0.7086488040811283
147.65066026410565 0.7085019784460915
147.7466986794718 0.7083544823069404
147.84273709483793 0.7082058734972502
147.9387755102041 0.7080561720064538
148.03481392557023 0.7079058750646948
148.13085234093637 0.7077554764167496
148.22689075630254 0.7076051280890253
148.32292917166868 0.7074547201451815
148.4189675870348 0.7073041202248861
148.51500600240098 0.7071532178921914
148.61104441776712 0.7070019701975317
148.70708283313326 0.706850435316692
148.8031212484994 0.7066987319439244
148.89915966386556 0.7065469184695915
148.9951980792317 0.7063949759204381
149.09123649459784 0.7062428814090244
149.187274909964 0.7060906652099057
149.28331332533014 0.7059383714285936
149.37935174069628 0.705785931908965
149.47539015606242 0.705633162190184
149.57142857142858 0.7054800914940306
149.66746698679472 0.7053272320842635
149.76350540216086 0.7051752559238023
149.85954381752703 0.7050239135941826
149.95558223289316 0.7048718867030066
150.0516206482593 0.7047180595965099
150.14765906362547 0.7045626104065991
150.2436974789916 0.7044066470879167
150.33973589435774 0.7042508316539408
150.43577430972388 0.7040951058803514
150.53181272509005 0.7039391133677164
150.6278511404562 0.7037825799854951
150.72388955582232 0.7036253442226265
150.8199279711885 0.7034674186379853
150.91596638655463 0.7033089874059442
151.01200480192077 0.7031500656096706
151.10804321728693 0.70299017671939
151.20408163265307 0.7028285951516731
151.3001200480192 0.70266533168191
151.39615846338535 0.7025013291067308
151.4921968787515 0.7023375154923106
151.58823529411765 0.7021738628039608
151.6842737094838 0.7020096377643632
151.78031212484996 0.7018445903170887
151.8763505402161 0.7016792305413199
151.97238895558223 0.7015141730651276
152.0684273709484 0.7013494524001412
152.16446578631454 0.7011846045649613
152.26050420168067 0.7010191571162957
152.3565426170468 0.7008527615631133
152.45258103241298 0.7006851905948389
152.54861944777912 0.7005163350581998
152.64465786314526 0.7003462240684384
152.74069627851142 0.700175118597567
152.83673469387756 0.700003529749097
152.9327731092437 0.6998319701505044
153.02881152460984 0.6996606674875531
153.124849939976 0.6994895790202151
153.22088835534214 0.699318537402586
153.31692677070828 0.6991472974169506
153.41296518607444 0.6989756190133352
153.50900360144058 0.6988033678183796
153.60504201680672 0.6986305254161809
153.7010804321729 0.6984572118590635
153.79711884753902 0.698283687077612
153.89315726290516 0.6981101411431797
153.9891956782713 0.6979364274883778
154.08523409363747 0.697762159871906
154.1812725090036 0.6975873316042064
154.27731092436974 0.6974125123651697
154.3733493397359 0.697238346875367
154.46938775510205 0.6970648847421766
154.56542617046819 0.6968916385649863
154.66146458583435 0.6967181839924597
154.7575030012005 0.6965443733323572
154.85354141656663 0.6963703098868974
154.94957983193277 0.6961963117006729
155.04561824729893 0.6960228385895406
155.14165666266507 0.6958500647118897
155.2376950780312 0.6956777225276889
155.33373349339738 0.6955053568212365
155.4297719087635 0.6953327000458868
155.52581032412965 0.695159672385863
155.62184873949582 0.6949861879311022
155.71788715486196 0.6948120798248166
155.8139255702281 0.6946372368804373
155.90996398559423 0.6944618160333076
156.0060024009604 0.6942862137341433
156.10204081632654 0.6941107457562986
156.19807923169267 0.6939355134537836
156.29411764705884 0.6937604435754346
156.39015606242498 0.693585353842186
156.48619447779112 0.6934100077354958
156.58223289315728 0.6932344691192862
156.67827130852342 0.6930592532105959
156.77430972388956 0.6928848647373255
156.8703481392557 0.6927110034048969
156.96638655462186 0.6925366422124604
157.062424969988 0.6923612341309201
157.15846338535414 0.6921852683190448
157.2545018007203 0.6920096712030787
157.35054021608644 0.691834718661482
157.44657863145258 0.6916599913232496
157.54261704681872 0.6914849427590395
157.6386554621849 0.6913091793534957
157.73469387755102 0.6911325145689737
157.83073229291716 0.6909550688046994
157.92677070828333 0.6907772292756338
158.02280912364947 0.6905992030844655
158.1188475390156 0.6904207880235766
158.21488595438177 0.6902416491343165
158.3109243697479 0.6900618766617189
158.40696278511405 0.6898819854390092
158.50300120048018 0.6897022913055504
158.59903961584635 0.689522572907278
158.6950780312125 0.6893423258734365
158.79111644657863 0.6891613062098088
158.8871548619448 0.688979573365617
158.98319327731093 0.6887972348531413
159.07923169267707 0.6886142999484814
159.17527010804324 0.688430726689273
159.27130852340937 0.6882465302451101
159.3673469387755 0.6880617924876039
159.46338535414165 0.6878766089257483
159.55942376950782 0.6876910565256336
159.65546218487395 0.6875051537141517
159.7515006002401 0.6873187674444785
159.84753901560626 0.6871316257355213
159.9435774309724 0.6869436101038803
160.03961584633853 0.6867549408289665
160.1356542617047 0.6865660836088321
160.23169267707084 0.6863775117771946
160.32773109243698 0.6861896451467793
160.42376950780312 0.6860025449932685
160.51980792316928 0.6858157112572215
160.61584633853542 0.685628371443858
160.71188475390156 0.6854402442520091
160.80792316926772 0.685251626890855
160.90396158463386 0.6850629340998111
161.0 0.6848743746104066
161.09603841536617 0.6846859318189265
161.1920768307323 0.684497328361448
161.28811524609844 0.6843080480094983
161.38415366146458 0.6841177242582183
161.48019207683075 0.6839264267153902
161.57623049219688 0.6837345306905597
161.67226890756302 0.6835423187384025
161.7683073229292 0.6833499161526561
161.86434573829533 0.6831574052750617
161.96038415366147 0.6829649140713295
162.0564225690276 0.6827725663622556
162.15246098439377 0.6825803214557933
162.2484993997599 0.6823879627070972
162.34453781512605 0.6821954099554915
162.4405762304922 0.6820029738202902
162.53661464585835 0.6818111334212267
162.6326530612245 0.6816197895144868
162.72869147659065 0.6814281645228001
162.8247298919568 0.6812357036657507
162.92076830732293 0.6810428456897538
163.01680672268907 0.6808506239726313
163.11284513805523 0.6806592104152303
163.20888355342137 0.6804676609719975
163.3049219687875 0.6802750165825806
163.40096038415368 0.6800812924179206
163.49699879951982 0.6798872616242314
163.59303721488595 0.67969354288749
163.68907563025212 0.6795003961893207
163.78511404561826 0.6793077878717018
163.8811524609844 0.6791154520738198
163.97719087635053 0.6789229818735097
164.0732292917167 0.6787301703601181
164.16926770708284 0.6785370816160069
164.26530612244898 0.6783438038031891
164.36134453781514 0.6781502043885352
164.45738295318128 0.6779560084127109
164.55342136854742 0.6777611595549647
164.64945978391358 0.6775658962969824
164.74549819927972 0.6773703661018273
164.84153661464586 0.6771742236770462
164.937575030012 0.676976805733374
165.03361344537817 0.6767779639780777
165.1296518607443 0.6765782661914255
165.22569027611044 0.6763783753026092
165.3217286914766 0.6761783703180817
165.41776710684275 0.6759778613538688
165.51380552220888 0.6757766697357352
165.60984393757505 0.6755750081519155
165.7058823529412 0.675373076032535
165.80192076830733 0.675170594697303
165.89795918367346 0.6749669584271104
165.99399759903963 0.6747620861648354
166.09003601440577 0.6745566570921713
166.1860744297719 0.6743514265356271
166.28211284513807 0.6741464003442825
166.3781512605042 0.6739409656013265
166.47418967587035 0.6737348073501823
166.5702280912365 0.6735281910145909
166.66626650660265 0.673321614231079
166.7623049219688 0.6731153653416999
166.85834333733493 0.6729095073710487
166.9543817527011 0.6727039440676544
167.05042016806723 0.6724984449047439
167.14645858343337 0.6722927516802719
167.24249699879954 0.6720867205055713
167.33853541416568 0.6718803142397927
167.43457382953181 0.6716735032357641
167.53061224489795 0.6714662301508758
167.62665066026412 0.6712584162310345
167.72268907563026 0.6710499701555604
167.8187274909964 0.6708408156686437
167.91476590636256 0.6706310556511956
168.0108043217287 0.6704210296948175
168.10684273709484 0.6702111099051417
168.202881152461 0.6700014002023749
168.29891956782714 0.6697917519237385
168.39495798319328 0.6695820178493979
168.49099639855942 0.6693721515825485
168.58703481392558 0.6691621263925861
168.68307322929172 0.6689518092360976
168.77911164465786 0.6687409798360301
168.87515006002403 0.6685295344992493
168.97118847539016 0.668317570054078
169.0672268907563 0.6681053000550895
169.16326530612247 0.6678929180482805
169.2593037214886 0.6676805815145914
169.35534213685474 0.6674683863235387
169.45138055222088 0.6672563558125207
169.54741896758705 0.667044464044934
169.6434573829532 0.6668326756592741
169.73949579831933 0.6666209446320632
169.8355342136855 0.6664091743801821
169.93157262905163 0.666197199918474
170.02761104441777 0.665984850405675
170.12364945978393 0.6657720620295927
170.21968787515007 0.6655588749434771
170.3157262905162 0.6653453120871505
170.41176470588235 0.6651313205878756
170.50780312124851 0.664916856723634
170.60384153661465 0.6647020478883899
170.6998799519808 0.6644871726066971
170.79591836734696 0.6642723295833264
170.8919567827131 0.6640572687752648
170.98799519807923 0.663841621666394
171.08403361344537 0.6636253639385252
171.18007202881154 0.6634088272565168
171.27611044417768 0.6631923007206557
171.3721488595438 0.6629758148062689
171.46818727490998 0.6627592138583626
171.56422569027612 0.6625423128715078
171.66026410564226 0.6623249358874548
171.75630252100842 0.662107100086107
171.85234093637456 0.6618891199950838
171.9483793517407 0.6616714180658059
172.04441776710684 0.6614541019885538
172.140456182473 0.661236931104144
172.23649459783914 0.6610195585733037
172.33253301320528 0.6608016773184267
172.42857142857144 0.6605830668852524
172.52460984393758 0.660363698543219
172.62064825930372 0.6601437369218222
172.7166866746699 0.6599233912027933
172.81272509003603 0.6597028208395465
172.90876350540216 0.659482104205968
173.0048019207683 0.6592611647415643
173.10084033613447 0.6590397706852524
173.1968787515006 0.658817665323258
173.29291716686674 0.658594653762828
173.3889555822329 0.6583706483540946
173.48499399759905 0.6581457831361373
173.5810324129652 0.657920412701368
173.67707082833135 0.6576948614829043
173.7731092436975 0.6574692484974002
173.86914765906363 0.6572435586636417
173.96518607442977 0.6570178483687695
174.06122448979593 0.6567922677186956
174.15726290516207 0.6565668829886258
174.2533013205282 0.6563415462247832
174.34933973589438 0.6561160035456852
174.4453781512605 0.6558902180273946
174.54141656662665 0.655664403798403
174.63745498199282 0.6554386656515496
174.73349339735896 0.6552127207504547
174.8295318127251 0.6549860823752619
174.92557022809123 0.6547586451404855
175.0216086434574 0.6545307713872355
175.11764705882354 0.6543028849394009
175.21368547418967 0.6540751413117855
175.30972388955584 0.6538474355249052
175.40576230492198 0.6536194574734802
175.50180072028812 0.6533907209852069
175.59783913565425 0.6531608731974674
175.69387755102042 0.65292995834847
175.78991596638656 0.6526983221158084
175.8859543817527 0.6524662557186289
175.98199279711886 0.6522339219896249
176.078031212485 0.6520013980332594
176.17406962785114 0.6517687134570488
176.2701080432173 0.6515358881376386
176.36614645858344 0.6513030642532233
176.46218487394958 0.651070522872621
176.55822328931572 0.6508384107117711
176.6542617046819 0.6506064830388225
176.75030012004802 0.650374247576384
176.84633853541416 0.6501415540735838
176.94237695078033 0.6499087164582135
177.03841536614647 0.6496760873932808
177.1344537815126 0.6494436378004892
177.23049219687877 0.6492110287905951
177.3265306122449 0.6489779750786521
177.42256902761105 0.6487443370472691
177.51860744297718 0.6485101181262108
177.61464585834335 0.6482754620818696
177.7106842737095 0.6480405965651826
177.80672268907563 0.6478055915519849
177.9027611044418 0.647570302914312
177.99879951980793 0.6473345958905837
178.09483793517407 0.6470985887483002
178.19087635054024 0.6468625976557535
178.28691476590637 0.646626831002519
178.3829531812725 0.6463913012306468
178.47899159663865 0.6461557810342349
178.57503001200482 0.6459197531372443
178.67106842737095 0.6456825255700094
178.7671068427371 0.6454437986397231
178.86314525810326 0.6452038249761899
178.9591836734694 0.6449630850328504
179.05522208883554 0.6447218967049617
179.1512605042017 0.6444804186557953
179.24729891956784 0.6442387846141738
179.34333733493398 0.6439971434693117
179.43937575030012 0.6437555640513373
179.53541416566628 0.6435139147063309
179.63145258103242 0.6432719216766496
179.72749099639856 0.6430295248056751
179.82352941176472 0.6427869901796677
179.91956782713086 0.6425446426354801
180.015606242497 0.6423025103795931
180.11164465786314 0.6420603544595813
180.2076830732293 0.6418179758156753
180.30372148859544 0.641575324619771
180.39975990396158 0.6413325232953156
180.49579831932775 0.6410898985936715
180.59183673469389 0.6408478913754573
180.68787515006002 0.640606496617053
180.7839135654262 0.6403650638366517
180.87995198079233 0.6401228002239534
180.97599039615847 0.6398795093555985
181.0720288115246 0.6396355474811636
181.16806722689077 0.6393911683003147
181.2641056422569 0.6391462673141467
181.36014405762305 0.6389005728783042
181.4561824729892 0.6386539417982331
181.55222088835535 0.6384063913422717
181.6482593037215 0.6381581463224429
181.74429771908765 0.6379096550953264
181.8403361344538 0.637661355766529
181.93637454981993 0.6374132967232797
182.03241296518607 0.6371651562214276
182.12845138055224 0.6369166320111249
182.22448979591837 0.6366676124158921
182.3205282112845 0.6364181582821302
182.41656662665068 0.6361684711140599
182.51260504201682 0.6359188571214245
182.60864345738295 0.6356694760061726
182.70468187274912 0.6354202260279598
182.80072028811526 0.6351708711485717
182.8967587034814 0.6349212703766338
182.99279711884753 0.6346713886325872
183.0888355342137 0.6344211908083369
183.18487394957984 0.6341705899772836
183.28091236494598 0.6339194417551065
183.37695078031214 0.6336675342117932
183.47298919567828 0.6334146147027944
183.56902761104442 0.6331606325533197
183.66506602641059 0.6329058622952269
183.76110444177672 0.6326507141797563
183.85714285714286 0.6323953550463988
183.953181272509 0.6321396844146095
184.04921968787517 0.6318835262866657
184.1452581032413 0.6316267333474129
184.24129651860744 0.6313692299226533
184.3373349339736 0.6311111000734446
184.43337334933975 0.6308525835120724
184.52941176470588 0.6305939275196916
184.62545018007202 0.6303353028302683
184.7214885954382 0.63007686433049
184.81752701080433 0.6298188874065055
184.91356542617046 0.629561742940321
185.00960384153663 0.6293054417038668
185.10564225690277 0.6290493628871989
185.2016806722689 0.6287926493671779
185.29771908763507 0.6285351372028986
185.3937575030012 0.6282774219483075
185.48979591836735 0.6280201245815049
185.5858343337335 0.6277634287489997
185.68187274909965 0.627507190697256
185.7779111644658 0.6272512266540196
185.87394957983193 0.626995361522938
185.9699879951981 0.6267394924363965
186.06602641056423 0.6264836308144462
186.16206482593037 0.6262278770872327
186.25810324129654 0.6259723533906651
186.35414165666268 0.6257171854321504
186.45018007202881 0.6254624073612168
186.54621848739495 0.6252078955329733
186.64225690276112 0.6249534038494058
186.73829531812726 0.6246986639116449
186.8343337334934 0.6244434094230887
186.93037214885956 0.6241874790307389
187.0264105642257 0.6239308916291711
187.12244897959184 0.6236738217817193
187.218487394958 0.6234165240972103
187.31452581032414 0.6231593066938633
187.41056422569028 0.6229023386183244
187.50660264105642 0.6226455016418578
187.60264105642258 0.6223885161361067
187.69867947178872 0.6221313370578192
187.79471788715486 0.6218742136995542
187.89075630252103 0.6216174410255868
187.98679471788716 0.62136115841534
188.0828331332533 0.6211053489291432
188.17887154861947 0.6208498550664182
188.2749099639856 0.6205943932501525
188.37094837935174 0.6203387484748277
188.46698679471788 0.6200829397667178
188.56302521008405 0.6198271113615936
188.6590636254502 0.6195711432510546
188.75510204081633 0.6193145915735514
188.8511404561825 0.6190571283040369
188.94717887154863 0.6187989339171589
189.04321728691477 0.6185405252872226
189.1392557022809 0.6182820850149667
189.23529411764707 0.6180233297103065
189.3313325330132 0.6177639088545214
189.42737094837935 0.6175037789821638
189.52340936374551 0.6172431318242532
189.61944777911165 0.6169820651468226
189.7154861944778 0.6167205090944945
189.81152460984396 0.6164583363344246
189.9075630252101 0.6161954705855253
190.00360144057623 0.615931925319562
190.09963985594237 0.6156679421991661
190.19567827130854 0.6154040084978046
190.29171668667468 0.6151404321561443
190.3877551020408 0.6148769019902792
190.48379351740698 0.6146126809089181
190.57983193277312 0.6143475181364348
190.67587034813926 0.6140818733745061
190.77190876350542 0.613816395876324
190.86794717887156 0.6135513582142302
190.9639855942377 0.6132867032896225
191.06002400960384 0.6130223847751702
191.15606242497 0.6127584591521062
191.25210084033614 0.6124949572825382
191.34813925570228 0.6122317377519767
191.44417767106845 0.6119685241946591
191.54021608643458 0.6117051219252886
191.63625450180072 0.6114414815921934
191.7322929171669 0.6111776628870167
191.82833133253303 0.6109137910402249
191.92436974789916 0.6106500144547251
192.0204081632653 0.6103863028655712
192.11644657863147 0.6101223897584457
192.2124849939976 0.6098579947577765
192.30852340936374 0.6095931039108209
192.4045618247299 0.6093279383933256
192.50060024009605 0.6090626915884153
192.5966386554622 0.6087974425504852
192.69267707082835 0.6085322126964751
192.7887154861945 0.6082670409259858
192.88475390156063 0.6080019889853555
192.98079231692677 0.6077371426949632
193.07683073229293 0.6074726097484182
193.17286914765907 0.607208400239041
193.2689075630252 0.6069442603198033
193.36494597839138 0.6066797226974714
193.4609843937575 0.6064144840313784
193.55702280912365 0.6061485444040025
193.6530612244898 0.6058821454418499
193.74909963985596 0.6056156796442063
193.8451380552221 0.6053496266849164
193.94117647058823 0.6050841927728795
194.0372148859544 0.6048191732554181
194.13325330132054 0.6045542106560756
194.22929171668667 0.6042891919348468
194.32533013205284 0.6040242340866852
194.42136854741898 0.6037593584403255
194.51740696278512 0.6034943584090391
194.61344537815125 0.6032290040956357
194.70948379351742 0.6029633739472919
194.80552220888356 0.6026978378115438
194.9015606242497 0.6024327195386693
194.99759903961586 0.6021681492065466
195.093637454982 0.6019040675768199
195.18967587034814 0.6016402345107955
195.2857142857143 0.6013762690516017
195.38175270108044 0.6011119485342652
195.47779111644658 0.6008473441445067
195.57382953181272 0.6005825918325757
195.6698679471789 0.600317480848008
195.76590636254502 0.6000514899937773
195.86194477791116 0.5997844280822595
195.95798319327733 0.5995167416483347
196.05402160864347 0.5992491021588546
196.1500600240096 0.5989816243340884
196.24609843937577 0.5987138529564687
196.3421368547419 0.5984453933431606
196.43817527010805 0.5981762333742713
196.53421368547419 0.5979065854323021
196.63025210084035 0.5976365678074335
196.7262905162065 0.5973661849778658
196.82232893157263 0.59709549170641
196.9183673469388 0.5968246808316487
197.01440576230493 0.5965539609036482
197.11044417767107 0.5962832985308855
197.20648259303724 0.5960124143390864
197.30252100840337 0.5957410586651678
197.3985594237695 0.5954691681230483
197.49459783913565 0.5951968526274687
197.59063625450182 0.5949243631817486
197.68667466986795 0.5946520558071782
197.7827130852341 0.5943800591765059
197.87875150060026 0.5941080770508061
197.9747899159664 0.5938356405794347
198.07082833133254 0.5935627003182743
198.16686674669867 0.5932896653606906
198.26290516206484 0.593016906009794
198.35894357743098 0.5927444414364945
198.45498199279712 0.5924720688136529
198.55102040816328 0.592199691170921
198.64705882352942 0.5919273540072092
198.74309723889556 0.5916550939453846
198.83913565426172 0.5913828388646695
198.93517406962786 0.591110505758183
199.031212484994 0.5908382584055455
199.12725090036014 0.5905665171005795
199.2232893157263 0.5902955574762738
199.31932773109244 0.5900252318491717
199.41536614645858 0.5897550787093593
199.51140456182475 0.5894846361360054
199.60744297719089 0.5892135075241373
199.70348139255702 0.5889415381901341
199.7995198079232 0.5886689441810116
199.89555822328933 0.5883961907527775
199.99159663865547 0.5881236342770988
200.0876350540216 0.587851459348294
200.18367346938777 0.5875796956201759
200.2797118847539 0.5873082308172657
200.37575030012005 0.5870368367548013
200.4717887154862 0.5867652471722665
200.56782713085235 0.5864931860583427
200.6638655462185 0.5862205852827364
200.75990396158466 0.5859477600519591
200.8559423769508 0.5856752073484495
200.95198079231693 0.585402941273553
201.04801920768307 0.5851303948928231
201.14405762304924 0.5848570257126499
201.24009603841537 0.5845828288786349
201.3361344537815 0.5843082004837193
201.43217286914768 0.5840334182350181
201.52821128451382 0.5837585387888445
201.62424969987995 0.5834835420750928
201.72028811524612 0.5832084598194397
201.81632653061226 0.5829333701359998
201.9123649459784 0.5826583620264236
202.00840336134453 0.5823835256533617
202.1044417767107 0.5821089170572264
202.20048019207684 0.5818345251611098
202.29651860744298 0.5815602767486819
202.39255702280914 0.5812860599716635
202.48859543817528 0.5810117317861202
202.58463385354142 0.5807371578362365
202.68067226890756 0.5804622516341571
202.77671068427372 0.5801869909051833
202.87274909963986 0.5799114771780791
202.968787515006 0.5796359421368699
203.06482593037217 0.5793605398647511
203.1608643457383 0.5790851324770809
203.25690276110444 0.578809352662581
203.3529411764706 0.5785329114101125
203.44897959183675 0.5782556843845907
203.54501800720288 0.5779778302585379
203.64105642256902 0.5776999189972096
203.7370948379352 0.5774227623941174
203.83313325330133 0.5771466212876326
203.92917166866746 0.5768710028905342
204.02521008403363 0.5765952590744894
204.12124849939977 0.5763192674235202
204.2172869147659 0.5760433526529868
204.31332533013207 0.5757677366939916
204.4093637454982 0.5754923789944303
204.50540216086435 0.5752171152976489
204.6014405762305 0.574941823592709
204.69747899159665 0.574666434785645
204.7935174069628 0.5743909375397148
204.88955582232893 0.5741153774323653
204.9855942376951 0.5738397736174194
205.08163265306123 0.5735640141060077
205.17767106842737 0.5732878895961095
205.27370948379354 0.5730113097058994
205.36974789915968 0.5727343727464738
205.46578631452581 0.5724572775084308
205.56182472989195 0.5721802068000883
205.65786314525812 0.5719033111618201
205.75390156062426 0.5716266615612424
205.8499399759904 0.5713502332929866
205.94597839135656 0.5710739272465261
206.0420168067227 0.5707975993844072
206.13805522208884 0.5705210802864127
206.234093637455 0.5702442793751056
206.33013205282114 0.5699672217630726
206.42617046818728 0.5696899540975985
206.52220888355342 0.5694124071695376
206.61824729891958 0.569134422170155
206.71428571428572 0.5688559867437923
206.81032412965186 0.5685773245128792
206.90636254501803 0.5682987198735383
207.00240096038416 0.568020249074233
207.0984393757503 0.5677417874216576
207.19447779111644 0.5674632106182917
207.2905162064826 0.567184477956851
207.38655462184875 0.5669056182870768
207.48259303721488 0.5666267070321348
207.57863145258105 0.5663478502089048
207.6746698679472 0.5660690850058359
207.77070828331333 0.565790338058213
207.8667466986795 0.565511553157006
207.96278511404563 0.5652329082166749
208.05882352941177 0.5649547772740168
208.1548619447779 0.564677281903713
208.25090036014407 0.564400087997584
208.3469387755102 0.564122689922101
208.44297719087635 0.5638449194668108
208.53901560624251 0.5635669641882225
208.63505402160865 0.5632890922432199
208.7310924369748 0.5630115184130386
208.82713085234096 0.5627343640488015
208.9231692677071 0.5624575833264593
209.01920768307323 0.5621809684267236
209.11524609843937 0.561904262574426
209.21128451380554 0.5616272185287229
209.30732292917168 0.5613496856592788
209.4033613445378 0.5610717814877033
209.49939975990398 0.5607938748708046
209.59543817527012 0.5605162490166078
209.69147659063626 0.5602389207743003
209.78751500600242 0.5599617315938804
209.88355342136856 0.5596845404292966
209.9795918367347 0.5594072605745186
210.07563025210084 0.5591299847058492
210.171668667467 0.5588530545597477
210.26770708283314 0.5585768606151232
210.36374549819928 0.5583014004017732
210.45978391356545 0.5580262662159812
210.55582232893158 0.5577511261318957
210.65186074429772 0.5574760099604508
210.7478991596639 0.5572011383355755
210.84393757503003 0.5569265184635617
210.93997599039616 0.5566519152953595
211.0360144057623 0.5563771649078302
211.13205282112847 0.5561023705465652
211.2280912364946 0.5558277771374847
211.32412965186074 0.5555534576985518
211.4201680672269 0.5552792845622424
211.51620648259305 0.5550051451594948
211.6122448979592 0.5547310841182184
211.70828331332532 0.5544572344178447
211.8043217286915 0.554183633680545
211.90036014405763 0.5539102023565415
211.99639855942377 0.5536368371037442
212.09243697478993 0.5533634755468191
212.18847539015607 0.5530901122213775
212.2845138055222 0.55281683858945
212.38055222088838 0.5525438390962215
212.4765906362545 0.5522712453180951
212.57262905162065 0.5519990297592183
212.6686674669868 0.5517270293209079
212.76470588235296 0.5514550192344894
212.8607442977191 0.5511827410280765
212.95678271308523 0.5509101209262882
213.0528211284514 0.5506374368633897
213.14885954381754 0.5503651388857049
213.24489795918367 0.5500932914474539
213.34093637454984 0.5498214987541401
213.43697478991598 0.549549390753788
213.53301320528212 0.5492770140271136
213.62905162064826 0.549004715614842
213.72509003601442 0.5487327356089841
213.82112845138056 0.5484611278723567
213.9171668667467 0.5481897974901
214.01320528211286 0.5479185324719325
214.109243697479 0.547647068966489
214.20528211284514 0.547375308994013
214.3013205282113 0.5471033568036227
214.39735894357744 0.546831339083521
214.49339735894358 0.5465592453499475
214.58943577430972 0.5462869610046887
214.6854741896759 0.5460144055100133
214.78151260504202 0.5457415624806197
214.87755102040816 0.5454684621312034
214.97358943577433 0.5451951649029851
215.06962785114047 0.5449217234822828
215.1656662665066 0.5446480408805853
215.26170468187277 0.5443738466883185
215.3577430972389 0.5440989136526566
215.45378151260505 0.5438232697962944
215.54981992797119 0.5435471643083006
215.64585834333735 0.5432708958524599
215.7418967587035 0.5429947635990694
215.83793517406963 0.5427189268887476
215.9339735894358 0.5424432608596881
216.03001200480193 0.5421674391972965
216.12605042016807 0.541891313011585
216.2220888355342 0.5416150024235105
216.31812725090037 0.5413386601810211
216.4141656662665 0.5410622162485912
216.51020408163265 0.5407854334102093
216.60624249699882 0.5405082138395472
216.70228091236496 0.5402306804097272
216.7983193277311 0.5399530387981205
216.89435774309726 0.5396754209962193
216.9903961584634 0.5393978822670171
217.08643457382954 0.5391204265485626
217.18247298919567 0.5388430141932713
217.27851140456184 0.5385655658163006
217.37454981992798 0.538287966867421
217.47058823529412 0.5380100965829351
217.56662665066028 0.537731972552995
217.66266506602642 0.5374537907447533
217.75870348139256 0.5371757362414427
217.85474189675872 0.5368977461485412
217.95078031212486 0.5366195444961811
218.046818727491 0.53634090718475
218.14285714285714 0.5360617499668973
218.2388955582233 0.5357821287006895
218.33493397358944 0.5355022396892962
218.43097238895558 0.5352223725543523
218.52701080432175 0.5349426443852011
218.62304921968789 0.5346629106935649
218.71908763505402 0.5343829494745996
218.8151260504202 0.5341027158816144
218.91116446578633 0.5338223306626532
219.00720288115247 0.53354190011958
219.1032412965186 0.5332614498713291
219.19927971188477 0.5329809500304826
219.2953181272509 0.5327003519198701
219.39135654261705 0.5324196072886891
219.4873949579832 0.5321387719922044
219.58343337334935 0.5318580446870113
219.6794717887155 0.5315776646667455
219.77551020408166 0.5312977555909523
219.8715486194478 0.5310183184847048
219.96758703481393 0.5307392724494626
220.06362545018007 0.5304604724556428
220.15966386554624 0.5301817688713005
220.25570228091237 0.5299031030655059
220.3517406962785 0.5296245032674489
220.44777911164468 0.5293459939136164
220.54381752701082 0.5290675567052745
220.63985594237695 0.5287891714685505
220.7358943577431 0.5285108855263895
220.83193277310926 0.5282328051996
220.9279711884754 0.5279549808371963
221.02400960384153 0.5276773547707047
221.1200480192077 0.5273998222491083
221.21608643457384 0.5271223402948995
221.31212484993998 0.5268449303067084
221.40816326530614 0.5265676089812361
221.50420168067228 0.5262903548258147
221.60024009603842 0.5260130998229959
221.69627851140456 0.5257357141511199
221.79231692677072 0.5254580299625885
221.88835534213686 0.5251800598539949
221.984393757503 0.5249021060284284
222.08043217286917 0.5246245046984082
222.1764705882353 0.5243471202651498
222.27250900360144 0.5240693572042119
222.3685474189676 0.5237908061655421
222.46458583433375 0.5235115888278338
222.56062424969988 0.5232321055593749
222.65666266506602 0.5229525047943715
222.7527010804322 0.5226726464887331
222.84873949579833 0.5223923878306918
222.94477791116446 0.5221117442963351
223.04081632653063 0.5218308348660876
223.13685474189677 0.5215497582962617
223.2328931572629 0.5212685699290754
223.32893157262907 0.5209872103564694
223.4249699879952 0.5207054637138857
223.52100840336135 0.520423105123506
223.6170468187275 0.5201402423146991
223.71308523409365 0.5198573246587108
223.8091236494598 0.5195747129450446
223.90516206482593 0.5192924108969871
224.0012004801921 0.5190101726878578
224.09723889555823 0.5187277740716044
224.19327731092437 0.5184450553300359
224.28931572629054 0.5181619510110852
224.38535414165668 0.5178785093766961
224.48139255702282 0.5175948775313016
224.57743097238895 0.5173112626340004
224.67346938775512 0.5170279150833814
224.76950780312126 0.5167449929051179
224.8655462184874 0.5164624681683337
224.96158463385356 0.5161801662315677
225.0576230492197 0.5158978767814196
225.15366146458584 0.5156153777902243
225.24969987995198 0.5153325078873768
225.34573829531814 0.5150492188919679
225.44177671068428 0.5147655806623948
225.53781512605042 0.5144817920079187
225.63385354141658 0.5141981647759705
225.72989195678272 0.5139148622012333
225.82593037214886 0.5136316993617009
225.92196878751503 0.513348277197801
226.01800720288117 0.513064402587888
226.1140456182473 0.5127801553149829
226.21008403361344 0.5124956979391083
226.3061224489796 0.5122111232998016
226.40216086434575 0.5119264677734039
226.49819927971188 0.5116417672393585
226.59423769507805 0.5113570645852612
226.6902761104442 0.5110723464502993
226.78631452581033 0.5107874899609869
226.8823529411765 0.5105023402349976
226.97839135654263 0.5102169780430871
227.07442977190877 0.5099317586336517
227.1704681872749 0.5096469869224919
227.26650660264107 0.5093626300470759
227.3625450180072 0.5090783919079296
227.45858343337335 0.5087940142079909
227.55462184873952 0.5085093428486388
227.65066026410565 0.5082243106904428
227.7466986794718 0.5079389215150402
227.84273709483796 0.5076532438723266
227.9387755102041 0.5073673904498696
228.03481392557023 0.5070815103763634
228.13085234093637 0.5067957283349346
228.22689075630254 0.5065100851139372
228.32292917166868 0.5062245298595558
228.4189675870348 0.5059388984758935
228.51500600240098 0.505652916154977
228.61104441776712 0.5053663853207259
228.70708283313326 0.50507937838017
228.80312124849942 0.5047921569670069
228.89915966386556 0.504504793606811
228.9951980792317 0.5042170822665176
229.09123649459784 0.5039288160958688
229.187274909964 0.5036400866071095
229.28331332533014 0.5033512134982288
229.37935174069628 0.5030623647999346
229.47539015606245 0.5027734570093668
229.57142857142858 0.5024843402183604
229.66746698679472 0.502195007568674
229.76350540216086 0.5019055739888729
229.85954381752703 0.5016161225084987
229.95558223289316 0.5013266600050748
230.0516206482593 0.5010371573190685
230.14765906362547 0.5007475969287409
230.2436974789916 0.5004579764125012
230.33973589435774 0.500168311962296
230.4357743097239 0.49987863812119043
230.53181272509005 0.4995889598744069
230.6278511404562 0.49929919280918833
230.72388955582232 0.4990091972430609
230.8199279711885 0.4987189794148973
230.91596638655463 0.49842875226485217
231.01200480192077 0.49813870955574235
231.10804321728693 0.49784872943507175
231.20408163265307 0.49755844340917454
231.3001200480192 0.4972677365082933
231.39615846338538 0.4969769145974177
231.4921968787515 0.49668637452834236
231.58823529411765 0.4963961491341589
231.6842737094838 0.4961059523572294
231.78031212484996 0.49581564463457733
231.8763505402161 0.4955253998093265
231.97238895558223 0.4952354591260358
232.0684273709484 0.4949457743392509
232.16446578631454 0.49465603806773956
232.26050420168067 0.49436605099377223
232.35654261704684 0.4940758633850696
232.45258103241298 0.49378568505227405
232.54861944777912 0.4934957478098137
232.64465786314526 0.4932062781399918
232.74069627851142 0.49291739140179
232.83673469387756 0.49262904954085546
232.9327731092437 0.4923411348214076
233.02881152460986 0.4920535680991144
233.124849939976 0.4917663113355777
233.22088835534214 0.49147930993317324
233.3169267707083 0.4911924684538907
233.41296518607444 0.4909057063599771
233.50900360144058 0.49061905216872576
233.60504201680672 0.49033262999622335
233.7010804321729 0.49004649005873324
233.79711884753902 0.48976053255853425
233.89315726290516 0.4894746294711479
233.98919567827133 0.4891888412404783
234.08523409363747 0.4889034014451733
234.1812725090036 0.488618416009787
234.27731092436974 0.488333719717804
234.3733493397359 0.48804902536273026
234.46938775510205 0.4877642037681918
234.56542617046819 0.48747929619409236
234.66146458583435 0.48719435969173464
234.7575030012005 0.48690938919759325
234.85354141656663 0.4866244002460968
234.9495798319328 0.48633959284551753
235.04561824729893 0.486055325361159
235.14165666266507 0.4857717037412782
235.2376950780312 0.48548836411130125
235.33373349339738 0.48520478805076644
235.4297719087635 0.4849209595037689
235.52581032412965 0.4846373805887127
235.62184873949582 0.48435443860232613
235.71788715486196 0.48407205081745147
235.8139255702281 0.48378985744103975
235.90996398559426 0.48350765081679487
236.0060024009604 0.4832254153601878
236.10204081632654 0.4829431561856117
236.19807923169267 0.48266079796361544
236.29411764705884 0.48237827751535184
236.39015606242498 0.48209575995645
236.48619447779112 0.4818136342699665
236.58223289315728 0.4815321310835394
236.67827130852342 0.48125108516533877
236.77430972388956 0.48097010008628116
236.87034813925573 0.4806889559381153
236.96638655462186 0.48040765857225737
237.062424969988 0.4801263067978895
237.15846338535414 0.47984500523594736
237.2545018007203 0.4795638322778979
237.35054021608644 0.47928276185852803
237.44657863145258 0.47900165858161087
237.54261704681875 0.4787203710315287
237.6386554621849 0.4784387961155157
237.73469387755102 0.4781569151128834
237.8307322929172 0.4778748879454012
237.92677070828333 0.47759304970081284
238.02280912364947 0.4773116505447956
238.1188475390156 0.47703066754376955
238.21488595438177 0.4767498848416107
238.3109243697479 0.4764691338856689
238.40696278511405 0.476188334705414
238.5030012004802 0.475907477556781
238.59903961584635 0.4756266089081091
238.6950780312125 0.4753458104108679
238.79111644657863 0.4750651366770737
238.8871548619448 0.47478460364200487
238.98319327731093 0.4745041886843352
239.07923169267707 0.47422383074459545
239.17527010804324 0.4739434498577539
239.27130852340937 0.4736630093306202
239.3673469387755 0.47338252907979267
239.46338535414168 0.47310210348075143
239.55942376950782 0.4728219163245511
239.65546218487395 0.4725421686447186
239.7515006002401 0.4722628339404645
239.84753901560626 0.4719836239548448
239.9435774309724 0.47170430431871385
240.03961584633853 0.47142497303717373
240.1356542617047 0.4711459558912524
240.23169267707084 0.4708674004333434
240.32773109243698 0.47058919362042384
240.42376950780314 0.47031111979616336
240.51980792316928 0.4700330071249156
240.61584633853542 0.4697547371060536
240.71188475390156 0.4694762598038244
240.80792316926772 0.46919759733038624
240.90396158463386 0.46891884369836156
241.0 0.46864016467333236
