tnew ca_PZAP ca_PSYK
1.00000 0.13218 0.13218
1.09604 0.13203 0.13217
1.19208 0.13188 0.13216
1.28812 0.13173 0.13214
1.38415 0.13159 0.13213
1.48019 0.13144 0.13212
1.57623 0.13129 0.13211
1.67227 0.13115 0.13209
1.76831 0.13100 0.13208
1.86435 0.13086 0.13207
1.96038 0.13071 0.13206
2.05642 0.13057 0.13204
2.15246 0.13043 0.13203
2.24850 0.13028 0.13202
2.34454 0.13015 0.13201
2.44058 0.13001 0.13199
2.53661 0.12987 0.13198
2.63265 0.12974 0.13197
2.72869 0.12960 0.13196
2.82473 0.12947 0.13194
2.92077 0.12934 0.13193
3.01681 0.12921 0.13192
3.11285 0.12908 0.13191
3.20888 0.12896 0.13190
3.30492 0.12883 0.13189
3.40096 0.12870 0.13187
3.49700 0.12858 0.13186
3.59304 0.12846 0.13185
3.68908 0.12834 0.13184
3.78511 0.12822 0.13183
3.88115 0.12811 0.13182
3.97719 0.12800 0.13181
4.07323 0.12789 0.13180
4.16927 0.12778 0.13179
4.26531 0.12768 0.13178
4.36134 0.12758 0.13177
4.45738 0.12748 0.13176
4.55342 0.12738 0.13175
4.64946 0.12729 0.13174
4.74550 0.12720 0.13173
4.84154 0.12711 0.13173
4.93758 0.12703 0.13172
5.03361 0.12694 0.13171
5.12965 0.12686 0.13170
5.22569 0.12679 0.13169
5.32173 0.12671 0.13169
5.41777 0.12664 0.13168
5.51381 0.12657 0.13167
5.60984 0.12650 0.13166
5.70588 0.12644 0.13166
5.80192 0.12637 0.13165
5.89796 0.12631 0.13164
5.99400 0.12625 0.13164
6.09004 0.12619 0.13163
6.18607 0.12614 0.13162
6.28211 0.12608 0.13162
6.37815 0.12603 0.13161
6.47419 0.12599 0.13161
6.57023 0.12594 0.13160
6.66627 0.12589 0.13160
6.76230 0.12585 0.13159
6.85834 0.12581 0.13159
6.95438 0.12577 0.13158
7.05042 0.12574 0.13158
7.14646 0.12570 0.13157
7.24250 0.12567 0.13157
7.33854 0.12563 0.13157
7.43457 0.12560 0.13156
7.53061 0.12557 0.13156
7.62665 0.12555 0.13156
7.72269 0.12552 0.13156
7.81873 0.12550 0.13155
7.91477 0.12548 0.13155
8.01080 0.12546 0.13155
8.10684 0.12545 0.13155
8.20288 0.12543 0.13155
8.29892 0.12543 0.13155
8.39496 0.12542 0.13154
8.49100 0.12542 0.13154
8.58703 0.12542 0.13154
8.68307 0.12542 0.13154
8.77911 0.12542 0.13154
8.87515 0.12543 0.13154
8.97119 0.12543 0.13154
9.06723 0.12544 0.13154
9.16327 0.12546 0.13154
9.25930 0.12547 0.13154
9.35534 0.12549 0.13155
9.45138 0.12550 0.13155
9.54742 0.12552 0.13155
9.64346 0.12554 0.13155
9.73950 0.12556 0.13155
9.83553 0.12558 0.13155
9.93157 0.12561 0.13156
10.02761 0.12563 0.13156
10.12365 0.12565 0.13156
10.21969 0.12568 0.13156
10.31573 0.12571 0.13156
10.41176 0.12574 0.13157
10.50780 0.12577 0.13157
10.60384 0.12580 0.13157
10.69988 0.12584 0.13157
10.79592 0.12588 0.13158
10.89196 0.12592 0.13158
10.98800 0.12597 0.13159
11.08403 0.12601 0.13159
11.18007 0.12606 0.13159
11.27611 0.12610 0.13160
11.37215 0.12615 0.13160
11.46819 0.12621 0.13161
11.56423 0.12626 0.13161
11.66026 0.12632 0.13162
11.75630 0.12637 0.13162
11.85234 0.12643 0.13163
11.94838 0.12649 0.13163
12.04442 0.12655 0.13164
12.14046 0.12660 0.13165
12.23649 0.12666 0.13165
12.33253 0.12673 0.13166
12.42857 0.12679 0.13167
12.52461 0.12685 0.13167
12.62065 0.12692 0.13168
12.71669 0.12699 0.13169
12.81273 0.12705 0.13170
12.90876 0.12712 0.13170
13.00480 0.12718 0.13171
13.10084 0.12725 0.13172
13.19688 0.12732 0.13173
13.29292 0.12740 0.13174
13.38896 0.12747 0.13175
13.48499 0.12755 0.13175
13.58103 0.12762 0.13176
13.67707 0.12770 0.13177
13.77311 0.12777 0.13178
13.86915 0.12785 0.13179
13.96519 0.12793 0.13180
14.06122 0.12802 0.13181
14.15726 0.12810 0.13182
14.25330 0.12818 0.13183
14.34934 0.12827 0.13184
14.44538 0.12836 0.13185
14.54142 0.12845 0.13186
14.63745 0.12854 0.13187
14.73349 0.12863 0.13188
14.82953 0.12873 0.13189
14.92557 0.12883 0.13190
15.02161 0.12892 0.13191
15.11765 0.12902 0.13192
15.21369 0.12913 0.13194
15.30972 0.12923 0.13195
15.40576 0.12934 0.13196
15.50180 0.12944 0.13197
15.59784 0.12955 0.13198
15.69388 0.12966 0.13199
15.78992 0.12978 0.13200
15.88595 0.12989 0.13202
15.98199 0.13000 0.13203
16.07803 0.13012 0.13204
16.17407 0.13024 0.13205
16.27011 0.13036 0.13206
16.36615 0.13048 0.13208
16.46218 0.13061 0.13209
16.55822 0.13073 0.13210
16.65426 0.13086 0.13211
16.75030 0.13098 0.13212
16.84634 0.13111 0.13214
16.94238 0.13124 0.13215
17.03842 0.13138 0.13216
17.13445 0.13151 0.13217
17.23049 0.13165 0.13219
17.32653 0.13179 0.13220
17.42257 0.13192 0.13221
17.51861 0.13206 0.13223
17.61465 0.13220 0.13224
17.71068 0.13234 0.13225
17.80672 0.13248 0.13227
17.90276 0.13262 0.13228
17.99880 0.13276 0.13229
18.09484 0.13290 0.13231
18.19088 0.13304 0.13232
18.28691 0.13319 0.13234
18.38295 0.13333 0.13235
18.47899 0.13347 0.13236
18.57503 0.13361 0.13238
18.67107 0.13375 0.13239
18.76711 0.13389 0.13241
18.86315 0.13404 0.13242
18.95918 0.13418 0.13244
19.05522 0.13432 0.13245
19.15126 0.13447 0.13247
19.24730 0.13462 0.13248
19.34334 0.13477 0.13250
19.43938 0.13492 0.13251
19.53541 0.13507 0.13253
19.63145 0.13522 0.13254
19.72749 0.13538 0.13256
19.82353 0.13554 0.13257
19.91957 0.13569 0.13259
20.01561 0.13585 0.13260
20.11164 0.13601 0.13262
20.20768 0.13617 0.13263
20.30372 0.13633 0.13265
20.39976 0.13649 0.13267
20.49580 0.13665 0.13268
20.59184 0.13681 0.13270
20.68788 0.13697 0.13271
20.78391 0.13714 0.13273
20.87995 0.13730 0.13275
20.97599 0.13746 0.13276
21.07203 0.13763 0.13278
21.16807 0.13779 0.13280
21.26411 0.13796 0.13281
21.36014 0.13812 0.13283
21.45618 0.13829 0.13285
21.55222 0.13846 0.13286
21.64826 0.13863 0.13288
21.74430 0.13880 0.13290
21.84034 0.13897 0.13291
21.93637 0.13914 0.13293
22.03241 0.13931 0.13295
22.12845 0.13948 0.13296
22.22449 0.13965 0.13298
22.32053 0.13982 0.13300
22.41657 0.13999 0.13301
22.51261 0.14016 0.13303
22.60864 0.14034 0.13305
22.70468 0.14051 0.13307
22.80072 0.14069 0.13308
22.89676 0.14086 0.13310
22.99280 0.14104 0.13312
23.08884 0.14122 0.13313
23.18487 0.14140 0.13315
23.28091 0.14158 0.13317
23.37695 0.14176 0.13319
23.47299 0.14193 0.13320
23.56903 0.14211 0.13322
23.66507 0.14229 0.13324
23.76110 0.14248 0.13326
23.85714 0.14266 0.13328
23.95318 0.14284 0.13329
24.04922 0.14302 0.13331
24.14526 0.14321 0.13333
24.24130 0.14340 0.13335
24.33733 0.14358 0.13337
24.43337 0.14377 0.13338
24.52941 0.14396 0.13340
24.62545 0.14415 0.13342
24.72149 0.14434 0.13344
24.81753 0.14454 0.13346
24.91357 0.14473 0.13348
25.00960 0.14493 0.13349
25.10564 0.14513 0.13351
25.20168 0.14533 0.13353
25.29772 0.14553 0.13355
25.39376 0.14573 0.13357
25.48980 0.14593 0.13359
25.58583 0.14613 0.13361
25.68187 0.14633 0.13363
25.77791 0.14654 0.13364
25.87395 0.14674 0.13366
25.96999 0.14694 0.13368
26.06603 0.14715 0.13370
26.16206 0.14736 0.13372
26.25810 0.14756 0.13374
26.35414 0.14777 0.13376
26.45018 0.14797 0.13378
26.54622 0.14818 0.13380
26.64226 0.14839 0.13382
26.73830 0.14860 0.13384
26.83433 0.14881 0.13385
26.93037 0.14902 0.13387
27.02641 0.14923 0.13389
27.12245 0.14944 0.13391
27.21849 0.14965 0.13393
27.31453 0.14986 0.13395
27.41056 0.15008 0.13397
27.50660 0.15029 0.13399
27.60264 0.15050 0.13401
27.69868 0.15071 0.13403
27.79472 0.15092 0.13405
27.89076 0.15114 0.13407
27.98679 0.15135 0.13409
28.08283 0.15157 0.13411
28.17887 0.15178 0.13413
28.27491 0.15200 0.13415
28.37095 0.15221 0.13417
28.46699 0.15243 0.13419
28.56303 0.15265 0.13421
28.65906 0.15287 0.13423
28.75510 0.15309 0.13425
28.85114 0.15331 0.13427
28.94718 0.15353 0.13429
29.04322 0.15375 0.13431
29.13926 0.15397 0.13433
29.23529 0.15419 0.13435
29.33133 0.15441 0.13437
29.42737 0.15463 0.13439
29.52341 0.15486 0.13441
29.61945 0.15508 0.13443
29.71549 0.15531 0.13445
29.81152 0.15553 0.13447
29.90756 0.15576 0.13449
30.00360 0.15599 0.13451
30.09964 0.15621 0.13453
30.19568 0.15644 0.13455
30.29172 0.15667 0.13457
30.38776 0.15689 0.13459
30.48379 0.15712 0.13462
30.57983 0.15735 0.13464
30.67587 0.15758 0.13466
30.77191 0.15781 0.13468
30.86795 0.15804 0.13470
30.96399 0.15827 0.13472
31.06002 0.15850 0.13474
31.15606 0.15874 0.13476
31.25210 0.15897 0.13478
31.34814 0.15920 0.13480
31.44418 0.15943 0.13482
31.54022 0.15966 0.13484
31.63625 0.15989 0.13487
31.73229 0.16012 0.13489
31.82833 0.16036 0.13491
31.92437 0.16059 0.13493
32.02041 0.16082 0.13495
32.11645 0.16106 0.13497
32.21248 0.16129 0.13499
32.30852 0.16153 0.13501
32.40456 0.16176 0.13503
32.50060 0.16200 0.13505
32.59664 0.16224 0.13507
32.69268 0.16247 0.13510
32.78872 0.16271 0.13512
32.88475 0.16294 0.13514
32.98079 0.16318 0.13516
33.07683 0.16342 0.13518
33.17287 0.16366 0.13520
33.26891 0.16389 0.13522
33.36495 0.16413 0.13524
33.46098 0.16437 0.13527
33.55702 0.16461 0.13529
33.65306 0.16485 0.13531
33.74910 0.16509 0.13533
33.84514 0.16533 0.13535
33.94118 0.16557 0.13537
34.03721 0.16581 0.13539
34.13325 0.16605 0.13542
34.22929 0.16630 0.13544
34.32533 0.16654 0.13546
34.42137 0.16678 0.13548
34.51741 0.16702 0.13550
34.61345 0.16727 0.13552
34.70948 0.16751 0.13555
34.80552 0.16776 0.13557
34.90156 0.16800 0.13559
34.99760 0.16825 0.13561
35.09364 0.16849 0.13563
35.18968 0.16874 0.13565
35.28571 0.16898 0.13568
35.38175 0.16923 0.13570
35.47779 0.16947 0.13572
35.57383 0.16972 0.13574
35.66987 0.16997 0.13576
35.76591 0.17022 0.13579
35.86194 0.17047 0.13581
35.95798 0.17072 0.13583
36.05402 0.17097 0.13585
36.15006 0.17122 0.13587
36.24610 0.17147 0.13590
36.34214 0.17172 0.13592
36.43818 0.17197 0.13594
36.53421 0.17222 0.13596
36.63025 0.17247 0.13598
36.72629 0.17273 0.13601
36.82233 0.17298 0.13603
36.91837 0.17324 0.13605
37.01441 0.17350 0.13607
37.11044 0.17375 0.13610
37.20648 0.17401 0.13612
37.30252 0.17427 0.13614
37.39856 0.17453 0.13616
37.49460 0.17479 0.13619
37.59064 0.17505 0.13621
37.68667 0.17532 0.13623
37.78271 0.17558 0.13625
37.87875 0.17584 0.13628
37.97479 0.17611 0.13630
38.07083 0.17637 0.13632
38.16687 0.17664 0.13634
38.26291 0.17691 0.13637
38.35894 0.17717 0.13639
38.45498 0.17744 0.13641
38.55102 0.17771 0.13643
38.64706 0.17797 0.13646
38.74310 0.17824 0.13648
38.83914 0.17850 0.13650
38.93517 0.17877 0.13652
39.03121 0.17903 0.13654
39.12725 0.17930 0.13657
39.22329 0.17957 0.13659
39.31933 0.17984 0.13661
39.41537 0.18011 0.13663
39.51140 0.18038 0.13666
39.60744 0.18065 0.13668
39.70348 0.18092 0.13670
39.79952 0.18119 0.13672
39.89556 0.18147 0.13674
39.99160 0.18174 0.13677
40.08764 0.18201 0.13679
40.18367 0.18229 0.13681
40.27971 0.18256 0.13683
40.37575 0.18284 0.13685
40.47179 0.18311 0.13688
40.56783 0.18338 0.13690
40.66387 0.18366 0.13692
40.75990 0.18393 0.13694
40.85594 0.18421 0.13696
40.95198 0.18448 0.13699
41.04802 0.18476 0.13701
41.14406 0.18503 0.13703
41.24010 0.18531 0.13705
41.33613 0.18558 0.13707
41.43217 0.18586 0.13709
41.52821 0.18614 0.13712
41.62425 0.18642 0.13714
41.72029 0.18670 0.13716
41.81633 0.18698 0.13718
41.91236 0.18726 0.13720
42.00840 0.18755 0.13722
42.10444 0.18783 0.13725
42.20048 0.18811 0.13727
42.29652 0.18840 0.13729
42.39256 0.18869 0.13731
42.48860 0.18897 0.13733
42.58463 0.18926 0.13735
42.68067 0.18954 0.13737
42.77671 0.18983 0.13740
42.87275 0.19012 0.13742
42.96879 0.19041 0.13744
43.06483 0.19070 0.13746
43.16086 0.19099 0.13748
43.25690 0.19128 0.13750
43.35294 0.19157 0.13752
43.44898 0.19186 0.13755
43.54502 0.19216 0.13757
43.64106 0.19245 0.13759
43.73709 0.19275 0.13761
43.83313 0.19305 0.13763
43.92917 0.19335 0.13765
44.02521 0.19364 0.13767
44.12125 0.19394 0.13770
44.21729 0.19424 0.13772
44.31333 0.19453 0.13774
44.40936 0.19483 0.13776
44.50540 0.19513 0.13778
44.60144 0.19543 0.13780
44.69748 0.19573 0.13782
44.79352 0.19604 0.13785
44.88956 0.19634 0.13787
44.98559 0.19664 0.13789
45.08163 0.19694 0.13791
45.17767 0.19725 0.13793
45.27371 0.19755 0.13795
45.36975 0.19786 0.13797
45.46579 0.19816 0.13800
45.56182 0.19847 0.13802
45.65786 0.19877 0.13804
45.75390 0.19907 0.13806
45.84994 0.19938 0.13808
45.94598 0.19969 0.13810
46.04202 0.19999 0.13812
46.13806 0.20030 0.13815
46.23409 0.20061 0.13817
46.33013 0.20092 0.13819
46.42617 0.20123 0.13821
46.52221 0.20154 0.13823
46.61825 0.20184 0.13825
46.71429 0.20215 0.13827
46.81032 0.20246 0.13829
46.90636 0.20277 0.13832
47.00240 0.20307 0.13834
47.09844 0.20338 0.13836
47.19448 0.20368 0.13838
47.29052 0.20398 0.13840
47.38655 0.20429 0.13842
47.48259 0.20459 0.13844
47.57863 0.20490 0.13847
47.67467 0.20520 0.13849
47.77071 0.20551 0.13851
47.86675 0.20581 0.13853
47.96279 0.20612 0.13855
48.05882 0.20643 0.13857
48.15486 0.20673 0.13859
48.25090 0.20704 0.13861
48.34694 0.20735 0.13863
48.44298 0.20766 0.13865
48.53902 0.20797 0.13868
48.63505 0.20828 0.13870
48.73109 0.20859 0.13872
48.82713 0.20890 0.13874
48.92317 0.20921 0.13876
49.01921 0.20951 0.13878
49.11525 0.20982 0.13880
49.21128 0.21013 0.13882
49.30732 0.21044 0.13884
49.40336 0.21075 0.13887
49.49940 0.21106 0.13889
49.59544 0.21137 0.13891
49.69148 0.21167 0.13893
49.78752 0.21198 0.13895
49.88355 0.21229 0.13897
49.97959 0.21260 0.13899
50.07563 0.21291 0.13901
50.17167 0.21322 0.13903
50.26771 0.21353 0.13905
50.36375 0.21383 0.13907
50.45978 0.21414 0.13909
50.55582 0.21444 0.13912
50.65186 0.21475 0.13914
50.74790 0.21505 0.13916
50.84394 0.21536 0.13918
50.93998 0.21566 0.13920
51.03601 0.21596 0.13922
51.13205 0.21626 0.13924
51.22809 0.21656 0.13926
51.32413 0.21686 0.13928
51.42017 0.21716 0.13930
51.51621 0.21746 0.13932
51.61224 0.21776 0.13934
51.70828 0.21806 0.13936
51.80432 0.21836 0.13938
51.90036 0.21866 0.13940
51.99640 0.21896 0.13942
52.09244 0.21926 0.13945
52.18848 0.21956 0.13947
52.28451 0.21986 0.13949
52.38055 0.22017 0.13951
52.47659 0.22046 0.13953
52.57263 0.22076 0.13955
52.66867 0.22106 0.13957
52.76471 0.22136 0.13959
52.86074 0.22166 0.13961
52.95678 0.22195 0.13963
53.05282 0.22225 0.13965
53.14886 0.22255 0.13967
53.24490 0.22284 0.13969
53.34094 0.22314 0.13971
53.43697 0.22343 0.13973
53.53301 0.22373 0.13975
53.62905 0.22402 0.13978
53.72509 0.22432 0.13980
53.82113 0.22461 0.13982
53.91717 0.22491 0.13984
54.01321 0.22520 0.13986
54.10924 0.22550 0.13988
54.20528 0.22579 0.13990
54.30132 0.22609 0.13992
54.39736 0.22638 0.13994
54.49340 0.22668 0.13996
54.58944 0.22698 0.13998
54.68547 0.22727 0.14000
54.78151 0.22757 0.14002
54.87755 0.22787 0.14004
54.97359 0.22816 0.14006
55.06963 0.22845 0.14008
55.16567 0.22875 0.14010
55.26170 0.22904 0.14012
55.35774 0.22934 0.14015
55.45378 0.22963 0.14017
55.54982 0.22992 0.14019
55.64586 0.23022 0.14021
55.74190 0.23051 0.14023
55.83794 0.23080 0.14025
55.93397 0.23110 0.14027
56.03001 0.23139 0.14029
56.12605 0.23169 0.14031
56.22209 0.23198 0.14033
56.31813 0.23227 0.14035
56.41417 0.23256 0.14037
56.51020 0.23286 0.14039
56.60624 0.23315 0.14041
56.70228 0.23344 0.14043
56.79832 0.23373 0.14045
56.89436 0.23402 0.14047
56.99040 0.23431 0.14049
57.08643 0.23461 0.14051
57.18247 0.23490 0.14053
57.27851 0.23519 0.14055
57.37455 0.23548 0.14057
57.47059 0.23578 0.14059
57.56663 0.23607 0.14061
57.66267 0.23636 0.14063
57.75870 0.23665 0.14065
57.85474 0.23694 0.14067
57.95078 0.23723 0.14069
58.04682 0.23752 0.14071
58.14286 0.23782 0.14073
58.23890 0.23811 0.14075
58.33493 0.23840 0.14077
58.43097 0.23869 0.14079
58.52701 0.23897 0.14081
58.62305 0.23926 0.14083
58.71909 0.23955 0.14085
58.81513 0.23984 0.14087
58.91116 0.24012 0.14089
59.00720 0.24041 0.14091
59.10324 0.24070 0.14093
59.19928 0.24099 0.14095
59.29532 0.24127 0.14097
59.39136 0.24156 0.14099
59.48739 0.24185 0.14101
59.58343 0.24213 0.14103
59.67947 0.24242 0.14105
59.77551 0.24271 0.14106
59.87155 0.24299 0.14108
59.96759 0.24327 0.14110
60.06363 0.24355 0.14112
60.15966 0.24384 0.14114
60.25570 0.24412 0.14116
60.35174 0.24441 0.14118
60.44778 0.24469 0.14120
60.54382 0.24498 0.14122
60.63986 0.24526 0.14124
60.73589 0.24554 0.14126
60.83193 0.24583 0.14128
60.92797 0.24611 0.14130
61.02401 0.24640 0.14132
61.12005 0.24668 0.14134
61.21609 0.24697 0.14136
61.31212 0.24725 0.14137
61.40816 0.24753 0.14139
61.50420 0.24781 0.14141
61.60024 0.24810 0.14143
61.69628 0.24838 0.14145
61.79232 0.24866 0.14147
61.88836 0.24894 0.14149
61.98439 0.24923 0.14151
62.08043 0.24951 0.14153
62.17647 0.24979 0.14155
62.27251 0.25008 0.14157
62.36855 0.25036 0.14159
62.46459 0.25064 0.14160
62.56062 0.25092 0.14162
62.65666 0.25120 0.14164
62.75270 0.25148 0.14166
62.84874 0.25176 0.14168
62.94478 0.25203 0.14170
63.04082 0.25231 0.14172
63.13685 0.25259 0.14174
63.23289 0.25287 0.14176
63.32893 0.25315 0.14177
63.42497 0.25342 0.14179
63.52101 0.25370 0.14181
63.61705 0.25398 0.14183
63.71309 0.25425 0.14185
63.80912 0.25453 0.14187
63.90516 0.25480 0.14189
64.00120 0.25508 0.14190
64.09724 0.25535 0.14192
64.19328 0.25563 0.14194
64.28932 0.25590 0.14196
64.38535 0.25617 0.14198
64.48139 0.25645 0.14200
64.57743 0.25672 0.14202
64.67347 0.25700 0.14203
64.76951 0.25727 0.14205
64.86555 0.25754 0.14207
64.96158 0.25781 0.14209
65.05762 0.25808 0.14211
65.15366 0.25836 0.14213
65.24970 0.25863 0.14215
65.34574 0.25891 0.14216
65.44178 0.25918 0.14218
65.53782 0.25946 0.14220
65.63385 0.25974 0.14222
65.72989 0.26001 0.14224
65.82593 0.26029 0.14226
65.92197 0.26056 0.14227
66.01801 0.26083 0.14229
66.11405 0.26111 0.14231
66.21008 0.26138 0.14233
66.30612 0.26165 0.14235
66.40216 0.26193 0.14237
66.49820 0.26220 0.14238
66.59424 0.26247 0.14240
66.69028 0.26275 0.14242
66.78631 0.26302 0.14244
66.88235 0.26329 0.14246
66.97839 0.26357 0.14247
67.07443 0.26384 0.14249
67.17047 0.26412 0.14251
67.26651 0.26439 0.14253
67.36255 0.26467 0.14255
67.45858 0.26494 0.14256
67.55462 0.26521 0.14258
67.65066 0.26548 0.14260
67.74670 0.26575 0.14262
67.84274 0.26602 0.14263
67.93878 0.26629 0.14265
68.03481 0.26656 0.14267
68.13085 0.26683 0.14269
68.22689 0.26711 0.14270
68.32293 0.26737 0.14272
68.41897 0.26764 0.14274
68.51501 0.26791 0.14276
68.61104 0.26818 0.14278
68.70708 0.26844 0.14279
68.80312 0.26871 0.14281
68.89916 0.26898 0.14283
68.99520 0.26924 0.14285
69.09124 0.26951 0.14286
69.18727 0.26978 0.14288
69.28331 0.27004 0.14290
69.37935 0.27031 0.14292
69.47539 0.27058 0.14293
69.57143 0.27085 0.14295
69.66747 0.27112 0.14297
69.76351 0.27139 0.14298
69.85954 0.27166 0.14300
69.95558 0.27193 0.14302
70.05162 0.27219 0.14304
70.14766 0.27246 0.14305
70.24370 0.27273 0.14307
70.33974 0.27300 0.14309
70.43577 0.27326 0.14310
70.53181 0.27353 0.14312
70.62785 0.27380 0.14314
70.72389 0.27406 0.14315
70.81993 0.27433 0.14317
70.91597 0.27460 0.14319
71.01200 0.27486 0.14321
71.10804 0.27513 0.14322
71.20408 0.27539 0.14324
71.30012 0.27566 0.14326
71.39616 0.27592 0.14327
71.49220 0.27618 0.14329
71.58824 0.27645 0.14331
71.68427 0.27671 0.14332
71.78031 0.27698 0.14334
71.87635 0.27724 0.14336
71.97239 0.27751 0.14337
72.06843 0.27777 0.14339
72.16447 0.27803 0.14341
72.26050 0.27830 0.14342
72.35654 0.27856 0.14344
72.45258 0.27882 0.14346
72.54862 0.27909 0.14347
72.64466 0.27935 0.14349
72.74070 0.27961 0.14351
72.83673 0.27987 0.14352
72.93277 0.28014 0.14354
73.02881 0.28040 0.14356
73.12485 0.28066 0.14357
73.22089 0.28092 0.14359
73.31693 0.28118 0.14361
73.41297 0.28144 0.14362
73.50900 0.28170 0.14364
73.60504 0.28196 0.14366
73.70108 0.28221 0.14367
73.79712 0.28247 0.14369
73.89316 0.28273 0.14371
73.98920 0.28298 0.14372
74.08523 0.28324 0.14374
74.18127 0.28349 0.14376
74.27731 0.28375 0.14377
74.37335 0.28400 0.14379
74.46939 0.28426 0.14381
74.56543 0.28451 0.14382
74.66146 0.28476 0.14384
74.75750 0.28501 0.14386
74.85354 0.28526 0.14387
74.94958 0.28551 0.14389
75.04562 0.28577 0.14391
75.14166 0.28602 0.14392
75.23770 0.28627 0.14394
75.33373 0.28652 0.14396
75.42977 0.28676 0.14397
75.52581 0.28701 0.14399
75.62185 0.28726 0.14400
75.71789 0.28751 0.14402
75.81393 0.28775 0.14404
75.90996 0.28800 0.14405
76.00600 0.28825 0.14407
76.10204 0.28849 0.14409
76.19808 0.28874 0.14410
76.29412 0.28899 0.14412
76.39016 0.28924 0.14414
76.48619 0.28948 0.14415
76.58223 0.28973 0.14417
76.67827 0.28997 0.14418
76.77431 0.29022 0.14420
76.87035 0.29046 0.14422
76.96639 0.29071 0.14423
77.06242 0.29095 0.14425
77.15846 0.29119 0.14427
77.25450 0.29144 0.14428
77.35054 0.29168 0.14430
77.44658 0.29192 0.14431
77.54262 0.29216 0.14433
77.63866 0.29240 0.14435
77.73469 0.29264 0.14436
77.83073 0.29287 0.14438
77.92677 0.29311 0.14439
78.02281 0.29335 0.14441
78.11885 0.29359 0.14443
78.21489 0.29382 0.14444
78.31092 0.29406 0.14446
78.40696 0.29430 0.14447
78.50300 0.29453 0.14449
78.59904 0.29477 0.14451
78.69508 0.29500 0.14452
78.79112 0.29523 0.14454
78.88715 0.29546 0.14455
78.98319 0.29570 0.14457
79.07923 0.29593 0.14459
79.17527 0.29616 0.14460
79.27131 0.29639 0.14462
79.36735 0.29662 0.14463
79.46339 0.29685 0.14465
79.55942 0.29708 0.14466
79.65546 0.29731 0.14468
79.75150 0.29754 0.14469
79.84754 0.29777 0.14471
79.94358 0.29800 0.14473
80.03962 0.29823 0.14474
80.13565 0.29845 0.14476
80.23169 0.29868 0.14477
80.32773 0.29891 0.14479
80.42377 0.29914 0.14480
80.51981 0.29937 0.14482
80.61585 0.29960 0.14483
80.71188 0.29982 0.14485
80.80792 0.30005 0.14486
80.90396 0.30028 0.14488
81.00000 0.30051 0.14489
81.09604 0.30073 0.14491
81.19208 0.30096 0.14492
81.28812 0.30118 0.14494
81.38415 0.30141 0.14495
81.48019 0.30163 0.14497
81.57623 0.30185 0.14498
81.67227 0.30208 0.14500
81.76831 0.30230 0.14501
81.86435 0.30252 0.14503
81.96038 0.30274 0.14504
82.05642 0.30296 0.14506
82.15246 0.30318 0.14507
82.24850 0.30340 0.14509
82.34454 0.30362 0.14510
82.44058 0.30384 0.14512
82.53661 0.30406 0.14513
82.63265 0.30428 0.14515
82.72869 0.30450 0.14516
82.82473 0.30471 0.14518
82.92077 0.30493 0.14519
83.01681 0.30514 0.14521
83.11285 0.30536 0.14522
83.20888 0.30557 0.14524
83.30492 0.30579 0.14525
83.40096 0.30600 0.14527
83.49700 0.30621 0.14528
83.59304 0.30642 0.14530
83.68908 0.30664 0.14531
83.78511 0.30685 0.14533
83.88115 0.30706 0.14534
83.97719 0.30727 0.14535
84.07323 0.30748 0.14537
84.16927 0.30769 0.14538
84.26531 0.30790 0.14540
84.36134 0.30811 0.14541
84.45738 0.30832 0.14543
84.55342 0.30853 0.14544
84.64946 0.30873 0.14546
84.74550 0.30894 0.14547
84.84154 0.30914 0.14549
84.93758 0.30935 0.14550
85.03361 0.30955 0.14552
85.12965 0.30975 0.14553
85.22569 0.30996 0.14554
85.32173 0.31016 0.14556
85.41777 0.31036 0.14557
85.51381 0.31057 0.14559
85.60984 0.31077 0.14560
85.70588 0.31098 0.14562
85.80192 0.31118 0.14563
85.89796 0.31138 0.14565
85.99400 0.31159 0.14566
86.09004 0.31179 0.14567
86.18607 0.31199 0.14569
86.28211 0.31220 0.14570
86.37815 0.31240 0.14572
86.47419 0.31260 0.14573
86.57023 0.31281 0.14575
86.66627 0.31301 0.14576
86.76230 0.31322 0.14577
86.85834 0.31342 0.14579
86.95438 0.31362 0.14580
87.05042 0.31382 0.14582
87.14646 0.31402 0.14583
87.24250 0.31422 0.14585
87.33854 0.31442 0.14586
87.43457 0.31462 0.14587
87.53061 0.31481 0.14589
87.62665 0.31501 0.14590
87.72269 0.31521 0.14592
87.81873 0.31540 0.14593
87.91477 0.31560 0.14595
88.01080 0.31580 0.14596
88.10684 0.31599 0.14597
88.20288 0.31619 0.14599
88.29892 0.31638 0.14600
88.39496 0.31658 0.14602
88.49100 0.31678 0.14603
88.58703 0.31697 0.14604
88.68307 0.31717 0.14606
88.77911 0.31736 0.14607
88.87515 0.31756 0.14609
88.97119 0.31775 0.14610
89.06723 0.31794 0.14611
89.16327 0.31813 0.14613
89.25930 0.31832 0.14614
89.35534 0.31851 0.14616
89.45138 0.31870 0.14617
89.54742 0.31889 0.14618
89.64346 0.31909 0.14620
89.73950 0.31928 0.14621
89.83553 0.31947 0.14623
89.93157 0.31966 0.14624
90.02761 0.31985 0.14625
90.12365 0.32003 0.14627
90.21969 0.32022 0.14628
90.31573 0.32041 0.14630
90.41176 0.32060 0.14631
90.50780 0.32079 0.14632
90.60384 0.32098 0.14634
90.69988 0.32116 0.14635
90.79592 0.32135 0.14636
90.89196 0.32153 0.14638
90.98800 0.32172 0.14639
91.08403 0.32191 0.14641
91.18007 0.32209 0.14642
91.27611 0.32228 0.14643
91.37215 0.32246 0.14645
91.46819 0.32265 0.14646
91.56423 0.32284 0.14647
91.66026 0.32302 0.14649
91.75630 0.32321 0.14650
91.85234 0.32339 0.14652
91.94838 0.32358 0.14653
92.04442 0.32376 0.14654
92.14046 0.32395 0.14656
92.23649 0.32413 0.14657
92.33253 0.32431 0.14658
92.42857 0.32449 0.14660
92.52461 0.32467 0.14661
92.62065 0.32485 0.14662
92.71669 0.32503 0.14664
92.81273 0.32521 0.14665
92.90876 0.32539 0.14666
93.00480 0.32557 0.14668
93.10084 0.32575 0.14669
93.19688 0.32593 0.14671
93.29292 0.32610 0.14672
93.38896 0.32628 0.14673
93.48499 0.32646 0.14675
93.58103 0.32663 0.14676
93.67707 0.32681 0.14677
93.77311 0.32698 0.14679
93.86915 0.32715 0.14680
93.96519 0.32733 0.14681
94.06122 0.32750 0.14683
94.15726 0.32767 0.14684
94.25330 0.32784 0.14685
94.34934 0.32800 0.14686
94.44538 0.32817 0.14688
94.54142 0.32834 0.14689
94.63745 0.32851 0.14690
94.73349 0.32868 0.14692
94.82953 0.32885 0.14693
94.92557 0.32902 0.14694
95.02161 0.32919 0.14696
95.11765 0.32936 0.14697
95.21369 0.32953 0.14698
95.30972 0.32970 0.14700
95.40576 0.32986 0.14701
95.50180 0.33003 0.14702
95.59784 0.33019 0.14703
95.69388 0.33036 0.14705
95.78992 0.33053 0.14706
95.88595 0.33069 0.14707
95.98199 0.33086 0.14709
96.07803 0.33102 0.14710
96.17407 0.33119 0.14711
96.27011 0.33135 0.14713
96.36615 0.33151 0.14714
96.46218 0.33168 0.14715
96.55822 0.33184 0.14716
96.65426 0.33200 0.14718
96.75030 0.33216 0.14719
96.84634 0.33232 0.14720
96.94238 0.33248 0.14721
97.03842 0.33264 0.14723
97.13445 0.33280 0.14724
97.23049 0.33297 0.14725
97.32653 0.33313 0.14726
97.42257 0.33329 0.14728
97.51861 0.33345 0.14729
97.61465 0.33361 0.14730
97.71068 0.33377 0.14731
97.80672 0.33393 0.14733
97.90276 0.33409 0.14734
97.99880 0.33424 0.14735
98.09484 0.33440 0.14736
98.19088 0.33456 0.14738
98.28691 0.33472 0.14739
98.38295 0.33487 0.14740
98.47899 0.33503 0.14741
98.57503 0.33518 0.14743
98.67107 0.33534 0.14744
98.76711 0.33549 0.14745
98.86315 0.33565 0.14746
98.95918 0.33580 0.14747
99.05522 0.33595 0.14749
99.15126 0.33610 0.14750
99.24730 0.33625 0.14751
99.34334 0.33640 0.14752
99.43938 0.33655 0.14754
99.53541 0.33670 0.14755
99.63145 0.33684 0.14756
99.72749 0.33699 0.14757
99.82353 0.33713 0.14758
99.91957 0.33728 0.14759
100.01561 0.33742 0.14761
100.11164 0.33756 0.14762
100.20768 0.33770 0.14763
100.30372 0.33785 0.14764
100.39976 0.33799 0.14765
100.49580 0.33813 0.14766
100.59184 0.33827 0.14768
100.68788 0.33841 0.14769
100.78391 0.33855 0.14770
100.87995 0.33869 0.14771
100.97599 0.33883 0.14772
101.07203 0.33897 0.14773
101.16807 0.33910 0.14775
101.26411 0.33924 0.14776
101.36014 0.33938 0.14777
101.45618 0.33952 0.14778
101.55222 0.33966 0.14779
101.64826 0.33979 0.14780
101.74430 0.33993 0.14781
101.84034 0.34006 0.14783
101.93637 0.34020 0.14784
102.03241 0.34034 0.14785
102.12845 0.34047 0.14786
102.22449 0.34061 0.14787
102.32053 0.34074 0.14788
102.41657 0.34088 0.14789
102.51261 0.34101 0.14790
102.60864 0.34114 0.14792
102.70468 0.34128 0.14793
102.80072 0.34141 0.14794
102.89676 0.34154 0.14795
102.99280 0.34167 0.14796
103.08884 0.34180 0.14797
103.18487 0.34193 0.14798
103.28091 0.34206 0.14799
103.37695 0.34219 0.14801
103.47299 0.34232 0.14802
103.56903 0.34245 0.14803
103.66507 0.34258 0.14804
103.76110 0.34271 0.14805
103.85714 0.34284 0.14806
103.95318 0.34297 0.14807
104.04922 0.34310 0.14808
104.14526 0.34322 0.14809
104.24130 0.34335 0.14811
104.33733 0.34348 0.14812
104.43337 0.34361 0.14813
104.52941 0.34373 0.14814
104.62545 0.34386 0.14815
104.72149 0.34398 0.14816
104.81753 0.34410 0.14817
104.91357 0.34423 0.14818
105.00960 0.34436 0.14819
105.10564 0.34448 0.14820
105.20168 0.34460 0.14821
105.29772 0.34473 0.14823
105.39376 0.34485 0.14824
105.48980 0.34497 0.14825
105.58583 0.34510 0.14826
105.68187 0.34522 0.14827
105.77791 0.34535 0.14828
105.87395 0.34547 0.14829
105.96999 0.34559 0.14830
106.06603 0.34571 0.14831
106.16206 0.34584 0.14832
106.25810 0.34596 0.14833
106.35414 0.34608 0.14834
106.45018 0.34620 0.14835
106.54622 0.34632 0.14836
106.64226 0.34644 0.14837
106.73830 0.34656 0.14838
106.83433 0.34668 0.14839
106.93037 0.34680 0.14840
107.02641 0.34693 0.14841
107.12245 0.34705 0.14842
107.21849 0.34716 0.14843
107.31453 0.34728 0.14844
107.41056 0.34740 0.14845
107.50660 0.34752 0.14846
107.60264 0.34764 0.14847
107.69868 0.34776 0.14849
107.79472 0.34787 0.14850
107.89076 0.34799 0.14851
107.98679 0.34811 0.14852
108.08283 0.34822 0.14853
108.17887 0.34833 0.14854
108.27491 0.34845 0.14855
108.37095 0.34856 0.14856
108.46699 0.34868 0.14857
108.56303 0.34879 0.14858
108.65906 0.34890 0.14859
108.75510 0.34902 0.14860
108.85114 0.34913 0.14861
108.94718 0.34925 0.14862
109.04322 0.34936 0.14863
109.13926 0.34947 0.14864
109.23529 0.34959 0.14865
109.33133 0.34970 0.14866
109.42737 0.34981 0.14867
109.52341 0.34992 0.14868
109.61945 0.35003 0.14869
109.71549 0.35014 0.14870
109.81152 0.35024 0.14871
109.90756 0.35035 0.14872
110.00360 0.35046 0.14873
110.09964 0.35056 0.14874
110.19568 0.35067 0.14875
110.29172 0.35077 0.14876
110.38776 0.35088 0.14877
110.48379 0.35098 0.14878
110.57983 0.35108 0.14879
110.67587 0.35119 0.14879
110.77191 0.35129 0.14880
110.86795 0.35140 0.14881
110.96399 0.35150 0.14882
111.06002 0.35160 0.14883
111.15606 0.35171 0.14884
111.25210 0.35181 0.14885
111.34814 0.35191 0.14886
111.44418 0.35202 0.14887
111.54022 0.35212 0.14888
111.63625 0.35223 0.14889
111.73229 0.35233 0.14890
111.82833 0.35243 0.14891
111.92437 0.35253 0.14892
112.02041 0.35264 0.14893
112.11645 0.35274 0.14894
112.21248 0.35284 0.14895
112.30852 0.35294 0.14896
112.40456 0.35304 0.14897
112.50060 0.35314 0.14898
112.59664 0.35324 0.14898
112.69268 0.35334 0.14899
112.78872 0.35344 0.14900
112.88475 0.35353 0.14901
112.98079 0.35363 0.14902
113.07683 0.35373 0.14903
113.17287 0.35383 0.14904
113.26891 0.35393 0.14905
113.36495 0.35403 0.14906
113.46098 0.35412 0.14907
113.55702 0.35422 0.14908
113.65306 0.35432 0.14909
113.74910 0.35441 0.14910
113.84514 0.35450 0.14910
113.94118 0.35460 0.14911
114.03721 0.35469 0.14912
114.13325 0.35478 0.14913
114.22929 0.35487 0.14914
114.32533 0.35497 0.14915
114.42137 0.35506 0.14916
114.51741 0.35515 0.14917
114.61345 0.35524 0.14918
114.70948 0.35533 0.14919
114.80552 0.35543 0.14920
114.90156 0.35552 0.14920
114.99760 0.35561 0.14921
115.09364 0.35570 0.14922
115.18968 0.35579 0.14923
115.28571 0.35588 0.14924
115.38175 0.35597 0.14925
115.47779 0.35606 0.14926
115.57383 0.35615 0.14927
115.66987 0.35624 0.14928
115.76591 0.35633 0.14928
115.86194 0.35642 0.14929
115.95798 0.35651 0.14930
116.05402 0.35660 0.14931
116.15006 0.35669 0.14932
116.24610 0.35678 0.14933
116.34214 0.35687 0.14934
116.43818 0.35695 0.14935
116.53421 0.35704 0.14935
116.63025 0.35713 0.14936
116.72629 0.35721 0.14937
116.82233 0.35730 0.14938
116.91837 0.35738 0.14939
117.01441 0.35747 0.14940
117.11044 0.35755 0.14941
117.20648 0.35763 0.14941
117.30252 0.35771 0.14942
117.39856 0.35780 0.14943
117.49460 0.35788 0.14944
117.59064 0.35796 0.14945
117.68667 0.35804 0.14946
117.78271 0.35812 0.14947
117.87875 0.35820 0.14947
117.97479 0.35829 0.14948
118.07083 0.35837 0.14949
118.16687 0.35845 0.14950
118.26291 0.35853 0.14951
118.35894 0.35861 0.14952
118.45498 0.35868 0.14952
118.55102 0.35876 0.14953
118.64706 0.35884 0.14954
118.74310 0.35892 0.14955
118.83914 0.35900 0.14956
118.93517 0.35908 0.14957
119.03121 0.35916 0.14957
119.12725 0.35924 0.14958
119.22329 0.35932 0.14959
119.31933 0.35940 0.14960
119.41537 0.35947 0.14961
119.51140 0.35955 0.14961
119.60744 0.35963 0.14962
119.70348 0.35970 0.14963
119.79952 0.35977 0.14964
119.89556 0.35985 0.14965
119.99160 0.35992 0.14965
120.08764 0.36000 0.14966
120.18367 0.36007 0.14967
120.27971 0.36014 0.14968
120.37575 0.36022 0.14969
120.47179 0.36029 0.14970
120.56783 0.36036 0.14970
120.66387 0.36043 0.14971
120.75990 0.36050 0.14972
120.85594 0.36058 0.14973
120.95198 0.36064 0.14974
121.04802 0.36071 0.14974
121.14406 0.36078 0.14975
121.24010 0.36085 0.14976
121.33613 0.36092 0.14977
121.43217 0.36099 0.14977
121.52821 0.36106 0.14978
121.62425 0.36113 0.14979
121.72029 0.36119 0.14980
121.81633 0.36126 0.14981
121.91236 0.36133 0.14981
122.00840 0.36139 0.14982
122.10444 0.36146 0.14983
122.20048 0.36153 0.14984
122.29652 0.36159 0.14984
122.39256 0.36166 0.14985
122.48860 0.36172 0.14986
122.58463 0.36178 0.14987
122.68067 0.36185 0.14987
122.77671 0.36191 0.14988
122.87275 0.36197 0.14989
122.96879 0.36203 0.14990
123.06483 0.36209 0.14990
123.16086 0.36215 0.14991
123.25690 0.36221 0.14992
123.35294 0.36226 0.14993
123.44898 0.36232 0.14993
123.54502 0.36237 0.14994
123.64106 0.36243 0.14995
123.73709 0.36248 0.14996
123.83313 0.36254 0.14996
123.92917 0.36259 0.14997
124.02521 0.36264 0.14998
124.12125 0.36269 0.14999
124.21729 0.36275 0.14999
124.31333 0.36280 0.15000
124.40936 0.36285 0.15001
124.50540 0.36290 0.15002
124.60144 0.36295 0.15002
124.69748 0.36300 0.15003
124.79352 0.36305 0.15004
124.88956 0.36310 0.15004
124.98559 0.36315 0.15005
125.08163 0.36320 0.15006
125.17767 0.36325 0.15007
125.27371 0.36329 0.15007
125.36975 0.36334 0.15008
125.46579 0.36339 0.15009
125.56182 0.36344 0.15009
125.65786 0.36348 0.15010
125.75390 0.36353 0.15011
125.84994 0.36358 0.15012
125.94598 0.36362 0.15012
126.04202 0.36367 0.15013
126.13806 0.36371 0.15014
126.23409 0.36375 0.15014
126.33013 0.36380 0.15015
126.42617 0.36384 0.15016
126.52221 0.36389 0.15016
126.61825 0.36393 0.15017
126.71429 0.36398 0.15018
126.81032 0.36402 0.15018
126.90636 0.36406 0.15019
127.00240 0.36410 0.15020
127.09844 0.36415 0.15020
127.19448 0.36419 0.15021
127.29052 0.36423 0.15022
127.38655 0.36426 0.15022
127.48259 0.36430 0.15023
127.57863 0.36434 0.15024
127.67467 0.36438 0.15024
127.77071 0.36441 0.15025
127.86675 0.36445 0.15026
127.96279 0.36448 0.15026
128.05882 0.36452 0.15027
128.15486 0.36456 0.15028
128.25090 0.36459 0.15028
128.34694 0.36463 0.15029
128.44298 0.36466 0.15030
128.53902 0.36470 0.15030
128.63505 0.36473 0.15031
128.73109 0.36476 0.15032
128.82713 0.36479 0.15032
128.92317 0.36483 0.15033
129.01921 0.36486 0.15033
129.11525 0.36489 0.15034
129.21128 0.36492 0.15035
129.30732 0.36495 0.15035
129.40336 0.36498 0.15036
129.49940 0.36501 0.15037
129.59544 0.36504 0.15037
129.69148 0.36507 0.15038
129.78752 0.36510 0.15038
129.88355 0.36513 0.15039
129.97959 0.36516 0.15040
130.07563 0.36519 0.15040
130.17167 0.36522 0.15041
130.26771 0.36524 0.15042
130.36375 0.36527 0.15042
130.45978 0.36530 0.15043
130.55582 0.36533 0.15044
130.65186 0.36535 0.15044
130.74790 0.36538 0.15045
130.84394 0.36540 0.15045
130.93998 0.36543 0.15046
131.03601 0.36545 0.15047
131.13205 0.36547 0.15047
131.22809 0.36550 0.15048
131.32413 0.36552 0.15049
131.42017 0.36554 0.15049
131.51621 0.36557 0.15050
131.61224 0.36559 0.15050
131.70828 0.36561 0.15051
131.80432 0.36563 0.15052
131.90036 0.36565 0.15052
131.99640 0.36567 0.15053
132.09244 0.36569 0.15053
132.18848 0.36571 0.15054
132.28451 0.36572 0.15055
132.38055 0.36574 0.15055
132.47659 0.36576 0.15056
132.57263 0.36578 0.15056
132.66867 0.36580 0.15057
132.76471 0.36581 0.15058
132.86074 0.36583 0.15058
132.95678 0.36585 0.15059
133.05282 0.36586 0.15059
133.14886 0.36588 0.15060
133.24490 0.36589 0.15061
133.34094 0.36591 0.15061
133.43697 0.36593 0.15062
133.53301 0.36594 0.15062
133.62905 0.36596 0.15063
133.72509 0.36597 0.15063
133.82113 0.36598 0.15064
133.91717 0.36600 0.15065
134.01321 0.36601 0.15065
134.10924 0.36603 0.15066
134.20528 0.36604 0.15066
134.30132 0.36605 0.15067
134.39736 0.36607 0.15067
134.49340 0.36608 0.15068
134.58944 0.36610 0.15068
134.68547 0.36611 0.15069
134.78151 0.36613 0.15070
134.87755 0.36614 0.15070
134.97359 0.36616 0.15071
135.06963 0.36617 0.15071
135.16567 0.36618 0.15072
135.26170 0.36619 0.15072
135.35774 0.36620 0.15073
135.45378 0.36622 0.15073
135.54982 0.36623 0.15074
135.64586 0.36624 0.15074
135.74190 0.36625 0.15075
135.83794 0.36626 0.15075
135.93397 0.36627 0.15076
136.03001 0.36628 0.15077
136.12605 0.36629 0.15077
136.22209 0.36630 0.15078
136.31813 0.36631 0.15078
136.41417 0.36631 0.15079
136.51020 0.36632 0.15079
136.60624 0.36633 0.15080
136.70228 0.36634 0.15080
136.79832 0.36634 0.15081
136.89436 0.36635 0.15081
136.99040 0.36635 0.15082
137.08643 0.36636 0.15082
137.18247 0.36636 0.15083
137.27851 0.36636 0.15083
137.37455 0.36637 0.15084
137.47059 0.36637 0.15084
137.56663 0.36637 0.15085
137.66267 0.36637 0.15085
137.75870 0.36637 0.15086
137.85474 0.36637 0.15086
137.95078 0.36637 0.15087
138.04682 0.36637 0.15087
138.14286 0.36637 0.15088
138.23890 0.36638 0.15088
138.33493 0.36638 0.15089
138.43097 0.36638 0.15089
138.52701 0.36638 0.15090
138.62305 0.36638 0.15090
138.71909 0.36638 0.15091
138.81513 0.36638 0.15091
138.91116 0.36637 0.15092
139.00720 0.36637 0.15092
139.10324 0.36637 0.15093
139.19928 0.36637 0.15093
139.29532 0.36637 0.15094
139.39136 0.36637 0.15094
139.48739 0.36636 0.15095
139.58343 0.36636 0.15095
139.67947 0.36636 0.15096
139.77551 0.36636 0.15096
139.87155 0.36635 0.15097
139.96759 0.36635 0.15097
140.06363 0.36634 0.15098
140.15966 0.36633 0.15098
140.25570 0.36632 0.15099
140.35174 0.36632 0.15099
140.44778 0.36631 0.15099
140.54382 0.36630 0.15100
140.63986 0.36630 0.15100
140.73589 0.36629 0.15101
140.83193 0.36628 0.15101
140.92797 0.36627 0.15102
141.02401 0.36626 0.15102
141.12005 0.36625 0.15103
141.21609 0.36625 0.15103
141.31212 0.36624 0.15104
141.40816 0.36623 0.15104
141.50420 0.36622 0.15104
141.60024 0.36621 0.15105
141.69628 0.36620 0.15105
141.79232 0.36619 0.15106
141.88836 0.36618 0.15106
141.98439 0.36617 0.15107
142.08043 0.36616 0.15107
142.17647 0.36615 0.15108
142.27251 0.36614 0.15108
142.36855 0.36613 0.15108
142.46459 0.36612 0.15109
142.56062 0.36611 0.15109
142.65666 0.36610 0.15110
142.75270 0.36609 0.15110
142.84874 0.36608 0.15111
142.94478 0.36607 0.15111
143.04082 0.36606 0.15111
143.13685 0.36605 0.15112
143.23289 0.36604 0.15112
143.32893 0.36603 0.15113
143.42497 0.36601 0.15113
143.52101 0.36600 0.15114
143.61705 0.36599 0.15114
143.71309 0.36598 0.15114
143.80912 0.36597 0.15115
143.90516 0.36596 0.15115
144.00120 0.36594 0.15116
144.09724 0.36593 0.15116
144.19328 0.36592 0.15117
144.28932 0.36591 0.15117
144.38535 0.36590 0.15117
144.48139 0.36588 0.15118
144.57743 0.36587 0.15118
144.67347 0.36586 0.15119
144.76951 0.36585 0.15119
144.86555 0.36583 0.15119
144.96158 0.36582 0.15120
145.05762 0.36581 0.15120
145.15366 0.36580 0.15121
145.24970 0.36578 0.15121
145.34574 0.36577 0.15121
145.44178 0.36576 0.15122
145.53782 0.36575 0.15122
145.63385 0.36573 0.15123
145.72989 0.36572 0.15123
145.82593 0.36571 0.15123
145.92197 0.36569 0.15124
146.01801 0.36568 0.15124
146.11405 0.36566 0.15125
146.21008 0.36564 0.15125
146.30612 0.36563 0.15126
146.40216 0.36561 0.15126
146.49820 0.36560 0.15126
146.59424 0.36558 0.15127
146.69028 0.36556 0.15127
146.78631 0.36554 0.15128
146.88235 0.36553 0.15128
146.97839 0.36551 0.15128
147.07443 0.36549 0.15129
147.17047 0.36548 0.15129
147.26651 0.36546 0.15129
147.36255 0.36544 0.15130
147.45858 0.36542 0.15130
147.55462 0.36540 0.15131
147.65066 0.36538 0.15131
147.74670 0.36536 0.15131
147.84274 0.36534 0.15132
147.93878 0.36532 0.15132
148.03481 0.36530 0.15132
148.13085 0.36528 0.15133
148.22689 0.36526 0.15133
148.32293 0.36523 0.15134
148.41897 0.36521 0.15134
148.51501 0.36519 0.15134
148.61104 0.36517 0.15135
148.70708 0.36514 0.15135
148.80312 0.36512 0.15135
148.89916 0.36510 0.15136
148.99520 0.36507 0.15136
149.09124 0.36505 0.15136
149.18727 0.36502 0.15137
149.28331 0.36500 0.15137
149.37935 0.36497 0.15138
149.47539 0.36495 0.15138
149.57143 0.36492 0.15138
149.66747 0.36489 0.15139
149.76351 0.36486 0.15139
149.85954 0.36483 0.15139
149.95558 0.36480 0.15140
150.05162 0.36477 0.15140
150.14766 0.36474 0.15140
150.24370 0.36471 0.15141
150.33974 0.36468 0.15141
150.43577 0.36465 0.15141
150.53181 0.36462 0.15142
150.62785 0.36459 0.15142
150.72389 0.36456 0.15142
150.81993 0.36452 0.15143
150.91597 0.36449 0.15143
151.01200 0.36446 0.15143
151.10804 0.36443 0.15143
151.20408 0.36440 0.15144
151.30012 0.36437 0.15144
151.39616 0.36434 0.15144
151.49220 0.36430 0.15145
151.58824 0.36427 0.15145
151.68427 0.36424 0.15145
151.78031 0.36421 0.15146
151.87635 0.36418 0.15146
151.97239 0.36415 0.15146
152.06843 0.36412 0.15146
152.16447 0.36408 0.15147
152.26050 0.36405 0.15147
152.35654 0.36402 0.15147
152.45258 0.36398 0.15147
152.54862 0.36394 0.15148
152.64466 0.36391 0.15148
152.74070 0.36387 0.15148
152.83673 0.36383 0.15149
152.93277 0.36379 0.15149
153.02881 0.36376 0.15149
153.12485 0.36372 0.15149
153.22089 0.36368 0.15150
153.31693 0.36364 0.15150
153.41297 0.36360 0.15150
153.50900 0.36356 0.15150
153.60504 0.36352 0.15151
153.70108 0.36348 0.15151
153.79712 0.36344 0.15151
153.89316 0.36340 0.15151
153.98920 0.36336 0.15152
154.08523 0.36332 0.15152
154.18127 0.36328 0.15152
154.27731 0.36324 0.15152
154.37335 0.36320 0.15153
154.46939 0.36315 0.15153
154.56543 0.36311 0.15153
154.66146 0.36306 0.15153
154.75750 0.36302 0.15154
154.85354 0.36297 0.15154
154.94958 0.36293 0.15154
155.04562 0.36288 0.15154
155.14166 0.36284 0.15155
155.23770 0.36279 0.15155
155.33373 0.36274 0.15155
155.42977 0.36270 0.15155
155.52581 0.36265 0.15155
155.62185 0.36261 0.15156
155.71789 0.36256 0.15156
155.81393 0.36252 0.15156
155.90996 0.36247 0.15156
156.00600 0.36242 0.15156
156.10204 0.36238 0.15157
156.19808 0.36233 0.15157
156.29412 0.36228 0.15157
156.39016 0.36223 0.15157
156.48619 0.36218 0.15158
156.58223 0.36213 0.15158
156.67827 0.36209 0.15158
156.77431 0.36204 0.15158
156.87035 0.36199 0.15158
156.96639 0.36194 0.15158
157.06242 0.36189 0.15159
157.15846 0.36184 0.15159
157.25450 0.36179 0.15159
157.35054 0.36174 0.15159
157.44658 0.36169 0.15159
157.54262 0.36164 0.15160
157.63866 0.36159 0.15160
157.73469 0.36154 0.15160
157.83073 0.36149 0.15160
157.92677 0.36144 0.15160
158.02281 0.36138 0.15161
158.11885 0.36133 0.15161
158.21489 0.36128 0.15161
158.31092 0.36123 0.15161
158.40696 0.36117 0.15161
158.50300 0.36112 0.15161
158.59904 0.36107 0.15162
158.69508 0.36101 0.15162
158.79112 0.36096 0.15162
158.88715 0.36091 0.15162
158.98319 0.36086 0.15162
159.07923 0.36080 0.15162
159.17527 0.36075 0.15163
159.27131 0.36069 0.15163
159.36735 0.36064 0.15163
159.46339 0.36058 0.15163
159.55942 0.36053 0.15163
159.65546 0.36047 0.15163
159.75150 0.36042 0.15163
159.84754 0.36036 0.15164
159.94358 0.36030 0.15164
160.03962 0.36025 0.15164
160.13565 0.36019 0.15164
160.23169 0.36013 0.15164
160.32773 0.36007 0.15164
160.42377 0.36002 0.15164
160.51981 0.35996 0.15165
160.61585 0.35990 0.15165
160.71188 0.35984 0.15165
160.80792 0.35978 0.15165
160.90396 0.35973 0.15165
161.00000 0.35967 0.15165
161.09604 0.35961 0.15165
161.19208 0.35955 0.15166
161.28812 0.35949 0.15166
161.38415 0.35944 0.15166
161.48019 0.35938 0.15166
161.57623 0.35932 0.15166
161.67227 0.35926 0.15166
161.76831 0.35920 0.15166
161.86435 0.35914 0.15166
161.96038 0.35908 0.15167
162.05642 0.35903 0.15167
162.15246 0.35897 0.15167
162.24850 0.35891 0.15167
162.34454 0.35885 0.15167
162.44058 0.35879 0.15167
162.53661 0.35873 0.15167
162.63265 0.35867 0.15167
162.72869 0.35861 0.15167
162.82473 0.35855 0.15168
162.92077 0.35849 0.15168
163.01681 0.35843 0.15168
163.11285 0.35837 0.15168
163.20888 0.35831 0.15168
163.30492 0.35825 0.15168
163.40096 0.35818 0.15168
163.49700 0.35812 0.15168
163.59304 0.35806 0.15169
163.68908 0.35800 0.15169
163.78511 0.35793 0.15169
163.88115 0.35787 0.15169
163.97719 0.35780 0.15169
164.07323 0.35774 0.15169
164.16927 0.35767 0.15169
164.26531 0.35761 0.15169
164.36134 0.35754 0.15169
164.45738 0.35748 0.15169
164.55342 0.35741 0.15170
164.64946 0.35734 0.15170
164.74550 0.35727 0.15170
164.84154 0.35721 0.15170
164.93758 0.35714 0.15170
165.03361 0.35707 0.15170
165.12965 0.35700 0.15170
165.22569 0.35693 0.15170
165.32173 0.35686 0.15170
165.41777 0.35679 0.15170
165.51381 0.35672 0.15170
165.60984 0.35665 0.15171
165.70588 0.35658 0.15171
165.80192 0.35650 0.15171
165.89796 0.35643 0.15171
165.99400 0.35636 0.15171
166.09004 0.35629 0.15171
166.18607 0.35622 0.15171
166.28211 0.35614 0.15171
166.37815 0.35607 0.15171
166.47419 0.35600 0.15171
166.57023 0.35592 0.15171
166.66627 0.35585 0.15171
166.76230 0.35577 0.15171
166.85834 0.35570 0.15171
166.95438 0.35562 0.15171
167.05042 0.35555 0.15172
167.14646 0.35547 0.15172
167.24250 0.35540 0.15172
167.33854 0.35532 0.15172
167.43457 0.35525 0.15172
167.53061 0.35517 0.15172
167.62665 0.35509 0.15172
167.72269 0.35502 0.15172
167.81873 0.35494 0.15172
167.91477 0.35486 0.15172
168.01080 0.35478 0.15172
168.10684 0.35470 0.15172
168.20288 0.35462 0.15172
168.29892 0.35454 0.15172
168.39496 0.35446 0.15172
168.49100 0.35438 0.15172
168.58703 0.35431 0.15172
168.68307 0.35423 0.15172
168.77911 0.35415 0.15172
168.87515 0.35407 0.15172
168.97119 0.35399 0.15172
169.06723 0.35391 0.15172
169.16327 0.35383 0.15172
169.25930 0.35375 0.15172
169.35534 0.35366 0.15172
169.45138 0.35358 0.15172
169.54742 0.35350 0.15172
169.64346 0.35342 0.15172
169.73950 0.35334 0.15172
169.83553 0.35326 0.15172
169.93157 0.35318 0.15172
170.02761 0.35310 0.15172
170.12365 0.35302 0.15172
170.21969 0.35294 0.15172
170.31573 0.35286 0.15172
170.41176 0.35278 0.15172
170.50780 0.35270 0.15172
170.60384 0.35262 0.15172
170.69988 0.35253 0.15172
170.79592 0.35245 0.15172
170.89196 0.35237 0.15172
170.98800 0.35229 0.15172
171.08403 0.35221 0.15172
171.18007 0.35212 0.15172
171.27611 0.35204 0.15172
171.37215 0.35196 0.15172
171.46819 0.35187 0.15172
171.56423 0.35179 0.15172
171.66026 0.35171 0.15172
171.75630 0.35162 0.15172
171.85234 0.35154 0.15172
171.94838 0.35145 0.15172
172.04442 0.35137 0.15172
172.14046 0.35128 0.15172
172.23649 0.35119 0.15172
172.33253 0.35111 0.15172
172.42857 0.35102 0.15172
172.52461 0.35093 0.15172
172.62065 0.35084 0.15172
172.71669 0.35076 0.15172
172.81273 0.35067 0.15172
172.90876 0.35058 0.15172
173.00480 0.35049 0.15172
173.10084 0.35041 0.15172
173.19688 0.35032 0.15172
173.29292 0.35023 0.15172
173.38896 0.35014 0.15172
173.48499 0.35005 0.15172
173.58103 0.34996 0.15171
173.67707 0.34988 0.15171
173.77311 0.34979 0.15171
173.86915 0.34970 0.15171
173.96519 0.34961 0.15171
174.06122 0.34952 0.15171
174.15726 0.34943 0.15171
174.25330 0.34935 0.15171
174.34934 0.34926 0.15171
174.44538 0.34917 0.15171
174.54142 0.34908 0.15171
174.63745 0.34899 0.15171
174.73349 0.34890 0.15171
174.82953 0.34881 0.15171
174.92557 0.34871 0.15171
175.02161 0.34862 0.15171
175.11765 0.34853 0.15171
175.21369 0.34844 0.15170
175.30972 0.34835 0.15170
175.40576 0.34826 0.15170
175.50180 0.34817 0.15170
175.59784 0.34808 0.15170
175.69388 0.34799 0.15170
175.78992 0.34789 0.15170
175.88595 0.34780 0.15170
175.98199 0.34771 0.15170
176.07803 0.34762 0.15170
176.17407 0.34753 0.15170
176.27011 0.34744 0.15170
176.36615 0.34735 0.15170
176.46218 0.34725 0.15170
176.55822 0.34716 0.15169
176.65426 0.34707 0.15169
176.75030 0.34698 0.15169
176.84634 0.34688 0.15169
176.94238 0.34679 0.15169
177.03842 0.34670 0.15169
177.13445 0.34660 0.15169
177.23049 0.34651 0.15169
177.32653 0.34641 0.15169
177.42257 0.34632 0.15169
177.51861 0.34623 0.15169
177.61465 0.34613 0.15169
177.71068 0.34604 0.15168
177.80672 0.34595 0.15168
177.90276 0.34585 0.15168
177.99880 0.34576 0.15168
178.09484 0.34566 0.15168
178.19088 0.34557 0.15168
178.28691 0.34547 0.15168
178.38295 0.34538 0.15168
178.47899 0.34528 0.15168
178.57503 0.34519 0.15168
178.67107 0.34509 0.15168
178.76711 0.34500 0.15167
178.86315 0.34490 0.15167
178.95918 0.34481 0.15167
179.05522 0.34471 0.15167
179.15126 0.34462 0.15167
179.24730 0.34453 0.15167
179.34334 0.34443 0.15167
179.43938 0.34434 0.15167
179.53541 0.34424 0.15167
179.63145 0.34415 0.15166
179.72749 0.34405 0.15166
179.82353 0.34396 0.15166
179.91957 0.34386 0.15166
180.01561 0.34376 0.15166
180.11164 0.34367 0.15166
180.20768 0.34357 0.15166
180.30372 0.34348 0.15166
180.39976 0.34338 0.15166
180.49580 0.34328 0.15165
180.59184 0.34319 0.15165
180.68788 0.34309 0.15165
180.78391 0.34300 0.15165
180.87995 0.34290 0.15165
180.97599 0.34280 0.15165
181.07203 0.34271 0.15165
181.16807 0.34261 0.15165
181.26411 0.34251 0.15164
181.36014 0.34241 0.15164
181.45618 0.34232 0.15164
181.55222 0.34222 0.15164
181.64826 0.34212 0.15164
181.74430 0.34202 0.15164
181.84034 0.34192 0.15164
181.93637 0.34183 0.15164
182.03241 0.34173 0.15163
182.12845 0.34163 0.15163
182.22449 0.34153 0.15163
182.32053 0.34143 0.15163
182.41657 0.34134 0.15163
182.51261 0.34124 0.15163
182.60864 0.34114 0.15163
182.70468 0.34104 0.15162
182.80072 0.34094 0.15162
182.89676 0.34084 0.15162
182.99280 0.34074 0.15162
183.08884 0.34064 0.15162
183.18487 0.34054 0.15162
183.28091 0.34044 0.15162
183.37695 0.34034 0.15161
183.47299 0.34024 0.15161
183.56903 0.34014 0.15161
183.66507 0.34004 0.15161
183.76110 0.33994 0.15161
183.85714 0.33984 0.15161
183.95318 0.33973 0.15160
184.04922 0.33963 0.15160
184.14526 0.33953 0.15160
184.24130 0.33943 0.15160
184.33733 0.33933 0.15160
184.43337 0.33922 0.15160
184.52941 0.33912 0.15159
184.62545 0.33902 0.15159
184.72149 0.33892 0.15159
184.81753 0.33882 0.15159
184.91357 0.33871 0.15159
185.00960 0.33861 0.15159
185.10564 0.33851 0.15158
185.20168 0.33840 0.15158
185.29772 0.33830 0.15158
185.39376 0.33819 0.15158
185.48980 0.33809 0.15158
185.58583 0.33798 0.15158
185.68187 0.33788 0.15157
185.77791 0.33777 0.15157
185.87395 0.33766 0.15157
185.96999 0.33756 0.15157
186.06603 0.33745 0.15157
186.16206 0.33734 0.15157
186.25810 0.33723 0.15156
186.35414 0.33712 0.15156
186.45018 0.33701 0.15156
186.54622 0.33690 0.15156
186.64226 0.33679 0.15156
186.73830 0.33668 0.15155
186.83433 0.33657 0.15155
186.93037 0.33646 0.15155
187.02641 0.33635 0.15155
187.12245 0.33624 0.15155
187.21849 0.33613 0.15154
187.31453 0.33601 0.15154
187.41056 0.33590 0.15154
187.50660 0.33579 0.15154
187.60264 0.33568 0.15154
187.69868 0.33556 0.15153
187.79472 0.33545 0.15153
187.89076 0.33534 0.15153
187.98679 0.33523 0.15153
188.08283 0.33512 0.15153
188.17887 0.33501 0.15152
188.27491 0.33489 0.15152
188.37095 0.33478 0.15152
188.46699 0.33467 0.15152
188.56303 0.33456 0.15152
188.65906 0.33445 0.15151
188.75510 0.33434 0.15151
188.85114 0.33422 0.15151
188.94718 0.33411 0.15151
189.04322 0.33400 0.15150
189.13926 0.33388 0.15150
189.23529 0.33377 0.15150
189.33133 0.33366 0.15150
189.42737 0.33355 0.15149
189.52341 0.33343 0.15149
189.61945 0.33332 0.15149
189.71549 0.33320 0.15149
189.81152 0.33309 0.15148
189.90756 0.33297 0.15148
190.00360 0.33286 0.15148
190.09964 0.33274 0.15148
190.19568 0.33263 0.15147
190.29172 0.33251 0.15147
190.38776 0.33239 0.15147
190.48379 0.33228 0.15147
190.57983 0.33216 0.15146
190.67587 0.33205 0.15146
190.77191 0.33193 0.15146
190.86795 0.33182 0.15146
190.96399 0.33170 0.15145
191.06002 0.33158 0.15145
191.15606 0.33147 0.15145
191.25210 0.33135 0.15145
191.34814 0.33123 0.15144
191.44418 0.33112 0.15144
191.54022 0.33100 0.15144
191.63625 0.33088 0.15143
191.73229 0.33077 0.15143
191.82833 0.33065 0.15143
191.92437 0.33053 0.15143
192.02041 0.33042 0.15142
192.11645 0.33030 0.15142
192.21248 0.33018 0.15142
192.30852 0.33006 0.15142
192.40456 0.32995 0.15141
192.50060 0.32983 0.15141
192.59664 0.32971 0.15141
192.69268 0.32959 0.15140
192.78872 0.32947 0.15140
192.88475 0.32936 0.15140
192.98079 0.32924 0.15140
193.07683 0.32912 0.15139
193.17287 0.32900 0.15139
193.26891 0.32888 0.15139
193.36495 0.32876 0.15139
193.46098 0.32865 0.15138
193.55702 0.32853 0.15138
193.65306 0.32841 0.15138
193.74910 0.32829 0.15137
193.84514 0.32817 0.15137
193.94118 0.32805 0.15137
194.03721 0.32793 0.15137
194.13325 0.32781 0.15136
194.22929 0.32769 0.15136
194.32533 0.32757 0.15136
194.42137 0.32745 0.15136
194.51741 0.32733 0.15135
194.61345 0.32720 0.15135
194.70948 0.32708 0.15135
194.80552 0.32696 0.15134
194.90156 0.32684 0.15134
194.99760 0.32672 0.15134
195.09364 0.32660 0.15134
195.18968 0.32647 0.15133
195.28571 0.32635 0.15133
195.38175 0.32623 0.15133
195.47779 0.32611 0.15132
195.57383 0.32599 0.15132
195.66987 0.32587 0.15132
195.76591 0.32575 0.15131
195.86194 0.32562 0.15131
195.95798 0.32550 0.15131
196.05402 0.32538 0.15131
196.15006 0.32526 0.15130
196.24610 0.32513 0.15130
196.34214 0.32501 0.15130
196.43818 0.32489 0.15129
196.53421 0.32476 0.15129
196.63025 0.32464 0.15129
196.72629 0.32451 0.15129
196.82233 0.32439 0.15128
196.91837 0.32427 0.15128
197.01441 0.32414 0.15128
197.11044 0.32402 0.15127
197.20648 0.32390 0.15127
197.30252 0.32377 0.15127
197.39856 0.32365 0.15127
197.49460 0.32353 0.15126
197.59064 0.32340 0.15126
197.68667 0.32328 0.15126
197.78271 0.32316 0.15125
197.87875 0.32304 0.15125
197.97479 0.32291 0.15125
198.07083 0.32279 0.15124
198.16687 0.32267 0.15124
198.26291 0.32254 0.15124
198.35894 0.32242 0.15124
198.45498 0.32230 0.15123
198.55102 0.32217 0.15123
198.64706 0.32205 0.15123
198.74310 0.32193 0.15122
198.83914 0.32181 0.15122
198.93517 0.32168 0.15122
199.03121 0.32156 0.15121
199.12725 0.32144 0.15121
199.22329 0.32131 0.15121
199.31933 0.32119 0.15120
199.41537 0.32106 0.15120
199.51140 0.32094 0.15120
199.60744 0.32081 0.15120
199.70348 0.32069 0.15119
199.79952 0.32056 0.15119
199.89556 0.32044 0.15119
199.99160 0.32031 0.15118
200.08764 0.32019 0.15118
200.18367 0.32006 0.15118
200.27971 0.31994 0.15117
200.37575 0.31981 0.15117
200.47179 0.31969 0.15117
200.56783 0.31956 0.15116
200.66387 0.31944 0.15116
200.75990 0.31931 0.15116
200.85594 0.31919 0.15115
200.95198 0.31906 0.15115
201.04802 0.31894 0.15115
201.14406 0.31881 0.15114
201.24010 0.31869 0.15114
201.33613 0.31856 0.15114
201.43217 0.31844 0.15113
201.52821 0.31831 0.15113
201.62425 0.31819 0.15113
201.72029 0.31806 0.15112
201.81633 0.31794 0.15112
201.91236 0.31781 0.15112
202.00840 0.31769 0.15111
202.10444 0.31756 0.15111
202.20048 0.31744 0.15111
202.29652 0.31731 0.15110
202.39256 0.31719 0.15110
202.48860 0.31706 0.15110
202.58463 0.31694 0.15109
202.68067 0.31681 0.15109
202.77671 0.31669 0.15109
202.87275 0.31656 0.15108
202.96879 0.31644 0.15108
203.06483 0.31631 0.15107
203.16086 0.31619 0.15107
203.25690 0.31606 0.15107
203.35294 0.31594 0.15106
203.44898 0.31581 0.15106
203.54502 0.31568 0.15106
203.64106 0.31556 0.15105
203.73709 0.31543 0.15105
203.83313 0.31530 0.15105
203.92917 0.31518 0.15104
204.02521 0.31505 0.15104
204.12125 0.31492 0.15103
204.21729 0.31479 0.15103
204.31333 0.31466 0.15103
204.40936 0.31454 0.15102
204.50540 0.31441 0.15102
204.60144 0.31428 0.15102
204.69748 0.31415 0.15101
204.79352 0.31403 0.15101
204.88956 0.31390 0.15101
204.98559 0.31377 0.15100
205.08163 0.31364 0.15100
205.17767 0.31351 0.15099
205.27371 0.31338 0.15099
205.36975 0.31325 0.15099
205.46579 0.31312 0.15098
205.56182 0.31299 0.15098
205.65786 0.31286 0.15098
205.75390 0.31273 0.15097
205.84994 0.31260 0.15097
205.94598 0.31247 0.15096
206.04202 0.31234 0.15096
206.13806 0.31221 0.15096
206.23409 0.31208 0.15095
206.33013 0.31195 0.15095
206.42617 0.31182 0.15094
206.52221 0.31169 0.15094
206.61825 0.31156 0.15094
206.71429 0.31142 0.15093
206.81032 0.31129 0.15093
206.90636 0.31116 0.15092
207.00240 0.31103 0.15092
207.09844 0.31090 0.15092
207.19448 0.31077 0.15091
207.29052 0.31064 0.15091
207.38655 0.31051 0.15091
207.48259 0.31037 0.15090
207.57863 0.31024 0.15090
207.67467 0.31011 0.15089
207.77071 0.30998 0.15089
207.86675 0.30985 0.15089
207.96279 0.30972 0.15088
208.05882 0.30959 0.15088
208.15486 0.30945 0.15087
208.25090 0.30932 0.15087
208.34694 0.30919 0.15087
208.44298 0.30906 0.15086
208.53902 0.30893 0.15086
208.63505 0.30880 0.15085
208.73109 0.30867 0.15085
208.82713 0.30854 0.15085
208.92317 0.30841 0.15084
209.01921 0.30828 0.15084
209.11525 0.30815 0.15083
209.21128 0.30802 0.15083
209.30732 0.30788 0.15083
209.40336 0.30775 0.15082
209.49940 0.30762 0.15082
209.59544 0.30749 0.15081
209.69148 0.30736 0.15081
209.78752 0.30723 0.15081
209.88355 0.30710 0.15080
209.97959 0.30697 0.15080
210.07563 0.30684 0.15079
210.17167 0.30671 0.15079
210.26771 0.30658 0.15079
210.36375 0.30645 0.15078
210.45978 0.30632 0.15078
210.55582 0.30619 0.15077
210.65186 0.30606 0.15077
210.74790 0.30593 0.15076
210.84394 0.30579 0.15076
210.93998 0.30566 0.15076
211.03601 0.30553 0.15075
211.13205 0.30540 0.15075
211.22809 0.30527 0.15074
211.32413 0.30514 0.15074
211.42017 0.30500 0.15074
211.51621 0.30487 0.15073
211.61224 0.30474 0.15073
211.70828 0.30461 0.15072
211.80432 0.30448 0.15072
211.90036 0.30435 0.15071
211.99640 0.30422 0.15071
212.09244 0.30408 0.15071
212.18848 0.30395 0.15070
212.28451 0.30382 0.15070
212.38055 0.30369 0.15069
212.47659 0.30356 0.15069
212.57263 0.30343 0.15068
212.66867 0.30330 0.15068
212.76471 0.30317 0.15068
212.86074 0.30304 0.15067
212.95678 0.30291 0.15067
213.05282 0.30278 0.15066
213.14886 0.30265 0.15066
213.24490 0.30251 0.15065
213.34094 0.30238 0.15065
213.43697 0.30225 0.15065
213.53301 0.30212 0.15064
213.62905 0.30198 0.15064
213.72509 0.30185 0.15063
213.82113 0.30172 0.15063
213.91717 0.30158 0.15062
214.01321 0.30145 0.15062
214.10924 0.30132 0.15062
214.20528 0.30119 0.15061
214.30132 0.30105 0.15061
214.39736 0.30092 0.15060
214.49340 0.30079 0.15060
214.58944 0.30066 0.15059
214.68547 0.30052 0.15059
214.78151 0.30039 0.15058
214.87755 0.30026 0.15058
214.97359 0.30013 0.15058
215.06963 0.29999 0.15057
215.16567 0.29986 0.15057
215.26170 0.29973 0.15056
215.35774 0.29959 0.15056
215.45378 0.29946 0.15055
215.54982 0.29932 0.15055
215.64586 0.29919 0.15054
215.74190 0.29905 0.15054
215.83794 0.29892 0.15053
215.93397 0.29879 0.15053
216.03001 0.29865 0.15053
216.12605 0.29852 0.15052
216.22209 0.29838 0.15052
216.31813 0.29824 0.15051
216.41417 0.29811 0.15051
216.51020 0.29797 0.15050
216.60624 0.29784 0.15050
216.70228 0.29770 0.15049
216.79832 0.29757 0.15049
216.89436 0.29743 0.15049
216.99040 0.29729 0.15048
217.08643 0.29715 0.15048
217.18247 0.29702 0.15047
217.27851 0.29688 0.15047
217.37455 0.29674 0.15046
217.47059 0.29661 0.15046
217.56663 0.29647 0.15045
217.66267 0.29633 0.15045
217.75870 0.29619 0.15044
217.85474 0.29606 0.15044
217.95078 0.29592 0.15043
218.04682 0.29578 0.15043
218.14286 0.29564 0.15043
218.23890 0.29551 0.15042
218.33493 0.29537 0.15042
218.43097 0.29523 0.15041
218.52701 0.29509 0.15041
218.62305 0.29495 0.15040
218.71909 0.29482 0.15040
218.81513 0.29468 0.15039
218.91116 0.29454 0.15039
219.00720 0.29440 0.15038
219.10324 0.29426 0.15038
219.19928 0.29413 0.15037
219.29532 0.29399 0.15037
219.39136 0.29385 0.15037
219.48739 0.29371 0.15036
219.58343 0.29358 0.15036
219.67947 0.29344 0.15035
219.77551 0.29330 0.15035
219.87155 0.29316 0.15034
219.96759 0.29302 0.15034
220.06363 0.29289 0.15033
220.15966 0.29275 0.15033
220.25570 0.29261 0.15032
220.35174 0.29247 0.15032
220.44778 0.29233 0.15031
220.54382 0.29220 0.15031
220.63986 0.29206 0.15031
220.73589 0.29192 0.15030
220.83193 0.29178 0.15030
220.92797 0.29165 0.15029
221.02401 0.29151 0.15029
221.12005 0.29137 0.15028
221.21609 0.29123 0.15028
221.31212 0.29109 0.15027
221.40816 0.29096 0.15027
221.50420 0.29082 0.15026
221.60024 0.29068 0.15026
221.69628 0.29055 0.15025
221.79232 0.29041 0.15025
221.88836 0.29027 0.15024
221.98439 0.29013 0.15024
222.08043 0.29000 0.15023
222.17647 0.28986 0.15023
222.27251 0.28972 0.15023
222.36855 0.28958 0.15022
222.46459 0.28945 0.15022
222.56062 0.28931 0.15021
222.65666 0.28917 0.15021
222.75270 0.28903 0.15020
222.84874 0.28889 0.15020
222.94478 0.28875 0.15019
223.04082 0.28861 0.15019
223.13685 0.28847 0.15018
223.23289 0.28833 0.15018
223.32893 0.28819 0.15017
223.42497 0.28805 0.15017
223.52101 0.28791 0.15016
223.61705 0.28777 0.15016
223.71309 0.28763 0.15015
223.80912 0.28749 0.15015
223.90516 0.28735 0.15014
224.00120 0.28721 0.15014
224.09724 0.28706 0.15013
224.19328 0.28692 0.15013
224.28932 0.28678 0.15012
224.38535 0.28664 0.15012
224.48139 0.28650 0.15011
224.57743 0.28635 0.15011
224.67347 0.28621 0.15010
224.76951 0.28607 0.15009
224.86555 0.28593 0.15009
224.96158 0.28578 0.15008
225.05762 0.28564 0.15008
225.15366 0.28550 0.15007
225.24970 0.28536 0.15007
225.34574 0.28522 0.15006
225.44178 0.28507 0.15006
225.53782 0.28493 0.15005
225.63385 0.28479 0.15005
225.72989 0.28465 0.15004
225.82593 0.28450 0.15004
225.92197 0.28436 0.15003
226.01801 0.28422 0.15003
226.11405 0.28407 0.15002
226.21008 0.28393 0.15002
226.30612 0.28379 0.15001
226.40216 0.28364 0.15001
226.49820 0.28350 0.15000
226.59424 0.28335 0.15000
226.69028 0.28321 0.14999
226.78631 0.28307 0.14999
226.88235 0.28292 0.14998
226.97839 0.28278 0.14998
227.07443 0.28264 0.14997
227.17047 0.28249 0.14996
227.26651 0.28235 0.14996
227.36255 0.28221 0.14995
227.45858 0.28206 0.14995
227.55462 0.28192 0.14994
227.65066 0.28177 0.14994
227.74670 0.28163 0.14993
227.84274 0.28149 0.14993
227.93878 0.28134 0.14992
228.03481 0.28120 0.14992
228.13085 0.28106 0.14991
228.22689 0.28091 0.14991
228.32293 0.28077 0.14990
228.41897 0.28063 0.14989
228.51501 0.28048 0.14989
228.61104 0.28034 0.14988
228.70708 0.28020 0.14988
228.80312 0.28006 0.14987
228.89916 0.27991 0.14987
228.99520 0.27977 0.14986
229.09124 0.27963 0.14986
229.18727 0.27949 0.14985
229.28331 0.27934 0.14985
229.37935 0.27920 0.14984
229.47539 0.27906 0.14983
229.57143 0.27892 0.14983
229.66747 0.27878 0.14982
229.76351 0.27863 0.14982
229.85954 0.27849 0.14981
229.95558 0.27835 0.14981
230.05162 0.27820 0.14980
230.14766 0.27806 0.14980
230.24370 0.27792 0.14979
230.33974 0.27777 0.14978
230.43577 0.27763 0.14978
230.53181 0.27749 0.14977
230.62785 0.27734 0.14977
230.72389 0.27720 0.14976
230.81993 0.27705 0.14976
230.91597 0.27691 0.14975
231.01200 0.27676 0.14975
231.10804 0.27662 0.14974
231.20408 0.27648 0.14973
231.30012 0.27633 0.14973
231.39616 0.27618 0.14972
231.49220 0.27604 0.14972
231.58824 0.27589 0.14971
231.68427 0.27575 0.14971
231.78031 0.27560 0.14970
231.87635 0.27546 0.14970
231.97239 0.27531 0.14969
232.06843 0.27517 0.14968
232.16447 0.27502 0.14968
232.26050 0.27487 0.14967
232.35654 0.27473 0.14967
232.45258 0.27458 0.14966
232.54862 0.27443 0.14966
232.64466 0.27429 0.14965
232.74070 0.27414 0.14964
232.83673 0.27399 0.14964
232.93277 0.27385 0.14963
233.02881 0.27370 0.14963
233.12485 0.27355 0.14962
233.22089 0.27341 0.14962
233.31693 0.27326 0.14961
233.41297 0.27312 0.14960
233.50900 0.27297 0.14960
233.60504 0.27282 0.14959
233.70108 0.27268 0.14959
233.79712 0.27253 0.14958
233.89316 0.27238 0.14957
233.98920 0.27224 0.14957
234.08523 0.27209 0.14956
234.18127 0.27194 0.14956
234.27731 0.27180 0.14955
234.37335 0.27165 0.14955
234.46939 0.27150 0.14954
234.56543 0.27136 0.14953
234.66146 0.27121 0.14953
234.75750 0.27106 0.14952
234.85354 0.27092 0.14952
234.94958 0.27077 0.14951
235.04562 0.27062 0.14950
235.14166 0.27048 0.14950
235.23770 0.27033 0.14949
235.33373 0.27018 0.14949
235.42977 0.27004 0.14948
235.52581 0.26989 0.14947
235.62185 0.26974 0.14947
235.71789 0.26959 0.14946
235.81393 0.26945 0.14946
235.90996 0.26930 0.14945
236.00600 0.26915 0.14945
236.10204 0.26901 0.14944
236.19808 0.26886 0.14943
236.29412 0.26871 0.14943
236.39016 0.26856 0.14942
236.48619 0.26842 0.14942
236.58223 0.26827 0.14941
236.67827 0.26812 0.14940
236.77431 0.26798 0.14940
236.87035 0.26783 0.14939
236.96639 0.26768 0.14939
237.06242 0.26753 0.14938
237.15846 0.26739 0.14937
237.25450 0.26724 0.14937
237.35054 0.26709 0.14936
237.44658 0.26695 0.14936
237.54262 0.26680 0.14935
237.63866 0.26665 0.14934
237.73469 0.26651 0.14934
237.83073 0.26636 0.14933
237.92677 0.26621 0.14933
238.02281 0.26607 0.14932
238.11885 0.26592 0.14931
238.21489 0.26577 0.14931
238.31092 0.26562 0.14930
238.40696 0.26548 0.14930
238.50300 0.26533 0.14929
238.59904 0.26518 0.14928
238.69508 0.26503 0.14928
238.79112 0.26488 0.14927
238.88715 0.26473 0.14927
238.98319 0.26459 0.14926
239.07923 0.26444 0.14925
239.17527 0.26429 0.14925
239.27131 0.26414 0.14924
239.36735 0.26399 0.14923
239.46339 0.26384 0.14923
239.55942 0.26369 0.14922
239.65546 0.26354 0.14922
239.75150 0.26340 0.14921
239.84754 0.26325 0.14920
239.94358 0.26310 0.14920
240.03962 0.26295 0.14919
240.13565 0.26280 0.14919
240.23169 0.26265 0.14918
240.32773 0.26251 0.14917
240.42377 0.26236 0.14917
240.51981 0.26221 0.14916
240.61585 0.26206 0.14915
240.71188 0.26191 0.14915
240.80792 0.26176 0.14914
240.90396 0.26162 0.14914
241.00000 0.26147 0.14913
