1.0 0.264367
1.0960384153661464 0.2641891540360541
1.1920768307322929 0.26401222905098565
1.2881152460984393 0.26383604737766575
1.3841536614645857 0.2636604215526244
1.4801920768307322 0.26348520721348345
1.5762304921968788 0.2633102935451884
1.6722689075630253 0.26313558934556247
1.7683073229291717 0.26296107549471803
1.8643457382953181 0.26278714632027966
1.9603841536614646 0.2626147344537272
2.0564225690276112 0.2624448643172316
2.1524609843937577 0.2622779699481437
2.248499399759904 0.26211388139760805
2.3445378151260505 0.2619521103955712
2.440576230492197 0.26179197225974826
2.5366146458583434 0.26163281705892005
2.63265306122449 0.26147440058335064
2.7286914765906363 0.26131685778188585
2.8247298919567827 0.2611602793309833
2.920768307322929 0.26100453085509867
3.0168067226890756 0.26084951667518
3.112845138055222 0.2606956268945452
3.2088835534213684 0.26054365389127854
3.3049219687875153 0.2603938370737733
3.4009603841536618 0.2602454351773351
3.496998799519808 0.2600975940812573
3.5930372148859546 0.25995089421022777
3.689075630252101 0.259807260548665
3.7851140456182475 0.2596679703977356
3.881152460984394 0.25953269798971
3.9771908763505404 0.259400262621526
4.073229291716687 0.2592700393049807
4.169267707082833 0.25914205288442754
4.26530612244898 0.2590164620537424
4.3613445378151265 0.25889329724533644
4.4573829531812725 0.2587726031314339
4.5534213685474185 0.2586547240949825
4.649459783913565 0.2585402503207458
4.745498199279712 0.2584292214292574
4.841536614645858 0.258320703717269
4.937575030012005 0.25821341148560617
5.033613445378151 0.2581070061834072
5.129651860744298 0.25800216122640385
5.225690276110444 0.257899627968046
5.321728691476591 0.2577997098575632
5.417767106842737 0.2577026610399247
5.513805522208884 0.25760957289543535
5.609843937575031 0.25752230153869526
5.705882352941177 0.25744149447123366
5.8019207683073235 0.2573654232744912
5.8979591836734695 0.2572913168162956
5.993997599039616 0.2572184759966244
6.090036014405762 0.2571484896584795
6.186074429771909 0.25708277632863724
6.282112845138055 0.2570210480465154
6.378151260504202 0.2569620169309334
6.474189675870348 0.2569051733984951
6.570228091236495 0.25685097007692254
6.666266506602641 0.25679985005821615
6.762304921968788 0.2567516077044336
6.858343337334934 0.25670566419412505
6.954381752701081 0.2566618051397256
7.050420168067227 0.2566202699508165
7.146458583433374 0.2565814002554422
7.2424969987995205 0.2565453964829555
7.3385354141656665 0.25651239447721647
7.434573829531813 0.2564826870938876
7.530612244897959 0.2564567192836232
7.626650660264106 0.25643450683939384
7.722689075630252 0.2564152138083877
7.818727490996399 0.256397528042402
7.914765906362545 0.25638076606643845
8.010804321728692 0.25636504019843087
8.106842737094837 0.25635082192884046
8.202881152460986 0.25633860785658424
8.29891956782713 0.2563289812300204
8.394957983193278 0.256322824606586
8.490996398559425 0.2563213232932978
8.58703481392557 0.2563253793542566
8.683073229291717 0.25633514048727735
8.779111644657863 0.25634999840932327
8.87515006002401 0.2563686251075332
8.971188475390157 0.2563890616653355
9.067226890756302 0.2564101282415002
9.16326530612245 0.25643261571518605
9.259303721488596 0.2564586488212716
9.355342136854743 0.25648939873449106
9.451380552220888 0.2565246469932037
9.547418967587035 0.25656369361763187
9.643457382953182 0.25660616350332616
9.739495798319329 0.2566518610686223
9.835534213685474 0.25670014777020683
9.93157262905162 0.25674984516236243
10.027611044417768 0.2568001066065488
10.123649459783914 0.25685123075731475
10.219687875150061 0.25690429463190767
10.315726290516206 0.25695964089038215
10.411764705882353 0.25701656902877745
10.5078031212485 0.25707445641130056
10.603841536614647 0.257133857224637
10.699879951980792 0.2571961453336194
10.795918367346939 0.2572618923484232
10.891956782713086 0.25733049035543243
10.987995198079233 0.25740089174822267
11.084033613445378 0.25747237105720333
11.180072028811525 0.2575445309009825
11.276110444177672 0.25761717878849255
11.372148859543818 0.2576902902064139
11.468187274909964 0.2577638958151338
11.56422569027611 0.2578379593683337
11.660264105642257 0.25791245836375537
11.756302521008404 0.25798777475217466
11.852340936374551 0.25806479062893073
11.948379351740696 0.2581444666840188
12.044417767106843 0.2582273631445668
12.14045618247299 0.25831357225567947
12.236494597839137 0.2584025206243906
12.332533013205282 0.2584929469040228
12.428571428571429 0.25858409359143225
12.524609843937576 0.2586771301985915
12.620648259303723 0.2587746202653405
12.716686674669868 0.25887740607417375
12.812725090036015 0.25898368975256014
12.908763505402161 0.2590912922818741
13.004801920768308 0.2592004889307651
13.100840336134453 0.25931362554551096
13.1968787515006 0.2594320989577983
13.292917166866747 0.25955537360778613
13.388955582232894 0.25968187693388034
13.484993997599041 0.25981018144369283
13.581032412965186 0.25993901389635277
13.677070828331333 0.2600668504361212
13.77310924369748 0.26019179933379555
13.869147659063627 0.2603127389922589
13.965186074429772 0.2604308952321954
14.061224489795919 0.26054944031369326
14.157262905162066 0.2606703805757461
14.253301320528212 0.2607934276952477
14.349339735894358 0.26091742994854894
14.445378151260504 0.26104246091861794
14.541416566626651 0.2611697020607807
14.637454981992798 0.26129964014641827
14.733493397358943 0.261431376278378
14.82953181272509 0.26156358161932747
14.925570228091237 0.2616959646951353
15.021608643457384 0.26182921771155376
15.11764705882353 0.2619638093657589
15.213685474189676 0.2620994944175299
15.309723889555823 0.262235930696371
15.40576230492197 0.2623736759209068
15.501800720288117 0.26251405474642586
15.597839135654262 0.2626575533288381
15.693877551020408 0.262803130184441
15.789915966386555 0.26294916063369694
15.885954381752702 0.26309504345291834
15.981992797118847 0.2632412237037396
16.078031212484994 0.2633881740665178
16.17406962785114 0.26353593230888406
16.270108043217288 0.26368465737277513
16.366146458583433 0.2638356255856409
16.46218487394958 0.26399111415730825
16.558223289315727 0.2641526153703925
16.654261704681872 0.26431997433812204
16.75030012004802 0.2644918496034142
16.846338535414166 0.2646665901729528
16.942376950780314 0.2648424385061278
17.03841536614646 0.2650184533582881
17.134453781512605 0.2651949773102926
17.230492196878753 0.2653729687458783
17.3265306122449 0.26555267119125214
17.422569027611043 0.2657335228917056
17.518607442977192 0.2659147710781755
17.614645858343337 0.2660958039505842
17.710684273709486 0.2662763928067412
17.80672268907563 0.26645718913739214
17.902761104441776 0.2666396632774102
17.998799519807925 0.2668248841582105
18.09483793517407 0.2670128303700361
18.19087635054022 0.2672029081116213
18.286914765906364 0.26739510760733676
18.38295318127251 0.26759003686116656
18.478991596638657 0.26778765870372623
18.575030012004802 0.26798654118545095
18.671068427370948 0.2681849122931191
18.767106842737096 0.2683831276633854
18.86314525810324 0.2685837444914481
18.95918367346939 0.2687884157335501
19.055222088835535 0.268995944782234
19.15126050420168 0.2692034986987085
19.24729891956783 0.26940965175134896
19.343337334933974 0.26961476527705175
19.439375750300123 0.26982004326133774
19.535414165666268 0.27002690881043223
19.631452581032413 0.27023656077215136
19.72749099639856 0.27044886012785996
19.823529411764707 0.27066227329056647
19.91956782713085 0.270875443624855
20.015606242497 0.27108828094642184
20.111644657863145 0.2713016366446066
20.207683073229294 0.2715163564832451
20.30372148859544 0.2717330991822243
20.399759903961584 0.27195203392897616
20.495798319327733 0.27217261954377087
20.591836734693878 0.27239399202353853
20.687875150060023 0.27261609564960054
20.78391356542617 0.27283982320718925
20.879951980792317 0.2730660718772328
20.975990396158466 0.27329501938890777
21.07202881152461 0.27352608656406574
21.168067226890756 0.2737578838202814
21.264105642256904 0.2739883057677424
21.36014405762305 0.2742162306922096
21.456182472989198 0.27444288952342377
21.552220888355343 0.27467079448980847
21.64825930372149 0.27490016680246965
21.744297719087637 0.27512841609969485
21.840336134453782 0.2753535841814495
21.936374549819927 0.2755772584330054
22.032412965186076 0.275803264721728
22.12845138055222 0.27603290641235667
22.22448979591837 0.2762641208313747
22.320528211284515 0.2764946704214656
22.41656662665066 0.2767249788212876
22.51260504201681 0.276957351287595
22.608643457382954 0.27719280914585576
22.704681872749102 0.2774304470312484
22.800720288115247 0.2776688572732244
22.896758703481392 0.2779074595711339
22.99279711884754 0.27814650109343764
23.088835534213686 0.2783868583107896
23.18487394957983 0.2786299358292148
23.28091236494598 0.278876440438822
23.376950780312125 0.27912517874030907
23.472989195678274 0.2793735660291946
23.56902761104442 0.2796198861523609
23.665066026410564 0.2798638437030644
23.761104441776713 0.28010614233711517
23.857142857142858 0.2803480504763589
23.953181272509003 0.28059101780968715
24.04921968787515 0.280835126002536
24.145258103241297 0.2810787411176217
24.241296518607445 0.28132028943640996
24.33733493397359 0.2815601785766041
24.433373349339735 0.28180039996486
24.529411764705884 0.28204229587432483
24.62545018007203 0.28228594651392575
24.721488595438178 0.28253064215999857
24.817527010804323 0.28277541974675524
24.913565426170468 0.28301930296995575
25.009603841536617 0.2832623090939387
25.10564225690276 0.2835057128762902
25.201680672268907 0.28375083901701936
25.297719087635056 0.28399762068479933
25.3937575030012 0.2842448465571168
25.48979591836735 0.2844918431074246
25.585834333733494 0.2847389783034996
25.68187274909964 0.28498671046299134
25.777911164465788 0.2852343948046293
25.873949579831933 0.28548050204142583
25.969987995198082 0.2857241992108812
26.066026410564227 0.28596585876226366
26.162064825930372 0.2862063377190029
26.25810324129652 0.2864460266595348
26.354141656662666 0.2866848424049191
26.45018007202881 0.28692255851977944
26.54621848739496 0.2871589243302536
26.642256902761105 0.28739380772888307
26.738295318127253 0.2876273927182606
26.8343337334934 0.28786014782964214
26.930372148859544 0.2880925459374808
27.026410564225692 0.28832496030575117
27.122448979591837 0.28855767400421356
27.218487394957986 0.2887908944366424
27.31452581032413 0.28902465956936885
27.410564225690276 0.2892582349912212
27.506602641056425 0.28948990222634585
27.60264105642257 0.2897184536271892
27.698679471788715 0.2899454799715609
27.794717887154864 0.2901748875428389
27.89075630252101 0.29040831608898976
27.986794717887157 0.29064328555009034
28.082833133253303 0.2908759971818795
28.178871548619448 0.2911058512921211
28.274909963985596 0.2913353212942511
28.37094837935174 0.291566097968306
28.466986794717887 0.29179742797887537
28.563025210084035 0.2920275819628344
28.65906362545018 0.29225635208046774
28.75510204081633 0.29248508051011535
28.851140456182474 0.29271502476340805
28.94717887154862 0.29294660853811333
29.043217286914768 0.29317957619406804
29.139255702280913 0.29341327611370277
29.23529411764706 0.2936467621346307
29.331332533013207 0.2938793822430325
29.42737094837935 0.2941110622146323
29.5234093637455 0.2943421223382514
29.619447779111646 0.2945729294385059
29.71548619447779 0.29480384787941716
29.81152460984394 0.29503514694253863
29.907563025210084 0.2952669528016829
30.003601440576233 0.2954991701446482
30.099639855942378 0.2957313291187309
30.195678271308523 0.2959626796653948
30.291716686674672 0.2961932205726816
30.387755102040817 0.2964242480721486
30.483793517406966 0.29665769596396085
30.57983193277311 0.29689475215908256
30.675870348139256 0.29713568062025875
30.771908763505404 0.29737977657317094
30.86794717887155 0.2976253434449255
30.963985594237695 0.29787038461423054
31.060024009603843 0.298114120886266
31.15606242496999 0.29835710721191583
31.252100840336137 0.2986003302300986
31.348139255702282 0.29884467152876726
31.444177671068427 0.2990907915630006
31.540216086434576 0.29933887879790066
31.63625450180072 0.2995885965365439
31.732292917166866 0.2998388936057007
31.828331332533015 0.3000878881371668
31.92436974789916 0.30033385798672724
32.02040816326531 0.30057765740908027
32.116446578631454 0.3008227613380966
32.2124849939976 0.30107143930253655
32.308523409363744 0.30132224161066545
32.404561824729896 0.301571610855638
32.50060024009604 0.3018181446173198
32.596638655462186 0.3020631325888129
32.69267707082833 0.3023087431366384
32.78871548619448 0.3025567695090046
32.88475390156063 0.30280833669649576
32.98079231692677 0.30306317648092634
33.07683073229292 0.3033195943442123
33.172869147659064 0.30357571974367736
33.26890756302521 0.3038304147423559
33.36494597839136 0.30408331807222566
33.460984393757506 0.3043349098269835
33.55702280912365 0.30458643949660846
33.6530612244898 0.3048386686369775
33.74909963985594 0.3050909102132475
33.84513805522209 0.305341595409937
33.94117647058824 0.3055900676087114
34.037214885954384 0.3058368577258528
34.13325330132053 0.3060826578665387
34.229291716686674 0.3063274977927781
34.32533013205282 0.30657114845703737
34.42136854741897 0.3068144879797453
34.51740696278512 0.30705967282366164
34.61344537815126 0.3073083657115232
34.70948379351741 0.30756024144353816
34.80552220888355 0.30781366657468984
34.901560624249704 0.30806816374224655
34.99759903961585 0.3083248302645697
35.093637454981994 0.30858439847319075
35.18967587034814 0.3088455171159631
35.285714285714285 0.3091055821942851
35.38175270108044 0.30936393020008524
35.47779111644658 0.30962243990212257
35.57382953181273 0.3098831947941738
35.66986794717887 0.3101463081503224
35.76590636254502 0.3104103669070447
35.86194477791116 0.31067443377505005
35.957983193277315 0.3109384805761888
36.05402160864346 0.311202484001737
36.150060024009605 0.3114655419180722
36.24609843937575 0.3117263605439604
36.342136854741895 0.3119853551506925
36.43817527010805 0.3122450895789165
36.53421368547419 0.3125081309701545
36.63025210084034 0.31277484773567044
36.72629051620648 0.313043762469236
36.82232893157263 0.31331348525843905
36.91836734693878 0.31358321934974087
37.014405762304925 0.31385258652652565
37.11044417767107 0.3141214385906777
37.206482593037215 0.3143898865849174
37.30252100840336 0.31465847193069696
37.39855942376951 0.31492818783390536
37.49459783913566 0.3151996802524557
37.5906362545018 0.31547234248203426
37.68667466986795 0.3157445946999044
37.78271308523409 0.31601545236153405
37.878751500600245 0.31628496860948424
37.97478991596639 0.31655346880488056
38.070828331332535 0.316820639194989
38.16686674669868 0.3170857375612659
38.262905162064826 0.31734892188109
38.35894357743097 0.31761163578855117
38.45498199279712 0.3178754579379713
38.55102040816327 0.3181406635937629
38.64705882352941 0.3184064327944752
38.74309723889556 0.3186724496198607
38.8391356542617 0.3189394103737043
38.935174069627855 0.31920812835110013
39.031212484994 0.31947835730618024
39.127250900360146 0.31974896060368274
39.22328931572629 0.32001932344036393
39.319327731092436 0.3202898295668092
39.41536614645859 0.3205610399957994
39.51140456182473 0.32083255849458564
39.60744297719088 0.32110315502482223
39.70348139255702 0.3213720060369105
39.79951980792317 0.32163915062801357
39.89555822328932 0.32190533656271714
39.991596638655466 0.3221717948323648
40.08763505402161 0.322439984012729
40.183673469387756 0.3227100817997449
40.2797118847539 0.32298042287816553
40.375750300120046 0.32324911602995887
40.4717887154862 0.32351651269583337
40.56782713085234 0.32378501442604246
40.66386554621849 0.32405636421396566
40.759903961584634 0.324330540408404
40.85594237695078 0.324606408725393
40.95198079231693 0.324882775022429
41.048019207683076 0.32515862394958506
41.14405762304922 0.3254341437344872
41.240096038415366 0.32571115615911816
41.33613445378151 0.32599184834841
41.432172869147664 0.3262766296084274
41.52821128451381 0.3265641195989669
41.624249699879954 0.3268526426803642
41.7202881152461 0.32714091165444065
41.816326530612244 0.3274280199707511
41.912364945978396 0.3277134206860457
42.00840336134454 0.32799689727844084
42.104441776710686 0.328278342035497
42.20048019207683 0.32855765255882247
42.29651860744298 0.328835054637431
42.39255702280912 0.32911170572612514
42.488595438175274 0.3293895468400563
42.58463385354142 0.3296694581588743
42.680672268907564 0.32995033109249156
42.77671068427371 0.3302304015717247
42.872749099639854 0.33050988892807254
42.96878751500601 0.3307909728026815
43.06482593037215 0.33107474870322484
43.1608643457383 0.33135960797443453
43.25690276110444 0.3316428208178134
43.35294117647059 0.33192385134776137
43.44897959183674 0.3322045327850921
43.545018007202884 0.3324867352685694
43.64105642256903 0.3327710537230616
43.737094837935174 0.33305707374801496
43.83313325330132 0.33334398679833976
43.92917166866747 0.33363072492244683
44.02521008403362 0.33391652473834954
44.12124849939976 0.33420126104323467
44.21728691476591 0.33448518848349784
44.31332533013205 0.3347683355683705
44.409363745498204 0.33505046515513903
44.50540216086435 0.3353315814019894
44.601440576230495 0.33561224502998255
44.69747899159664 0.33589326577687334
44.793517406962785 0.3361749435669945
44.88955582232893 0.3364570170377077
44.98559423769508 0.33673940183617224
45.08163265306123 0.3370226741695803
45.17767106842737 0.337307760592216
45.27370948379352 0.3375951205019617
45.36974789915966 0.3378846706179684
45.465786314525815 0.3381764757594897
45.56182472989196 0.33847122421008036
45.657863145258105 0.33876965276601423
45.75390156062425 0.33907096665919634
45.849939975990395 0.33937272586464406
45.94597839135655 0.33967294100696765
46.04201680672269 0.33997159200301125
46.13805522208884 0.3402699771973018
46.23409363745498 0.3405687519802689
46.33013205282113 0.34086762548536886
46.42617046818728 0.34116603036021176
46.522208883553425 0.34146363275059854
46.61824729891957 0.3417604878383812
46.714285714285715 0.34205746883063354
46.81032412965186 0.342356248108114
46.906362545018006 0.34265770132757456
47.00240096038416 0.3429606302224547
47.0984393757503 0.34326261765442245
47.19447779111645 0.3435628744935625
47.29051620648259 0.34386269504523675
47.38655462184874 0.34416351019391567
47.48259303721489 0.34446525059485567
47.578631452581035 0.34476677759117547
47.67466986794718 0.3450675132851535
47.770708283313326 0.34536773946876254
47.86674669867947 0.34566776094406126
47.96278511404562 0.3459671667186519
48.05882352941177 0.34626521549891887
48.15486194477791 0.3465623020272206
48.25090036014406 0.3468602048128796
48.3469387755102 0.3471604601513472
48.442977190876356 0.347462853719616
48.5390156062425 0.3477658523915497
48.635054021608646 0.34806845648683704
48.73109243697479 0.34837060308235107
48.827130852340936 0.3486724118309217
48.92316926770709 0.3489734498487198
49.01920768307323 0.34927292761617273
49.11524609843938 0.34957060535973833
49.21128451380552 0.34986700562816936
49.30732292917167 0.3501630614775197
49.403361344537814 0.3504597561723648
49.499399759903966 0.35075797862126146
49.59543817527011 0.3510579826406888
49.691476590636256 0.3513592621096031
49.7875150060024 0.35166104835808315
49.883553421368546 0.35196284500945607
49.9795918367347 0.35226450420615035
50.075630252100844 0.35256644627731193
50.17166866746699 0.3528696849914955
50.267707082833134 0.3531747667278043
50.36374549819928 0.3534805730596753
50.45978391356543 0.3537847290351006
50.555822328931576 0.35408584690843814
50.65186074429772 0.3543841677270073
50.747899159663866 0.35468083628646735
50.84393757503001 0.3549770407000559
50.939975990396164 0.3552738427114848
51.03601440576231 0.3555715780879183
51.132052821128454 0.3558696867602912
51.2280912364946 0.3561673719248209
51.324129651860744 0.35646442161825964
51.42016806722689 0.35676118283970626
51.51620648259304 0.3570581469117957
51.61224489795919 0.3573557995589274
51.70828331332533 0.35765409624585254
51.80432172869148 0.3579517757885782
51.90036014405762 0.35824670983457296
51.996398559423774 0.3585381327390512
52.09243697478992 0.35882738921275803
52.188475390156064 0.35911652596636
52.28451380552221 0.35940635295274825
52.380552220888354 0.35969653831532455
52.47659063625451 0.35998701990421905
52.57262905162065 0.3602785066038086
52.6686674669868 0.3605715467735734
52.76470588235294 0.3608651807673757
52.86074429771909 0.36115720199414125
52.95678271308524 0.36144647642633476
53.052821128451384 0.36173382861429676
53.14885954381753 0.3620210789099436
53.244897959183675 0.3623095762724303
53.34093637454982 0.3626000831464421
53.43697478991597 0.36289283091159896
53.53301320528212 0.36318754524315894
53.62905162064826 0.3634836599219551
53.72509003601441 0.36378065876414717
53.82112845138055 0.36407809167316874
53.9171668667467 0.3643754715748591
54.01320528211285 0.36467223467066867
54.109243697478995 0.3649680986881738
54.20528211284514 0.36526366486239426
54.301320528211285 0.3655602749807042
54.39735894357743 0.3658584909398995
54.49339735894358 0.36615741203895363
54.58943577430973 0.36645571032452473
54.68547418967587 0.36675346910997747
54.78151260504202 0.36705212273014154
54.87755102040816 0.3673524512167933
54.973589435774315 0.36765362541280755
55.06962785114046 0.36795424424313705
55.165666266506605 0.3682542787396721
55.26170468187275 0.36855509086449645
55.357743097238895 0.36885776829954553
55.45378151260505 0.369162284046719
55.54981992797119 0.3694679259141313
55.64585834333734 0.3697741532533415
55.74189675870348 0.3700806933671509
55.83793517406963 0.3703875088429379
55.93397358943577 0.37069477878418744
56.030012004801925 0.3710026948403149
56.12605042016807 0.3713110407900738
56.222088835534215 0.3716191994059086
56.31812725090036 0.37192672577559166
56.414165666266506 0.3722336682476479
56.51020408163266 0.3725403968970523
56.6062424969988 0.3728472219777624
56.70228091236495 0.37315434456687047
56.79831932773109 0.3734618649831679
56.89435774309724 0.3737697868906583
56.99039615846339 0.37407784651998277
57.086434573829536 0.37438512165455295
57.18247298919568 0.3746901237434798
57.278511404561826 0.37499242711907343
57.37454981992797 0.37529367832353766
57.47058823529412 0.37559635899696797
57.56662665066027 0.3759007542017402
57.66266506602641 0.37620473067698135
57.75870348139256 0.3765064632885833
57.8547418967587 0.37680621533865005
57.950780312124856 0.3771056674953705
58.046818727491 0.37740612251148886
58.142857142857146 0.3777082373674033
58.23889555822329 0.3780122120236812
58.334933973589436 0.3783179190194997
58.43097238895558 0.3786250323604171
58.52701080432173 0.37893336857367865
58.62304921968788 0.37924290031443053
58.719087635054024 0.3795531667479063
58.81512605042017 0.3798628479657913
58.911164465786314 0.38017020347656194
59.007202881152466 0.3804743481173677
59.10324129651861 0.38077545313268857
59.199279711884756 0.38107437031697533
59.2953181272509 0.3813723467949457
59.391356542617046 0.38167077394390214
59.4873949579832 0.3819704539149106
59.583433373349344 0.3822714780912649
59.67947178871549 0.382573486302017
59.775510204081634 0.3828758732986434
59.87154861944778 0.3831779336561669
59.96758703481393 0.383479304395905
60.063625450180076 0.3837800239421596
60.15966386554622 0.38408003589399864
60.25570228091237 0.3843787734504901
60.35174069627851 0.3846754558368874
60.44777911164466 0.38497012721077695
60.54381752701081 0.3852638222356345
60.639855942376954 0.385557584359398
60.7358943577431 0.3858516020871341
60.831932773109244 0.3861454627537858
60.92797118847539 0.3864391606218888
61.02400960384154 0.3867332876897549
61.12004801920769 0.3870283667515693
61.21608643457383 0.3873242350178653
61.31212484993998 0.3876200605685419
61.40816326530612 0.3879144940503744
61.504201680672274 0.38820575759884224
61.60024009603842 0.38849282113226125
61.696278511404564 0.388776544413864
61.79231692677071 0.3890591233109796
61.888355342136855 0.3893416953643532
61.98439375750301 0.3896238083873741
62.08043217286915 0.38990495840558026
62.1764705882353 0.3901861576428583
62.27250900360144 0.3904694244645762
62.36854741896759 0.3907553372375343
62.46458583433373 0.39104246035068063
62.560624249699885 0.39132918420442275
62.65666266506603 0.391615695584695
62.752701080432175 0.39190352165285813
62.84873949579832 0.39219306462402853
62.944777911164465 0.39248296847526165
63.04081632653062 0.3927716502159507
63.13685474189676 0.39305902221776234
63.23289315726291 0.39334620083223093
63.32893157262905 0.39363369664235065
63.4249699879952 0.3939209159451286
63.52100840336135 0.3942072454156078
63.617046818727495 0.3944933336116211
63.71308523409364 0.39478080003684957
63.809123649459785 0.39507041134755827
63.90516206482593 0.3953615460601599
64.00120048019208 0.3956533481709917
64.09723889555823 0.39594615955285734
64.19327731092437 0.39624119516465994
64.28931572629051 0.3965383521897071
64.38535414165666 0.39683553073916644
64.48139255702282 0.39713029848297643
64.57743097238895 0.39742206276338143
64.6734693877551 0.39771197385487905
64.76950780312126 0.39800155602323456
64.8655462184874 0.3982922235356113
64.96158463385353 0.3985848937990793
65.05762304921969 0.398879458194789
65.15366146458584 0.3991748848684546
65.24969987995199 0.3994700609766697
65.34573829531813 0.3997641053651406
65.44177671068428 0.40005655777441335
65.53781512605042 0.4003476504928948
65.63385354141657 0.4006382083412221
65.72989195678272 0.400928883118533
65.82593037214886 0.4012198586814576
65.92196878751501 0.4015109496226953
66.01800720288115 0.40180175198132395
66.1140456182473 0.40209172214022304
66.21008403361344 0.4023806203704977
66.3061224489796 0.40266868687208895
66.40216086434575 0.4029562822126891
66.49819927971188 0.4032433136672822
66.59423769507804 0.40352929150539707
66.69027611044417 0.40381409161248993
66.78631452581033 0.40409827703061474
66.88235294117648 0.4043825398329337
66.97839135654262 0.40466676405116964
67.07442977190877 0.4049500953305909
67.1704681872749 0.4052321399697741
67.26650660264106 0.40551350155949467
67.36254501800721 0.40579503751699003
67.45858343337335 0.40607654394072423
67.5546218487395 0.40635675255070214
67.65066026410564 0.4066343828114725
67.74669867947179 0.40690864754384237
67.84273709483794 0.40717943521975564
67.93877551020408 0.407447641269695
68.03481392557023 0.407715053635365
68.13085234093637 0.4079830681318377
68.22689075630252 0.4082520428150806
68.32292917166868 0.40852161985618574
68.41896758703481 0.40879136470390276
68.51500600240097 0.4090608788750164
68.6110444177671 0.4093301518608627
68.70708283313326 0.4095997453648854
68.80312124849941 0.40987035819062667
68.89915966386555 0.4101419277152525
68.9951980792317 0.41041360723129744
69.09123649459784 0.41068461967114356
69.18727490996399 0.41095473347216804
69.28331332533014 0.4112239813514492
69.37935174069628 0.41149203910848065
69.47539015606243 0.4117582449493952
69.57142857142857 0.41202263679215173
69.66746698679472 0.4122865593768217
69.76350540216087 0.4125518116640792
69.85954381752701 0.412818680596984
69.95558223289316 0.41308583309827096
70.0516206482593 0.41335214757426064
70.14765906362545 0.41361784563475057
70.2436974789916 0.4138838924223638
70.33973589435774 0.414150510110248
70.4357743097239 0.41441705890187863
70.53181272509003 0.4146832239088436
70.62785114045619 0.4149497861734545
70.72388955582232 0.4152179479447723
70.81992797118848 0.4154875835986015
70.91596638655463 0.41575710723441794
71.01200480192077 0.4160252692757957
71.10804321728692 0.4162923852367096
71.20408163265306 0.41655982408450776
71.30012004801921 0.41682856934538054
71.39615846338536 0.4170989855507379
71.4921968787515 0.41737089354214696
71.58823529411765 0.4176436247182109
71.68427370948379 0.41791632199249323
71.78031212484994 0.4181887897009622
71.8763505402161 0.4184615747068846
71.97238895558223 0.41873496191009263
72.06842737094838 0.41900821500565755
72.16446578631452 0.4192800421234891
72.26050420168067 0.4195500471068463
72.35654261704683 0.41981894726896707
72.45258103241297 0.42008773472966954
72.54861944777912 0.42035701021619043
72.64465786314526 0.42062685262662913
72.74069627851141 0.4208964659297141
72.83673469387756 0.4211642072536879
72.9327731092437 0.42142925451161434
73.02881152460985 0.42169299808295024
73.12484993997599 0.4219581697044579
73.22088835534214 0.42222578342775763
73.31692677070829 0.4224945923719161
73.41296518607443 0.42276286638642846
73.50900360144058 0.4230299504452798
73.60504201680672 0.4232961162221691
73.70108043217287 0.4235618477260469
73.79711884753902 0.42382766209006245
73.89315726290516 0.4240936817568768
73.98919567827132 0.42435924052443524
74.08523409363745 0.42462323015149983
74.1812725090036 0.42488545345416795
74.27731092436976 0.425146883573522
74.3733493397359 0.4254084100368013
74.46938775510205 0.42566962592043145
74.56542617046819 0.4259292673852578
74.66146458583434 0.42618715279174774
74.75750300120049 0.42644460547670265
74.85354141656663 0.4267030850106712
74.94957983193278 0.4269627967816504
75.04561824729892 0.42722290840606936
75.14165666266507 0.42748271984994296
75.23769507803121 0.4277419709506904
75.33373349339736 0.4280008698974606
75.42977190876351 0.4282601235596015
75.52581032412965 0.4285206404870277
75.6218487394958 0.4287822073887697
75.71788715486194 0.4290431718168701
75.8139255702281 0.4293018685535934
75.90996398559425 0.4295582181805455
76.00600240096038 0.42981351576443316
76.10204081632654 0.430069038011389
76.19807923169267 0.4303256344337012
76.29411764705883 0.4305837006666561
76.39015606242498 0.4308431471768863
76.48619447779112 0.4311033458539004
76.58223289315727 0.43136287633697523
76.6782713085234 0.4316194879089926
76.77430972388956 0.43187152873871054
76.87034813925571 0.43211971321799747
76.96638655462185 0.43236668403166034
77.062424969988 0.43261412729673615
77.15846338535414 0.43286185703580826
77.25450180072029 0.43310896325376497
77.35054021608644 0.4333553045251312
77.44657863145258 0.43360142923088946
77.54261704681873 0.433847579526878
77.63865546218487 0.43409336015278643
77.73469387755102 0.4343383281871328
77.83073229291718 0.4345827987151163
77.92677070828331 0.43482768284982715
78.02280912364947 0.43507318835726927
78.1188475390156 0.4353183658880686
78.21488595438176 0.43556215869114356
78.31092436974791 0.43580491000005095
78.40696278511405 0.43604816004853286
78.5030012004802 0.43629264388650957
78.59903961584634 0.4365375364339469
78.69507803121249 0.4367814436960197
78.79111644657864 0.43702390087772963
78.88715486194478 0.4372653190384915
78.98319327731093 0.43750580447045817
79.07923169267707 0.4377446888682034
79.17527010804322 0.4379812213052381
79.27130852340936 0.43821566810828355
79.36734693877551 0.43844919940258587
79.46338535414166 0.43868240028610656
79.5594237695078 0.4389146417196851
79.65546218487395 0.4391448383145955
79.75150060024009 0.4393727169522438
79.84753901560624 0.43959888703201133
79.9435774309724 0.43982446225682104
80.03961584633853 0.4400508831481995
80.13565426170469 0.4402793549864086
80.23169267707082 0.44050986290724026
80.32773109243698 0.44074122590008136
80.42376950780313 0.44097232372277007
80.51980792316927 0.44120268029660714
80.61584633853542 0.44143227561778076
80.71188475390156 0.4416611911877885
80.80792316926771 0.4418895562549886
80.90396158463386 0.44211741722309905
81.0 0.4423446731271432
81.09603841536615 0.44257120278462103
81.19207683073229 0.4427971129459496
81.28811524609844 0.44302273249438173
81.3841536614646 0.4432483026347642
81.48019207683073 0.4434738140181568
81.57623049219688 0.44369916147389554
81.67226890756302 0.4439244640802872
81.76830732292918 0.4441500403208188
81.86434573829533 0.4443757932082318
81.96038415366147 0.44460087077855115
82.05642256902762 0.4448242271829029
82.15246098439376 0.44504584188938945
82.24849939975991 0.44526678062624225
82.34453781512606 0.4454881886759068
82.4405762304922 0.4457107008502401
82.53661464585835 0.44593442707023134
82.63265306122449 0.44615893704366316
82.72869147659064 0.44638332524652224
82.82472989195679 0.4466069479150535
82.92076830732293 0.4468298765659099
83.01680672268908 0.44705261030567756
83.11284513805522 0.44727536906923915
83.20888355342137 0.44749800336895557
83.30492196878753 0.44772015482771144
83.40096038415366 0.4479413604345275
83.49699879951982 0.4481611365934076
83.59303721488595 0.4483791874450477
83.6890756302521 0.44859545534707945
83.78511404561824 0.4488103450698654
83.8811524609844 0.4490248759799871
83.97719087635055 0.4492402711239424
84.07322929171669 0.4494568513865233
84.16926770708284 0.44967392535923867
84.26530612244898 0.44989077170346803
84.36134453781513 0.45010734286244536
84.45738295318128 0.4503240850881703
84.55342136854742 0.4505413868994188
84.64945978391357 0.4507594683537687
84.74549819927971 0.45097817663594547
84.84153661464586 0.4511968322539668
84.93757503001201 0.4514145091527831
85.03361344537815 0.4516308811557215
85.1296518607443 0.45184633388049356
85.22569027611044 0.4520612570620093
85.3217286914766 0.4522754846324304
85.41776710684275 0.45248852418101915
85.51380552220888 0.4527003283579394
85.60984393757504 0.4529114194359669
85.70588235294117 0.4531224323619202
85.80192076830733 0.45333373490590323
85.89795918367348 0.4535454544235758
85.99399759903962 0.45375760566214446
86.09003601440577 0.45397011245470115
86.1860744297719 0.45418272028595413
86.28211284513806 0.4543949199447689
86.37815126050421 0.45460609465867713
86.47418967587035 0.45481604747300286
86.5702280912365 0.45502510351808245
86.66626650660264 0.455233833436771
86.76230492196879 0.45544279964138534
86.85834333733494 0.45565251406809165
86.95438175270108 0.4558633159575105
87.05042016806723 0.45607534115296433
87.14645858343337 0.4562884750329894
87.24249699879952 0.45650230713031875
87.33853541416568 0.4567162387201472
87.43457382953181 0.4569299145717022
87.53061224489797 0.45714332971334537
87.6266506602641 0.4573568356825849
87.72268907563026 0.45757114683214106
87.81872749099641 0.4577870916773496
87.91476590636255 0.4580045743991801
88.0108043217287 0.4582223420445142
88.10684273709484 0.4584389709567031
88.20288115246099 0.45865391542522627
88.29891956782713 0.45886733965758836
88.39495798319328 0.45907915074864836
88.49099639855943 0.45928875849579837
88.58703481392557 0.45949582805453454
88.68307322929172 0.45970112029395427
88.77911164465786 0.4599061449334406
88.87515006002401 0.4601113327094855
88.97118847539016 0.4603155451895719
89.0672268907563 0.460517430268387
89.16326530612245 0.46071701204064985
89.25930372148859 0.4609155307256889
89.35534213685474 0.46111420108936285
89.4513805522209 0.4613138250633798
89.54741896758703 0.4615146403370317
89.64345738295319 0.46171613403646883
89.73949579831933 0.46191717952216055
89.83553421368548 0.46211681372111796
89.93157262905163 0.46231449299382577
90.02761104441777 0.46251018335978533
90.12364945978392 0.46270447702545137
90.21968787515006 0.4628984622047764
90.31572629051621 0.46309295756954993
90.41176470588236 0.46328825048510935
90.5078031212485 0.46348418710141975
90.60384153661465 0.46368029533119814
90.69987995198079 0.4638759064303354
90.79591836734694 0.4640708178043744
90.8919567827131 0.46426552319421777
90.98799519807923 0.464460669729318
91.08403361344538 0.464656281147126
91.18007202881152 0.46485183112875156
91.27611044417768 0.46504707267919654
91.37214885954383 0.46524234504710416
91.46818727490997 0.4654379223375834
91.56422569027612 0.4656330335206842
91.66026410564226 0.46582602793623906
91.75630252100841 0.46601600343107064
91.85234093637456 0.46620345502772886
91.9483793517407 0.4663895401931278
92.04441776710685 0.4665749145494038
92.14045618247299 0.4667596820103083
92.23649459783914 0.4669437666252194
92.33253301320529 0.46712707074995763
92.42857142857143 0.46730941794324865
92.52460984393758 0.46749045710388515
92.62064825930372 0.46766972394869966
92.71668667466987 0.46784716587455777
92.81272509003601 0.4680233748013459
92.90876350540216 0.4681992599174842
93.00480192076832 0.46837547335095875
93.10084033613445 0.46855233662962614
93.1968787515006 0.4687297175196117
93.29291716686674 0.46890697610093723
93.3889555822329 0.46908343420461424
93.48499399759905 0.46925924005843506
93.58103241296519 0.4694353133181418
93.67707082833134 0.46961209923209746
93.77310924369748 0.4697889501921505
93.86914765906363 0.4699647506720933
93.96518607442978 0.4701391372982925
94.06122448979592 0.47031254828289093
94.15726290516207 0.47048541284173717
94.25330132052821 0.470657724591527
94.34933973589436 0.47082913724843506
94.44537815126051 0.4709991678657617
94.54141656662665 0.47116728450812945
94.6374549819928 0.471333506703345
94.73349339735894 0.4714987357611453
94.8295318127251 0.47166423294850857
94.92557022809125 0.47183048975930736
95.02160864345738 0.47199712175367803
95.11764705882354 0.4721632805351774
95.21368547418967 0.47232789606608594
95.30972388955583 0.4724900896002895
95.40576230492198 0.4726501026609089
95.50180072028812 0.4728093159066552
95.59783913565427 0.4729690600569668
95.6938775510204 0.47312988571792347
95.78991596638656 0.47329161391295316
95.88595438175271 0.47345348241042057
95.98199279711885 0.47361424825675047
96.078031212485 0.4737731335438001
96.17406962785114 0.47393043521344713
96.27010804321729 0.47408705540254276
96.36614645858344 0.4742432913344243
96.46218487394958 0.4743987289162591
96.55822328931573 0.4745532585758838
96.65426170468187 0.4747077640348685
96.75030012004802 0.4748634715226071
96.84633853541418 0.47502018284915665
96.94237695078031 0.4751761364219509
97.03841536614647 0.4753300409921263
97.1344537815126 0.4754825268096913
97.23049219687876 0.47563544088027015
97.3265306122449 0.4757897782659482
97.42256902761105 0.47594538472208026
97.5186074429772 0.4761018694943455
97.61464585834334 0.47625929002704703
97.71068427370949 0.4764179224325501
97.80672268907563 0.4765775307257405
97.90276110444178 0.47673729040584417
97.99879951980793 0.4768966979034873
98.09483793517407 0.47705628748034495
98.19087635054022 0.4772172032058892
98.28691476590636 0.47737979484481907
98.38295318127251 0.4775433992479632
98.47899159663866 0.4777072806226632
98.5750300120048 0.47787140938443573
98.67106842737095 0.4780360807424945
98.76710684273709 0.4782005714640767
98.86314525810324 0.47836296633292646
98.9591836734694 0.47852205691498384
99.05522208883554 0.47867899392787017
99.15126050420169 0.4788364398952879
99.24729891956783 0.47899540270772545
99.34333733493398 0.4791546385635954
99.43937575030013 0.47931256066244315
99.53541416566627 0.4794689839575672
99.63145258103242 0.47962492564748815
99.72749099639856 0.4797816262665011
99.82352941176471 0.4799403016617455
99.91956782713086 0.4801016930681432
100.015606242497 0.4802656351071702
100.11164465786315 0.4804312246042703
100.20768307322929 0.48059755226518114
100.30372148859544 0.48076389176420653
100.3997599039616 0.4809299224115189
100.49579831932773 0.4810959537179559
100.59183673469389 0.48126265066848783
100.68787515006002 0.48142985092870183
100.78391356542618 0.48159630296754985
100.87995198079233 0.4817608260137405
100.97599039615847 0.4819235388075602
101.07202881152462 0.4820856010093164
101.16806722689076 0.4822478158468907
101.26410564225691 0.4824102517336665
101.36014405762306 0.4825723979025306
101.4561824729892 0.48273333759786646
101.55222088835535 0.48289192310909884
101.64825930372149 0.4830475480638955
101.74429771908764 0.4832003670096846
101.84033613445378 0.4833511435753099
101.93637454981993 0.48350107294773
102.03241296518608 0.48365157423314875
102.12845138055222 0.48380331763429474
102.22448979591837 0.4839559422718733
102.32052821128451 0.48410863236475843
102.41656662665066 0.48426082472666676
102.51260504201682 0.48441219422111537
102.60864345738295 0.4845623518180437
102.7046818727491 0.4847107576099736
102.80072028811524 0.48485714500855787
102.8967587034814 0.485002067965534
102.99279711884755 0.4851466951037106
103.08883553421369 0.48529147328225875
103.18487394957984 0.4854356875612295
103.28091236494598 0.48557826055579334
103.37695078031213 0.48571883648085923
103.47298919567828 0.48585776700124594
103.56902761104442 0.4859955769787951
103.66506602641057 0.48613276968636876
103.76110444177671 0.4862697727651364
103.85714285714286 0.48640686162841007
103.95318127250901 0.4865441299870437
104.04921968787515 0.4866813434537868
104.1452581032413 0.486817894409306
104.24129651860744 0.4869533985668437
104.3373349339736 0.48708858851394343
104.43337334933975 0.48722509143024273
104.52941176470588 0.4873634855880782
104.62545018007204 0.4875025350454698
104.72148859543817 0.4876404181844213
104.81752701080433 0.4877766657582717
104.91356542617048 0.4879121370106414
105.00960384153662 0.4880476645866366
105.10564225690277 0.4881834770146602
105.2016806722689 0.48831918309554634
105.29771908763506 0.48845374958723176
105.39375750300121 0.488585694450071
105.48979591836735 0.48871453416860283
105.5858343337335 0.48884142346740544
105.68187274909964 0.4889682831358177
105.77791116446579 0.48909627497670216
105.87394957983194 0.48922560343114113
105.96998799519808 0.4893551583032075
106.06602641056423 0.4894823612240384
106.16206482593037 0.4896047098725683
106.25810324129652 0.48972261166555714
106.35414165666266 0.48983925377455284
106.45018007202881 0.4899569755388524
106.54621848739497 0.49007546869741536
106.6422569027611 0.4901928652115626
106.73829531812726 0.4903078628152057
106.8343337334934 0.49041994685294144
106.93037214885955 0.49052920683280976
107.0264105642257 0.49063623815503243
107.12244897959184 0.49074187560122634
107.21848739495799 0.4908466533090128
107.31452581032413 0.49095076212948013
107.41056422569028 0.4910542669067539
107.50660264105643 0.491157226318637
107.60264105642257 0.49125964398127825
107.69867947178872 0.4913613610049679
107.79471788715486 0.49146209942311503
107.89075630252101 0.4915620428452938
107.98679471788716 0.49166217184722766
108.0828331332533 0.4917637424219088
108.17887154861945 0.4918670990853542
108.27490996398559 0.4919715955636875
108.37094837935174 0.4920764973658235
108.4669867947179 0.492181533453459
108.56302521008404 0.492286688574494
108.65906362545019 0.4923916899529368
108.75510204081633 0.49249596503419557
108.85114045618248 0.4925990177579379
108.94717887154863 0.49270067062618983
109.04321728691477 0.4928010146393601
109.13925570228092 0.49290027353374444
109.23529411764706 0.49299878890610016
109.33133253301321 0.49309709640354177
109.42737094837936 0.49319597666544934
109.5234093637455 0.4932961270390661
109.61944777911165 0.4933972886477256
109.71548619447779 0.49349819453412336
109.81152460984394 0.4935977825103731
109.9075630252101 0.493696057509705
110.00360144057623 0.4937936961591808
110.09963985594239 0.4938908884162033
110.19567827130852 0.49398718320176965
110.29171668667468 0.4940821576843239
110.38775510204083 0.4941759175670646
110.48379351740697 0.494268922973197
110.57983193277312 0.4943614380752557
110.67587034813926 0.4944534421976163
110.77190876350541 0.49454481995621435
110.86794717887155 0.4946355106975696
110.9639855942377 0.4947256151465693
111.06002400960385 0.4948157162122609
111.15606242496999 0.49490687161623614
111.25210084033614 0.49499945146881463
111.34813925570228 0.49509217898654856
111.44417767106843 0.4951828618226678
111.54021608643458 0.4952709025760606
111.63625450180072 0.4953577220670826
111.73229291716687 0.49544506284792844
111.82833133253301 0.4955335182081652
111.92436974789916 0.49562273638310606
112.02040816326532 0.4957123036230252
112.11644657863145 0.4958019495268368
112.2124849939976 0.4958917931387005
112.30852340936374 0.4959825670969359
112.4045618247299 0.49607523996750924
112.50060024009605 0.4961695902103101
112.59663865546219 0.4962639533211528
112.69267707082834 0.49635684507122313
112.78871548619448 0.49644851454283295
112.88475390156063 0.4965405306219836
112.98079231692678 0.49663392236695986
113.07683073229292 0.4967287477096397
113.17286914765907 0.4968246296898201
113.26890756302521 0.4969212953075833
113.36494597839136 0.49701857447015474
113.46098439375751 0.4971162978804217
113.55702280912365 0.497214270151543
113.6530612244898 0.49731225778672455
113.74909963985594 0.49740997649413243
113.8451380552221 0.49750713363600557
113.94117647058825 0.49760361674405534
114.03721488595438 0.49769953535832917
114.13325330132054 0.4977949500091934
114.22929171668667 0.4978895717466447
114.32533013205283 0.4979829038492219
114.42136854741898 0.4980749706507624
114.51740696278512 0.49816651038513426
114.61344537815127 0.4982584212713327
114.7094837935174 0.49835111643719954
114.80552220888356 0.4984445357109948
114.90156062424971 0.49853838128812883
114.99759903961585 0.49863220098145355
115.093637454982 0.4987257657573291
115.18967587034814 0.4988195316058478
115.28571428571429 0.49891447982912107
115.38175270108043 0.4990111421956691
115.47779111644658 0.49910929188199193
115.57382953181273 0.49920818158296043
115.66986794717887 0.4993068497473166
115.76590636254502 0.4994042388675074
115.86194477791116 0.4994997350282424
115.95798319327731 0.4995933482100892
116.05402160864347 0.4996855379688905
116.1500600240096 0.49977697779036734
116.24609843937576 0.4998684704506886
116.3421368547419 0.49996055241023313
116.43817527010805 0.5000533536873378
116.5342136854742 0.5001467265375197
116.63025210084034 0.5002404283624725
116.72629051620649 0.5003341632128282
116.82232893157263 0.5004277520459411
116.91836734693878 0.5005211958885374
117.01440576230493 0.5006145808984501
117.11044417767107 0.5007079364782177
117.20648259303722 0.500801181316755
117.30252100840336 0.5008938458360925
117.39855942376951 0.5009849702150253
117.49459783913566 0.5010737019451533
117.5906362545018 0.5011602340252989
117.68667466986795 0.5012456887462459
117.78271308523409 0.5013307413771926
117.87875150060025 0.5014150462387887
117.9747899159664 0.501497964854031
118.07082833133254 0.5015797711403172
118.16686674669869 0.5016615891156175
118.26290516206483 0.5017441027707461
118.35894357743098 0.5018269849558517
118.45498199279713 0.5019094134068831
118.55102040816327 0.501990971326897
118.64705882352942 0.5020716996710425
118.74309723889556 0.5021518023011957
118.83913565426171 0.5022315049485554
118.93517406962786 0.5023108663419056
119.031212484994 0.5023894345082109
119.12725090036015 0.5024663004050689
119.22328931572629 0.502540849660057
119.31932773109244 0.5026131337492276
119.4153661464586 0.502683598150911
119.51140456182473 0.5027525543461703
119.60744297719089 0.5028201468073648
119.70348139255702 0.502886591882726
119.79951980792318 0.5029523018652342
119.89555822328931 0.5030177584062934
119.99159663865547 0.5030832539419404
120.08763505402162 0.5031488630450264
120.18367346938776 0.50321446612319
120.27971188475391 0.5032797633344939
120.37575030012005 0.5033444229272699
120.4717887154862 0.5034083976331564
120.56782713085235 0.5034719152508997
120.66386554621849 0.5035349735646213
120.75990396158464 0.5035970491617228
120.85594237695078 0.5036574502674229
120.95198079231693 0.5037161185652933
121.04801920768308 0.503773671770047
121.14405762304922 0.5038306839963267
121.24009603841537 0.5038872476107858
121.33613445378151 0.5039431809232864
121.43217286914766 0.5039985355125917
121.52821128451382 0.5040536391298556
121.62424969987995 0.5041087428831414
121.7202881152461 0.5041637954410085
121.81632653061224 0.5042186296323534
121.9123649459784 0.5042734386451051
122.00840336134455 0.5043287868451953
122.10444177671069 0.5043848391687111
122.20048019207684 0.504440842425294
122.29651860744298 0.504495646013851
122.39255702280913 0.5045491027758192
122.48859543817528 0.5046022069890153
122.58463385354142 0.5046558972596948
122.68067226890757 0.5047102081859048
122.77671068427371 0.5047645791213788
122.87274909963986 0.5048187650059263
122.96878751500601 0.5048729551420372
123.06482593037215 0.5049272220782607
123.1608643457383 0.5049811111806564
123.25690276110444 0.5050339046818599
123.3529411764706 0.5050854282507355
123.44897959183675 0.5051361674335473
123.54501800720288 0.5051867894126754
123.64105642256904 0.5052377685040936
123.73709483793517 0.5052893442693414
123.83313325330133 0.5053414219601465
123.92917166866746 0.5053935653004048
124.02521008403362 0.5054451950333887
124.12124849939977 0.5054957523148135
124.21728691476591 0.5055447604495656
124.31332533013206 0.5055920121335278
124.4093637454982 0.5056376043803998
124.50540216086435 0.5056818775359562
124.6014405762305 0.5057253625610861
124.69747899159664 0.5057686558185562
124.79351740696279 0.5058119893149291
124.88955582232893 0.5058551522215106
124.98559423769508 0.5058977789306894
125.08163265306123 0.5059396105567716
125.17767106842737 0.5059804749728749
125.27370948379352 0.5060201784786414
125.36974789915966 0.5060584951649438
125.46578631452581 0.506095469218428
125.56182472989197 0.5061317031525612
125.6578631452581 0.5061681573081109
125.75390156062426 0.506205324654445
125.8499399759904 0.5062430447186878
125.94597839135655 0.5062808411076773
126.0420168067227 0.5063182595251262
126.13805522208884 0.5063549609003568
126.23409363745499 0.5063910446810975
126.33013205282113 0.5064271019788591
126.42617046818728 0.5064634593832514
126.52220888355343 0.5064993835523854
126.61824729891957 0.506533412646762
126.71428571428572 0.5065649654287696
126.81032412965186 0.5065947472791451
126.90636254501801 0.506623858620765
127.00240096038416 0.5066528099399382
127.0984393757503 0.5066815323538255
127.19447779111646 0.5067096601024036
127.2905162064826 0.5067366283902509
127.38655462184875 0.5067621713113961
127.4825930372149 0.5067868997368724
127.57863145258104 0.5068120279817421
127.67466986794719 0.5068378817535537
127.77070828331333 0.5068634787171631
127.86674669867948 0.5068877155865125
127.96278511404563 0.5069108154686204
128.05882352941177 0.5069340805968325
128.1548619447779 0.5069581623359897
128.25090036014404 0.5069825261873687
128.3469387755102 0.5070062923245625
128.44297719087635 0.507029312511969
128.53901560624251 0.507052090612047
128.63505402160865 0.5070749628772924
128.7310924369748 0.5070978275442127
128.82713085234093 0.5071205123870508
128.92316926770707 0.5071432697373035
129.01920768307323 0.5071666623141737
129.11524609843937 0.5071906991596806
129.21128451380554 0.5072145401526577
129.30732292917168 0.5072372145239168
129.4033613445378 0.5072586378311247
129.49939975990398 0.5072795396075214
129.59543817527012 0.5073005471729032
129.69147659063626 0.5073218397210448
129.7875150060024 0.507343258797711
129.88355342136856 0.5073644734539811
129.9795918367347 0.5073850647568633
130.07563025210084 0.5074049890397785
130.171668667467 0.5074247564720369
130.26770708283314 0.5074450029185812
130.36374549819928 0.507465819793647
130.45978391356545 0.5074867875657734
130.55582232893158 0.5075076095124192
130.65186074429772 0.5075283755304549
130.74789915966386 0.5075492680165093
130.84393757503003 0.5075700766228382
130.93997599039616 0.5075902590265646
131.0360144057623 0.50760971853256
131.13205282112847 0.5076291424228647
131.2280912364946 0.5076493238046669
131.32412965186074 0.5076699855370235
131.42016806722688 0.5076898678854529
131.51620648259305 0.5077083229106536
131.6122448979592 0.5077260533444415
131.70828331332532 0.5077441171853301
131.8043217286915 0.5077621074455789
131.90036014405763 0.5077782419498086
131.99639855942377 0.50779170809509
132.09243697478993 0.5078038129295759
132.18847539015607 0.5078167588870175
132.2845138055222 0.5078312817012223
132.38055222088835 0.5078465506486312
132.4765906362545 0.5078616413768315
132.57262905162065 0.5078763025190642
132.6686674669868 0.5078907520417344
132.76470588235296 0.5079052530638235
132.8607442977191 0.5079200263260771
132.95678271308523 0.5079349064962955
133.0528211284514 0.5079491558281672
133.14885954381754 0.5079618479942131
133.24489795918367 0.5079726885222386
133.3409363745498 0.5079820586647468
133.43697478991598 0.5079904037500679
133.53301320528212 0.5079978806599799
133.62905162064826 0.5080045516922043
133.72509003601442 0.5080108287260605
133.82112845138056 0.5080174656322689
133.9171668667467 0.5080248297482733
134.01320528211286 0.5080324608170711
134.109243697479 0.5080395247951432
134.20528211284514 0.5080459009931323
134.30132052821128 0.5080522651677183
134.39735894357744 0.5080592445903127
134.49339735894358 0.5080668783121034
134.58943577430972 0.5080747616542398
134.6854741896759 0.50808242790067
134.78151260504202 0.5080894345557352
134.87755102040816 0.5080957044930239
134.97358943577433 0.5081017542755671
135.06962785114047 0.5081082239910617
135.1656662665066 0.5081146287423715
135.26170468187274 0.5081192797806638
135.3577430972389 0.508120914747242
135.45378151260505 0.5081198486192406
135.54981992797119 0.5081172726663616
135.64585834333735 0.5081132402009625
135.7418967587035 0.5081064447527753
135.83793517406963 0.5080959877123576
135.93397358943577 0.5080826904332427
136.03001200480193 0.5080685397914915
136.12605042016807 0.5080549715146062
136.2220888355342 0.5080425575284209
136.31812725090037 0.5080310103752212
136.4141656662665 0.5080191870389557
136.51020408163265 0.5080055221834049
136.60624249699882 0.507989370821226
136.70228091236496 0.5079712220402333
136.7983193277311 0.5079519534472938
136.89435774309723 0.5079322198285894
136.9903961584634 0.5079124261057572
137.08643457382954 0.5078926975003514
137.18247298919567 0.5078728945874176
137.27851140456184 0.5078529865681329
137.37454981992798 0.5078333726607474
137.47058823529412 0.5078147026847049
137.56662665066028 0.5077972191978928
137.66266506602642 0.5077806371791123
137.75870348139256 0.5077645668683543
137.8547418967587 0.5077488962782915
137.95078031212486 0.5077336353655506
138.046818727491 0.5077182941456707
138.14285714285714 0.5077017854934432
138.2388955582233 0.5076833721205476
138.33493397358944 0.5076635664186382
138.43097238895558 0.5076437861643905
138.52701080432175 0.5076248824476066
138.62304921968789 0.5076067992863803
138.71908763505402 0.5075889464754123
138.81512605042016 0.5075705717064425
138.91116446578633 0.5075508753606548
139.00720288115247 0.5075294154288146
139.1032412965186 0.5075061992342325
139.19927971188477 0.5074813835838868
139.2953181272509 0.5074549604511617
139.39135654261705 0.5074268133146973
139.4873949579832 0.507397026186113
139.58343337334935 0.5073659634470877
139.6794717887155 0.5073341621745655
139.77551020408163 0.5073022136245215
139.8715486194478 0.5072706867815026
139.96758703481393 0.5072398047585109
140.06362545018007 0.5072093604697098
140.15966386554624 0.5071789712389481
140.25570228091237 0.5071483732756477
140.3517406962785 0.5071174131882662
140.44777911164465 0.5070859269879191
140.54381752701082 0.5070537039512026
140.63985594237695 0.5070205077411476
140.7358943577431 0.5069861020964362
140.83193277310926 0.5069503244798714
140.9279711884754 0.5069134577843075
141.02400960384153 0.5068763349911802
141.1200480192077 0.506839801040085
141.21608643457384 0.5068040258508528
141.31212484993998 0.5067685764154143
141.40816326530611 0.5067330516725757
141.50420168067228 0.5066972979706312
141.60024009603842 0.5066614112983775
141.69627851140456 0.5066257401198166
141.79231692677072 0.5065907692377212
141.88835534213686 0.5065564481351919
141.984393757503 0.5065219643757164
142.08043217286917 0.5064863923071451
142.1764705882353 0.5064496079402002
142.27250900360144 0.5064121917123138
142.36854741896758 0.5063744135791464
142.46458583433375 0.5063358604643029
142.56062424969988 0.5062960414767916
142.65666266506602 0.5062552858177388
142.7527010804322 0.5062146405170246
142.84873949579833 0.5061747379291747
142.94477791116446 0.5061353525535289
143.04081632653063 0.5060959408506691
143.13685474189677 0.5060564839961317
143.2328931572629 0.5060174103014915
143.32893157262905 0.5059785591717119
143.4249699879952 0.505938757498308
143.52100840336135 0.505896701665353
143.6170468187275 0.5058524054246845
143.71308523409365 0.5058071453113162
143.8091236494598 0.5057620859830476
143.90516206482593 0.5057176723714689
144.0012004801921 0.5056738593161119
144.09723889555823 0.505630511832774
144.19327731092437 0.5055874437879472
144.2893157262905 0.5055444095937437
144.38535414165668 0.5055011015236828
144.48139255702282 0.5054572627872868
144.57743097238895 0.5054128927917606
144.67346938775512 0.5053682444419177
144.76950780312126 0.5053236241884992
144.8655462184874 0.505279291914202
144.96158463385353 0.5052352955389088
145.0576230492197 0.5051911561694191
145.15366146458584 0.505145922841066
145.24969987995198 0.505098963344376
145.34573829531814 0.505050372593099
145.44177671068428 0.5050006428368725
145.53781512605042 0.5049499936637404
145.63385354141658 0.5048983281324453
145.72989195678272 0.5048455727320038
145.82593037214886 0.5047918629992391
145.921968787515 0.5047374872502592
146.01800720288117 0.5046827635135815
146.1140456182473 0.5046280062300501
146.21008403361344 0.50457335021954
146.3061224489796 0.5045186499439628
146.40216086434575 0.5044635865005223
146.49819927971188 0.5044079090375782
146.59423769507805 0.5043514800603525
146.6902761104442 0.50429441112804
146.78631452581033 0.5042371438010069
146.88235294117646 0.5041801329128992
146.97839135654263 0.5041230978689316
147.07442977190877 0.5040650085029359
147.1704681872749 0.5040051482050116
147.26650660264107 0.5039437898515327
147.3625450180072 0.5038817734322101
147.45858343337335 0.50381943063683
147.55462184873952 0.5037564638351774
147.65066026410565 0.5036924688771186
147.7466986794718 0.503627285187411
147.84273709483793 0.5035609576361653
147.9387755102041 0.5034936201566996
148.03481392557023 0.503425475631438
148.13085234093637 0.5033567800851231
148.22689075630254 0.5032878314723813
148.32292917166868 0.5032189161193087
148.4189675870348 0.5031501609883902
148.51500600240098 0.5030815166639618
148.61104441776712 0.5030128739784059
148.70708283313326 0.5029441504507478
148.8031212484994 0.5028753288640366
148.89915966386556 0.5028065640845449
148.9951980792317 0.5027381833962095
149.09123649459784 0.5026703992646602
149.187274909964 0.5026030861222432
149.28331332533014 0.502535905570137
149.37935174069628 0.5024687107418064
149.47539015606242 0.5024016058738867
149.57142857142858 0.5023346494187969
149.66746698679472 0.5022676115347028
149.76350540216086 0.5022001070864133
149.85954381752703 0.5021320529258362
149.95558223289316 0.502063741374063
150.0516206482593 0.501995494716248
150.14765906362547 0.5019273686383949
150.2436974789916 0.5018592352487262
150.33973589435774 0.5017911026642133
150.43577430972388 0.5017231653579886
150.53181272509005 0.5016554477472468
150.6278511404562 0.5015874828377365
150.72388955582232 0.5015185285065006
150.8199279711885 0.5014483991486356
150.91596638655463 0.5013776268677765
151.01200480192077 0.501306871149363
151.10804321728693 0.5012363597893121
151.20408163265307 0.5011659650459237
151.3001200480192 0.5010955819391384
151.39615846338535 0.5010252171737873
151.4921968787515 0.5009549327343363
151.58823529411765 0.500884789747526
151.6842737094838 0.5008148146986336
151.78031212484996 0.5007448711661452
151.8763505402161 0.5006746372170666
151.97238895558223 0.500603855193077
152.0684273709484 0.5005325926455098
152.16446578631454 0.5004611733581533
152.26050420168067 0.5003898268291772
152.3565426170468 0.5003185971355316
152.45258103241298 0.5002474400557946
152.54861944777912 0.5001763295798027
152.64465786314526 0.5001053345317916
152.74069627851142 0.5000349451881317
152.83673469387756 0.49996613574563253
152.9327731092437 0.49989943839217654
153.02881152460984 0.4998338757914299
153.124849939976 0.4997673557003761
153.22088835534214 0.4996988665820722
153.31692677070828 0.4996291070788553
153.41296518607444 0.4995593467859784
153.50900360144058 0.4994900466028116
153.60504201680672 0.4994209296807217
153.7010804321729 0.4993517675204313
153.79711884753902 0.4992826250391663
153.89315726290516 0.4992136220756493
153.9891956782713 0.4991446297994552
154.08523409363747 0.4990753132909931
154.1812725090036 0.4990054689607692
154.27731092436974 0.49893513336419576
154.3733493397359 0.4988643695620991
154.46938775510205 0.4987929814291958
154.56542617046819 0.49872057831985833
154.66146458583435 0.49864706107147494
154.7575030012005 0.49857278663618243
154.85354141656663 0.49849816102068367
154.94957983193277 0.49842306704088546
155.04561824729893 0.49834696089600894
155.14165666266507 0.49826972133330955
155.2376950780312 0.498191957535706
155.33373349339738 0.49811437390245544
155.4297719087635 0.498036831038335
155.52581032412965 0.49795846031817015
155.62184873949582 0.497878890120774
155.71788715486196 0.4977987238861443
155.8139255702281 0.49771896225583706
155.90996398559423 0.4976401040588418
156.0060024009604 0.4975621083781106
156.10204081632654 0.4974846633622301
156.19807923169267 0.49740730156991075
156.29411764705884 0.4973295561702777
156.39015606242498 0.49725121538495337
156.48619447779112 0.49717231956942853
156.58223289315728 0.49709297065778146
156.67827130852342 0.4970132491800997
156.77430972388956 0.4969333298347692
156.8703481392557 0.49685368082957604
156.96638655462186 0.4967750022117983
157.062424969988 0.4966975974538216
157.15846338535414 0.4966210842579457
157.2545018007203 0.4965447562854104
157.35054021608644 0.4964682399513626
157.44657863145258 0.49639150197107484
157.54261704681872 0.4963143443907786
157.6386554621849 0.49623615987768205
157.73469387755102 0.49615632324868203
157.83073229291716 0.4960749400646345
157.92677070828333 0.4959928477309397
158.02280912364947 0.4959108951070903
158.1188475390156 0.49582956941638967
158.21488595438177 0.4957489921868184
158.3109243697479 0.49566891692920784
158.40696278511405 0.4955887742586059
158.50300120048018 0.4955080928529738
158.59903961584635 0.4954267284779844
158.6950780312125 0.4953447903687558
158.79111644657863 0.49526248119435784
158.8871548619448 0.4951800631914747
158.98319327731093 0.49509772429334936
159.07923169267707 0.49501550166276354
159.17527010804324 0.4949333418914105
159.27130852340937 0.49485123685367793
159.3673469387755 0.4947692321079702
159.46338535414165 0.4946873216159021
159.55942376950782 0.4946053842413043
159.65546218487395 0.4945231883753595
159.7515006002401 0.4944404046262088
159.84753901560626 0.49435663589212153
159.9435774309724 0.4942717384604254
160.03961584633853 0.4941860253489605
160.1356542617047 0.4941001046072249
160.23169267707084 0.49401447140073995
160.32773109243698 0.4939294389547602
160.42376950780312 0.4938450519586227
160.51980792316928 0.49376102932065935
160.61584633853542 0.4936769726318244
160.71188475390156 0.4935929133277817
160.80792316926772 0.49350934757986187
160.90396158463386 0.49342654323397916
161.0 0.49334405394903513
161.09603841536617 0.493261085451693
161.1920768307323 0.4931775330152174
161.28811524609844 0.4930940938492312
161.38415366146458 0.49301136246217336
161.48019207683075 0.4929291635313723
161.57623049219688 0.492846779541658
161.67226890756302 0.49276365825725515
161.7683073229292 0.4926795376118486
161.86434573829533 0.4925943979006778
161.96038415366147 0.4925084245505714
162.0564225690276 0.49242192320945344
162.15246098439377 0.4923350617382529
162.2484993997599 0.4922478280264878
162.34453781512605 0.4921601471393372
162.4405762304922 0.49207197674603464
162.53661464585835 0.49198331195284956
162.6326530612245 0.49189419210357854
162.72869147659065 0.49180469524052145
162.8247298919568 0.4917148163509223
162.92076830732293 0.4916243631958668
163.01680672268907 0.49153302761305667
163.11284513805523 0.4914406422098736
163.20888355342137 0.49134722840357486
163.3049219687875 0.49125286193905837
163.40096038415368 0.49115755198759825
163.49699879951982 0.4910612608922633
163.59303721488595 0.4909639916601105
163.68907563025212 0.4908658029970485
163.78511404561826 0.4907667083955882
163.8811524609844 0.49066658086002496
163.97719087635053 0.49056526112841325
164.0732292917167 0.4904629888402682
164.16926770708284 0.4903604768863409
164.26530612244898 0.4902582525423783
164.36134453781514 0.4901560042077858
164.45738295318128 0.4900528601385062
164.55342136854742 0.4899486361762494
164.64945978391358 0.4898441189646192
164.74549819927972 0.48974022602194944
164.84153661464586 0.4896371311071112
164.937575030012 0.48953438247744896
165.03361344537817 0.4894315863458666
165.1296518607443 0.48932858434851567
165.22569027611044 0.4892252715964507
165.3217286914766 0.48912139764072804
165.41776710684275 0.48901662884043107
165.51380552220888 0.48891087892261126
165.60984393757505 0.4888043943510644
165.7058823529412 0.4886974955761416
165.80192076830733 0.48859027972695585
165.89795918367346 0.4884826506438266
165.99399759903963 0.48837454233426175
166.09003601440577 0.4882659840012874
166.1860744297719 0.48815702193251104
166.28211284513807 0.4880476251613613
166.3781512605042 0.4879377155069127
166.47418967587035 0.48782734988929327
166.5702280912365 0.4877167740027166
166.66626650660265 0.48760626283765407
166.7623049219688 0.48749591840821166
166.85834333733493 0.4873856849405086
166.9543817527011 0.4872755008693758
167.05042016806723 0.48716534978236087
167.14645858343337 0.48705524905548914
167.24249699879954 0.48694523466199735
167.33853541416568 0.48683534494258707
167.43457382953181 0.48672553363512017
167.53061224489795 0.4866156399824958
167.62665066026412 0.486505432861999
167.72268907563026 0.48639467255480107
167.8187274909964 0.4862831241846908
167.91476590636256 0.4861706115075686
168.0108043217287 0.4860570378019905
168.10684273709484 0.4859424243174949
168.202881152461 0.48582696691478006
168.29891956782714 0.48571104340456384
168.39495798319328 0.4855952329637251
168.49099639855942 0.48548031578921824
168.58703481392558 0.4853668032149741
168.68307322929172 0.4852542101889793
168.77911164465786 0.4851411971297482
168.87515006002403 0.4850269608154186
168.97118847539016 0.48491180750448604
169.0672268907563 0.4847965787951346
169.16326530612247 0.4846817143605522
169.2593037214886 0.4845671971675505
169.35534213685474 0.4844527778989291
169.45138055222088 0.4843380770479029
169.54741896758705 0.48422281465967276
169.6434573829532 0.4841072031151972
169.73949579831933 0.48399189605842863
169.8355342136855 0.48387730082574787
169.93157262905163 0.48376326204100684
170.02761104441777 0.483649354730451
170.12364945978393 0.48353541538034184
170.21968787515007 0.48342155636024736
170.3157262905162 0.4833078299848349
170.41176470588235 0.48319406492847516
170.50780312124851 0.4830799739663161
170.60384153661465 0.4829653603287528
170.6998799519808 0.48285014799632175
170.79591836734696 0.48273444626560086
170.8919567827131 0.48261858139730923
170.98799519807923 0.4825028869530259
171.08403361344537 0.4823872843205814
171.18007202881154 0.4822713039776032
171.27611044417768 0.48215474370395217
171.3721488595438 0.482038023920393
171.46818727490998 0.481921837160964
171.56422569027612 0.48180640324803636
171.66026410564226 0.4816914220260473
171.75630252100842 0.48157653391114963
171.85234093637456 0.48146158321814303
171.9483793517407 0.48134660684859387
172.04441776710684 0.48123180275405353
172.140456182473 0.4811174990476049
172.23649459783914 0.48100387313534587
172.33253301320528 0.4808907832765046
172.42857142857144 0.4807778939516447
172.52460984393758 0.48066497414064846
172.62064825930372 0.4805519441717302
172.7166866746699 0.48043892543839517
172.81272509003603 0.48032627113155313
172.90876350540216 0.4802143514232522
173.0048019207683 0.48010302226796336
173.10084033613447 0.47999160567284005
173.1968787515006 0.47987962059276823
173.29291716686674 0.47976726853787877
173.3889555822329 0.479655094549247
173.48499399759905 0.479543082289294
173.5810324129652 0.479430567023473
173.67707082833135 0.4793169886554123
173.7731092436975 0.4792024182517135
173.86914765906363 0.47908734156647426
173.96518607442977 0.4789720350777916
174.06122448979593 0.47885647273853865
174.15726290516207 0.4787405062095738
174.2533013205282 0.47862399758510343
174.34933973589438 0.47850689690128634
174.4453781512605 0.47838945833007696
174.54141656662665 0.4782722495996822
174.63745498199282 0.4781557120043476
174.73349339735896 0.47803982059594774
174.8295318127251 0.47792420976117655
174.92557022809123 0.47780858441161606
175.0216086434574 0.4776927888915884
175.11764705882354 0.47757665095421953
175.21368547418967 0.47745985515196043
175.30972388955584 0.4773420618132851
175.40576230492198 0.47722330470243735
175.50180072028812 0.4771040507821332
175.59783913565425 0.4769848441819559
175.69387755102042 0.47686600254170947
175.78991596638656 0.4767475667347143
175.8859543817527 0.4766291607690538
175.98199279711886 0.47650998948495027
176.078031212485 0.4763893571041299
176.17406962785114 0.4762671317792957
176.2701080432173 0.47614366220102267
176.36614645858344 0.4760194173477209
176.46218487394958 0.4758948976534819
176.55822328931572 0.47577048984681997
176.6542617046819 0.4756463303785866
176.75030012004802 0.4755223505870948
176.84633853541416 0.47539846946508163
176.94237695078033 0.4752746408557005
177.03841536614647 0.4751508751520039
177.1344537815126 0.475027260763941
177.23049219687877 0.47490389692893975
177.3265306122449 0.474780617138178
177.42256902761105 0.47465693173213064
177.51860744297718 0.47453233597852207
177.61464585834335 0.47440662991212995
177.7106842737095 0.4742798926171641
177.80672268907563 0.474152309070897
177.9027611044418 0.47402412024276463
177.99879951980793 0.4738955353069381
178.09483793517407 0.473766635949072
178.19087635054024 0.4736373915008846
178.28691476590637 0.473507749106059
178.3829531812725 0.4733776612835001
178.47899159663865 0.473247143244222
178.57503001200482 0.4731163385412036
178.67106842737095 0.4729854932740569
178.7671068427371 0.47285481526813156
178.86314525810326 0.4727244288957644
178.9591836734694 0.47259427886595895
179.05522208883554 0.47246401443772207
179.1512605042017 0.4723330724975527
179.24729891956784 0.47220113434269856
179.34333733493398 0.47206826772930643
179.43937575030012 0.4719348266849637
179.53541416566628 0.4718013249460119
179.63145258103242 0.4716683458464168
179.72749099639856 0.4715361005742592
179.82352941176472 0.47140429045742793
179.91956782713086 0.4712725229224161
180.015606242497 0.47114086407160116
180.11164465786314 0.4710097610023869
180.2076830732293 0.4708793820892039
180.30372148859544 0.4707493888440526
180.39975990396158 0.47061918883235526
180.49579831932775 0.47048828891061667
180.59183673469389 0.4703563559582721
180.68787515006002 0.47022342686869056
180.7839135654262 0.47008998050024553
180.87995198079233 0.46995660792996674
180.97599039615847 0.46982352842963393
181.0720288115246 0.469690612272627
181.16806722689077 0.4695577728157576
181.2641056422569 0.46942511780591184
181.36014405762305 0.4692927335380621
181.4561824729892 0.46916035120442107
181.55222088835535 0.4690273871093048
181.6482593037215 0.46889340867737384
181.74429771908765 0.4687583269384494
181.8403361344538 0.4686222797731576
181.93637454981993 0.46848544162047473
182.03241296518607 0.46834800763500106
182.12845138055224 0.4682102056198739
182.22448979591837 0.4680723002606242
182.3205282112845 0.4679345155374697
182.41656662665068 0.4677969022195059
182.51260504201682 0.4676593602370465
182.60864345738295 0.4675219086072358
182.70468187274912 0.4673848065396948
182.80072028811526 0.4672481939485066
182.8967587034814 0.46711144439120844
182.99279711884753 0.4669732555443783
183.0888355342137 0.4668329332386495
183.18487394957984 0.4666910132936104
183.28091236494598 0.46654874988998696
183.37695078031214 0.466407141385765
183.47298919567828 0.4662667982490478
183.56902761104442 0.4661277332801848
183.66506602641059 0.46598925770618077
183.76110444177672 0.46585044544982657
183.85714285714286 0.46571105892850795
183.953181272509 0.4655715689398071
184.04921968787517 0.4654323304061539
184.1452581032413 0.4652931379980536
184.24129651860744 0.4651535378725936
184.3373349339736 0.46501349038328077
184.43337334933975 0.46487339498418
184.52941176470588 0.4647335159634609
184.62545018007202 0.46459365651950346
184.7214885954382 0.4644534165048363
184.81752701080433 0.46431277016447237
184.91356542617046 0.46417209273913596
185.00960384153663 0.46403162983388035
185.10564225690277 0.46389118027493753
185.2016806722689 0.46375033961485046
185.29771908763507 0.4636090772353133
185.3937575030012 0.46346777119675586
185.48979591836735 0.4633266807054899
185.5858343337335 0.46318561415202075
185.68187274909965 0.4630441627406857
185.7779111644658 0.46290228713294046
185.87394957983193 0.462760362899466
185.9699879951981 0.46261866533671553
186.06602641056423 0.4624770282354882
186.16206482593037 0.4623350413232174
186.25810324129654 0.4621925778292403
186.35414165666268 0.4620498614458042
186.45018007202881 0.46190724399007865
186.54621848739495 0.4617650501735906
186.64225690276112 0.46162351278583325
186.73829531812726 0.4614826036210418
186.8343337334934 0.46134202640972183
186.93037214885956 0.461201513120367
187.0264105642257 0.46106104101047585
187.12244897959184 0.46092073200009354
187.218487394958 0.4607805475267468
187.31452581032414 0.4606402467670796
187.41056422569028 0.46049957979819733
187.50660264105642 0.46035843635520096
187.60264105642258 0.46021683647842887
187.69867947178872 0.46007489068020546
187.79471788715486 0.45993278926688297
187.89075630252103 0.45979075445533835
187.98679471788716 0.45964900160632705
188.0828331332533 0.45950764188603266
188.17887154861947 0.4593663708015143
188.2749099639856 0.4592244480343181
188.37094837935174 0.45908143420368264
188.46698679471788 0.4589378170998085
188.56302521008405 0.45879466246373124
188.6590636254502 0.4586523547740653
188.75510204081633 0.45851036745527407
188.8511404561825 0.45836798445309856
188.94717887154863 0.4582249446791564
189.04321728691477 0.45808137895105777
189.1392557022809 0.45793750165379526
189.23529411764707 0.457793538010029
189.3313325330132 0.4576496636516191
189.42737094837935 0.45750594798636335
189.52340936374551 0.4573623699930325
189.61944777911165 0.45721888642949393
189.7154861944778 0.45707545081071044
189.81152460984396 0.4569320733364841
189.9075630252101 0.4567888799636747
190.00360144057623 0.45664610156680496
190.09963985594237 0.45650402039825644
190.19567827130854 0.45636294060352567
190.29171668667468 0.4562227988367842
190.3877551020408 0.4560827613064292
190.48379351740698 0.45594152297842594
190.57983193277312 0.45579866586537
190.67587034813926 0.45565498435710095
190.77190876350542 0.4555114892727631
190.86794717887156 0.4553683253578845
190.9639855942377 0.45522493304362466
191.06002400960384 0.45508102437398434
191.15606242497 0.45493684633358455
191.25210084033614 0.4547928066723677
191.34813925570228 0.45464904664913874
191.44417767106845 0.45450546327848257
191.54021608643458 0.45436192687719146
191.63625450180072 0.45421834921537074
191.7322929171669 0.4540747789257419
191.82833133253303 0.45393151586737124
191.92436974789916 0.4537889960483228
192.0204081632653 0.45364717432039325
192.11644657863147 0.4535053445547359
192.2124849939976 0.4533626842304451
192.30852340936374 0.45321894069417057
192.4045618247299 0.4530744097363672
192.50060024009605 0.45292958858704163
192.5966386554622 0.4527850531740828
192.69267707082835 0.4526411982197974
192.7887154861945 0.452497893187932
192.88475390156063 0.4523545619750905
192.98079231692677 0.45221076774870517
193.07683073229293 0.4520664169519486
193.17286914765907 0.45192164609111873
193.2689075630252 0.45177666405866246
193.36494597839138 0.4516317170520865
193.4609843937575 0.4514869478552409
193.55702280912365 0.4513423454817237
193.6530612244898 0.4511978494693544
193.74909963985596 0.45105350247693166
193.8451380552221 0.45090941584934496
193.94117647058823 0.45076547242802334
194.0372148859544 0.4506212147066856
194.13325330132054 0.45047613389707986
194.22929171668667 0.4503301147767049
194.32533013205284 0.4501834285890251
194.42136854741898 0.45003643139592064
194.51740696278512 0.44988943743276943
194.61344537815125 0.4497426368272335
194.70948379351742 0.44959596303171045
194.80552220888356 0.4494491220258644
194.9015606242497 0.44930188749470634
194.99759903961586 0.4491542290329834
195.093637454982 0.44900622714486116
195.18967587034814 0.44885792783522205
195.2857142857143 0.4487093322445359
195.38175270108044 0.44856042534388485
195.47779111644658 0.4484111892669168
195.57382953181272 0.44826161070376014
195.6698679471789 0.4481116940590838
195.76590636254502 0.44796145784792774
195.86194477791116 0.4478108942320178
195.95798319327733 0.44765994996768377
196.05402160864347 0.4475085945029289
196.1500600240096 0.44735694859864106
196.24609843937577 0.4472052744212505
196.3421368547419 0.44705376804528113
196.43817527010805 0.4469024537580878
196.53421368547419 0.4467512629018431
196.63025210084035 0.44660019184433397
196.7262905162065 0.446449302688281
196.82232893157263 0.446298558663067
196.9183673469388 0.44614773540479374
197.01440576230493 0.4459964212428283
197.11044417767107 0.4458440191418389
197.20648259303724 0.44568981399918245
197.30252100840337 0.4455336309589122
197.3985594237695 0.4453762065382182
197.49459783913565 0.44521871038392125
197.59063625450182 0.44506168319316863
197.68667466986795 0.4449049817491573
197.7827130852341 0.44474868161898673
197.87875150060026 0.44459361433289313
197.9747899159664 0.4444407970528923
198.07082833133254 0.4442900912921901
198.16686674669867 0.4441401342409246
198.26290516206484 0.443989684736528
198.35894357743098 0.4438384684631461
198.45498199279712 0.4436868506970778
198.55102040816328 0.44353500393679146
198.64705882352942 0.44338281178270755
198.74309723889556 0.44323021565285414
198.83913565426172 0.44307744360807166
198.93517406962786 0.4429248430233606
199.031212484994 0.4427724377413521
199.12725090036014 0.4426198913802693
199.2232893157263 0.4424669395449981
199.31932773109244 0.44231368997185627
199.41536614645858 0.44216048376749834
199.51140456182475 0.4420075008397725
199.60744297719089 0.4418547066895364
199.70348139255702 0.4417020362713673
199.7995198079232 0.441549528242137
199.89555822328933 0.4413972552376333
199.99159663865547 0.4412451141559218
200.0876350540216 0.4410928076940178
200.18367346938777 0.4409401256878299
200.2797118847539 0.44078716098363924
200.37575030012005 0.44063421657524415
200.4717887154862 0.44048150674332
200.56782713085235 0.44032909983547686
200.6638655462185 0.4401769076443953
200.75990396158466 0.4400246769274801
200.8559423769508 0.43987209643264635
200.95198079231693 0.4397191420633674
201.04801920768307 0.4395661245468721
201.14405762304924 0.43941331939801964
201.24009603841537 0.4392606533730731
201.3361344537815 0.4391077994575333
201.43217286914768 0.4389545329594417
201.52821128451382 0.4388008041663102
201.62424969987995 0.4386466837179522
201.72028811524612 0.4384923139879633
201.81632653061226 0.4383379002308192
201.9123649459784 0.43818368503105654
202.00840336134453 0.4380299355875025
202.1044417767107 0.4378768030559089
202.20048019207684 0.4377241911272576
202.29651860744298 0.43757182618066215
202.39255702280914 0.43741954262854466
202.48859543817528 0.4372673450318395
202.58463385354142 0.437115282714826
202.68067226890756 0.43696332669770566
202.77671068427372 0.4368114135620792
202.87274909963986 0.43665964286320247
202.968787515006 0.4365083155319293
203.06482593037217 0.4363576634874367
203.1608643457383 0.43620757074885763
203.25690276110444 0.43605767165571263
203.3529411764706 0.43590782310118176
203.44897959183675 0.43575822176751594
203.54501800720288 0.43560918052308184
203.64105642256902 0.4354608861741498
203.7370948379352 0.43531337402458903
203.83313325330133 0.43516646685237437
203.92917166866746 0.4350197707362109
204.02521008403363 0.434873050972871
204.12124849939977 0.4347266599616355
204.2172869147659 0.4345813483664659
204.31332533013207 0.4344372544154027
204.4093637454982 0.43429362685418427
204.50540216086435 0.43414959517832385
204.6014405762305 0.4340050905672141
204.69747899159665 0.43386069107786296
204.7935174069628 0.43371656880681636
204.88955582232893 0.4335721756729427
204.9855942376951 0.43342687163370613
205.08163265306123 0.43328071396619056
205.17767106842737 0.4331343604564128
205.27370948379354 0.4329882864002655
205.36974789915968 0.43284252955414115
205.46578631452581 0.43269692241404095
205.56182472989195 0.4325513989203602
205.65786314525812 0.43240599590245254
205.75390156062426 0.4322607426940325
205.8499399759904 0.4321156232274922
205.94597839135656 0.4319706196788717
206.0420168067227 0.43182577306662684
206.13805522208884 0.4316811584907449
206.234093637455 0.43153670969259633
206.33013205282114 0.4313921581568314
206.42617046818728 0.4312472467867827
206.52220888355342 0.4311020416045195
206.61824729891958 0.43095688661086357
206.71428571428572 0.43081196140895717
206.81032412965186 0.4306671106720232
206.90636254501803 0.4305220148590933
207.00240096038416 0.4303764523777327
207.0984393757503 0.4302303387701514
207.19447779111644 0.4300838425495695
207.2905162064826 0.429937428895223
207.38655462184875 0.42979159236435016
207.48259303721488 0.4296464257839849
207.57863145258105 0.4295016360799876
207.6746698679472 0.4293569347793613
207.77070828331333 0.42921220844759783
207.8667466986795 0.42906751101079116
207.96278511404563 0.42892304979050644
208.05882352941177 0.42877914439799103
208.1548619447779 0.42863592476506723
208.25090036014407 0.42849319443009504
208.3469387755102 0.4283506262585812
208.44297719087635 0.42820811291406313
208.53901560624251 0.4280657660521945
208.63505402160865 0.42792361755110675
208.7310924369748 0.4277814757167846
208.82713085234096 0.42763904664543156
208.9231692677071 0.42749616393160084
209.01920768307323 0.4273528108368678
209.11524609843937 0.4272090941560879
209.21128451380554 0.4270652300969664
209.30732292917168 0.4269214622519051
209.4033613445378 0.42677789959883555
209.49939975990398 0.4266345101520803
209.59543817527012 0.4264912360412674
209.69147659063626 0.4263480554770242
209.78751500600242 0.4262049825539882
209.88355342136856 0.42606206561592797
209.9795918367347 0.42591937274825675
210.07563025210084 0.4257768520742603
210.171668667467 0.4256342535603293
210.26770708283314 0.4254912870588693
210.36374549819928 0.4253479712399976
210.45978391356545 0.42520463873622993
210.55582232893158 0.4250615090972146
210.65186074429772 0.4249184351476479
210.7478991596639 0.42477508202072345
210.84393757503003 0.42463134901665556
210.93997599039616 0.42448741518194755
211.0360144057623 0.42434358703466013
211.13205282112847 0.4242002027013124
211.2280912364946 0.4240575166525624
211.32412965186074 0.42391542152953016
211.4201680672269 0.42377345914846426
211.51620648259305 0.4236314462609444
211.6122448979592 0.4234898858921691
211.70828331332532 0.4233495365459935
211.8043217286915 0.4232102839256815
211.90036014405763 0.42307104827957936
211.99639855942377 0.42293088266269574
212.09243697478993 0.42278973344607096
212.18847539015607 0.4226481349249137
212.2845138055222 0.42250633875085897
212.38055222088838 0.4223642011894717
212.4765906362545 0.4222216460698754
212.57262905162065 0.42207900171674484
212.6686674669868 0.4219368218511531
212.76470588235296 0.4217953498821795
212.8607442977191 0.4216544365123797
212.95678271308523 0.42151372923384134
213.0528211284514 0.4213728174793221
213.14885954381754 0.4212312865905026
213.24489795918367 0.42108887044484733
213.34093637454984 0.42094548092132744
213.43697478991598 0.4208012213125523
213.53301320528212 0.4206563970178073
213.62905162064826 0.4205114520098492
213.72509003601442 0.4203667645648161
213.82112845138056 0.4202226032801557
213.9171668667467 0.4200790719714357
214.01320528211286 0.41993606320061805
214.109243697479 0.41979332156179566
214.20528211284514 0.41965066260944345
214.3013205282113 0.41950801888600703
214.39735894357744 0.4193654358603417
214.49339735894358 0.41922306834877554
214.58943577430972 0.41908114759961335
214.6854741896759 0.41893986385127263
214.78151260504202 0.41879933470113395
214.87755102040816 0.41865949620635995
214.97358943577433 0.418520001391981
215.06962785114047 0.41838025306671256
215.1656662665066 0.4182395418476346
215.26170468187277 0.41809710378213805
215.3577430972389 0.41795266907248907
215.45378151260505 0.4178069993303535
215.54981992797119 0.41766154466927213
215.64585834333735 0.4175169795317192
215.7418967587035 0.41737286883722635
215.83793517406963 0.4172284609687301
215.9339735894358 0.41708350327153
216.03001200480193 0.4169381688504057
216.12605042016807 0.41679258914004697
216.2220888355342 0.4166467351021411
216.31812725090037 0.4165005586597078
216.4141656662665 0.4163541454258739
216.51020408163265 0.41620769358525406
216.60624249699882 0.4160613855844422
216.70228091236496 0.41591534817045844
216.7983193277311 0.4157695364714711
216.89435774309726 0.41562360241702934
216.9903961584634 0.41547700124858966
217.08643457382954 0.4153295309802474
217.18247298919567 0.41518147901303837
217.27851140456184 0.41503319340956096
217.37454981992798 0.4148845719290205
217.47058823529412 0.41473517246377783
217.56662665066028 0.4145849179631421
217.66266506602642 0.41443430357824124
217.75870348139256 0.4142838965048905
217.85474189675872 0.4141337096210952
217.95078031212486 0.41398329590034944
218.046818727491 0.41383246031312426
218.14285714285714 0.4136814864083205
218.2388955582233 0.4135307505507477
218.33493397358944 0.41338021414266696
218.43097238895558 0.4132294860595809
218.52701080432175 0.41307836875470116
218.62304921968789 0.4129270442985554
218.71908763505402 0.4127758316852037
218.8151260504202 0.4126248510560935
218.91116446578633 0.4124740337596291
219.00720288115247 0.41232332858982684
219.1032412965186 0.4121727763303527
219.19927971188477 0.41202241451736604
219.2953181272509 0.41187213883610274
219.39135654261705 0.4117217185692197
219.4873949579832 0.41157096281224875
219.58343337334935 0.41141978571040294
219.6794717887155 0.41126822198234625
219.77551020408166 0.4111164505421449
219.8715486194478 0.41096475472386806
219.96758703481393 0.4108132421334192
220.06362545018007 0.41066173197792166
220.15966386554624 0.41050993606848785
220.25570228091237 0.41035775010236764
220.3517406962785 0.4102052490055864
220.44777911164468 0.4100524671934601
220.54381752701082 0.40989930311256223
220.63985594237695 0.4097455312285127
220.7358943577431 0.40959082281139636
220.83193277310926 0.40943480465423554
220.9279711884754 0.4092774890470574
221.02400960384153 0.40911946614005723
221.1200480192077 0.40896150466361936
221.21608643457384 0.40880384031513195
221.31212484993998 0.4086461671746656
221.40816326530614 0.40848815395088256
221.50420168067228 0.4083296931698887
221.60024009603842 0.4081708571534459
221.69627851140456 0.4080118129402002
221.79231692677072 0.40785279638366423
221.88835534213686 0.40769397103303434
221.984393757503 0.40753535685647346
222.08043217286917 0.40737689651504927
222.1764705882353 0.40721858697378843
222.27250900360144 0.40706048044009246
222.3685474189676 0.406902552651622
222.46458583433375 0.4067446329053175
222.56062424969988 0.4065864898655529
222.65666266506602 0.4064280109405411
222.7527010804322 0.4062692119708543
222.84873949579833 0.4061101160031708
222.94477791116446 0.4059506852309749
223.04081632653063 0.40579088443428524
223.13685474189677 0.4056308214485256
223.2328931572629 0.4054707471307944
223.32893157262907 0.40531086352060086
223.4249699879952 0.4051512101727297
223.52100840336135 0.4049917206738509
223.6170468187275 0.40483235624869596
223.71308523409365 0.404673121689086
223.8091236494598 0.4045140338505726
223.90516206482593 0.4043551019689273
224.0012004801921 0.40419632919038717
224.09723889555823 0.40403771699426716
224.19327731092437 0.4038792658139064
224.28931572629054 0.40372097463145584
224.38535414165668 0.40356284072130744
224.48139255702282 0.4034048620577789
224.57743097238895 0.4032470435152131
224.67346938775512 0.40308939679490097
224.76950780312126 0.4029319269645073
224.8655462184874 0.4027746231812771
224.96158463385356 0.4026174726708496
225.0576230492197 0.4024604991252101
225.15366146458584 0.40230376004337276
225.24969987995198 0.40214722247860246
225.34573829531814 0.40199067301793767
225.44177671068428 0.4018338226150064
225.53781512605042 0.401676612212271
225.63385354141658 0.40151925197275395
225.72989195678272 0.4013620033405605
225.82593037214886 0.4012050127769222
225.92196878751503 0.40104829652167395
226.01800720288117 0.4008917065043752
226.1140456182473 0.400734940332066
226.21008403361344 0.40057779975002394
226.3061224489796 0.4004203978065267
226.40216086434575 0.4002630553932701
226.49819927971188 0.4001059525566848
226.59423769507805 0.39994906745657566
226.6902761104442 0.39979231984340813
226.78631452581033 0.39963569194825016
226.8823529411765 0.3994792138351214
226.97839135654263 0.3993229012014614
227.07442977190877 0.39916674343481895
227.1704681872749 0.3990107259326253
227.26650660264107 0.39885484988074627
227.3625450180072 0.39869912782854994
227.45858343337335 0.3985435653884114
227.55462184873952 0.3983881574155075
227.65066026410565 0.3982328936382491
227.7466986794718 0.3980777639008922
227.84273709483796 0.39792276002171456
227.9387755102041 0.39776788209668135
228.03481392557023 0.39761313982474733
228.13085234093637 0.3974585485600131
228.22689075630254 0.3973041254194436
228.32292917166868 0.3971498793157836
228.4189675870348 0.39699577177425727
228.51500600240098 0.39684171305071114
228.61104441776712 0.39668770296972916
228.70708283313326 0.39653397529895995
228.80312124849942 0.3963808888293042
228.89915966386556 0.39622843897819626
228.9951980792317 0.39607614621415105
229.09123649459784 0.39592351008117843
229.187274909964 0.3957704980892018
229.28331332533014 0.395617461028618
229.37935174069628 0.39546464736555376
229.47539015606245 0.39531207203569413
229.57142857142858 0.39515965138733533
229.66746698679472 0.39500735577752555
229.76350540216086 0.39485520560716497
229.85954381752703 0.39470321387931384
229.95558223289316 0.39455136981157535
230.0516206482593 0.39439965903983776
230.14765906362547 0.3942480876519182
230.2436974789916 0.39409667782399116
230.33973589435774 0.3939454388595194
230.4357743097239 0.3937943588384578
230.53181272509005 0.3936434303130336
230.6278511404562 0.39349268239495194
230.72388955582232 0.3933421582097669
230.8199279711885 0.39319178445077246
230.91596638655463 0.39304133243129374
231.01200480192077 0.39289057930218346
231.10804321728693 0.39273951951763536
231.20408163265307 0.39258835644126283
231.3001200480192 0.392437376160932
231.39615846338538 0.39228689944774
231.4921968787515 0.39213711167041665
231.58823529411765 0.39198782828878265
231.6842737094838 0.39183855123275857
231.78031212484996 0.3916889046093788
231.8763505402161 0.3915387938538187
231.97238895558223 0.39138832424672143
232.0684273709484 0.39123768269258197
232.16446578631454 0.39108710553625525
232.26050420168067 0.3909367341782847
232.35654261704684 0.3907865604998008
232.45258103241298 0.3906365196761814
232.54861944777912 0.39048663172803044
232.64465786314526 0.39033698426869473
232.74069627851142 0.3901875372388701
232.83673469387756 0.39003804551144927
232.9327731092437 0.3898882435361172
233.02881152460986 0.38973814155133724
233.124849939976 0.389588010705783
233.22088835534214 0.3894380897619112
233.3169267707083 0.38928845807115997
233.41296518607444 0.38913905272256244
233.50900360144058 0.38898969817089407
233.60504201680672 0.38884013899307773
233.7010804321729 0.38869026476664004
233.79711884753902 0.38854021128935323
233.89315726290516 0.3883902347085598
233.98919567827133 0.38824048769366815
234.08523409363747 0.3880909980949204
234.1812725090036 0.38794168041120225
234.27731092436974 0.38779234213071534
234.3733493397359 0.3876427595149886
234.46938775510205 0.387492818973608
234.56542617046819 0.3873425261547203
234.66146458583435 0.3871919525358182
234.7575030012005 0.38704120830168615
234.85354141656663 0.3868904560739561
234.9495798319328 0.3867399385185082
235.04561824729893 0.38658995481203295
235.14165666266507 0.38644061711972233
235.2376950780312 0.38629172188250893
235.33373349339738 0.3861429506657589
235.4297719087635 0.38599428825320836
235.52581032412965 0.38584603243308313
235.62184873949582 0.3856983892598118
235.71788715486196 0.3855512461582543
235.8139255702281 0.38540431057567925
235.90996398559426 0.38525741748869774
236.0060024009604 0.3851105608917299
236.10204081632654 0.38496380207499037
236.19807923169267 0.3848172150790257
236.29411764705884 0.3846708341934861
236.39015606242498 0.38452453466779934
236.48619447779112 0.38437804053162195
236.58223289315728 0.38423119439454034
236.67827130852342 0.3840841250092177
236.77430972388956 0.38393712658151075
236.87034813925573 0.38379036032645614
236.96638655462186 0.38364381901591543
237.062424969988 0.38349743065090297
237.15846338535414 0.3833511264938436
237.2545018007203 0.3832048779226951
237.35054021608644 0.3830587878811675
237.44657863145258 0.3829130909842287
237.54261704681875 0.3827679736654125
237.6386554621849 0.3826234503638303
237.73469387755102 0.3824793499889698
237.8307322929172 0.3823352852086924
237.92677070828333 0.38219068097710357
238.02280912364947 0.38204523129750784
238.1188475390156 0.38189922940931503
238.21488595438177 0.3817533057317295
238.3109243697479 0.3816076602374172
238.40696278511405 0.38146196527129433
238.5030012004802 0.3813159277117477
238.59903961584635 0.3811697163708174
238.6950780312125 0.38102374222950275
238.79111644657863 0.38087796459655876
238.8871548619448 0.3807318039492799
238.98319327731093 0.3805848143312102
239.07923169267707 0.38043722056847085
239.17527010804324 0.3802896725515629
239.27130852340937 0.38014241621902856
239.3673469387755 0.37999515855975474
239.46338535414168 0.3798475673395836
239.55942376950782 0.3796996906745908
239.65546218487395 0.37955185092841015
239.7515006002401 0.37940424458877586
239.84753901560626 0.37925686536362174
239.9435774309724 0.3791096356484205
240.03961584633853 0.37896252247902396
240.1356542617047 0.3788155301360969
240.23169267707084 0.3786686598490451
240.32773109243698 0.37852190215003945
240.42376950780314 0.3783752629905072
240.51980792316928 0.3782287879047262
240.61584633853542 0.3780825268382498
240.71188475390156 0.3779363981668395
240.80792316926772 0.37779015690371565
240.90396158463386 0.3776433950988268
241.0 0.37749554224166554
