1.0 0.247688
1.0960384153661464 0.24768137625580866
1.1920768307322929 0.24767479504025977
1.2881152460984393 0.24766825452956634
1.3841536614645857 0.24766174965805887
1.4801920768307322 0.24765527497801954
1.5762304921968788 0.24764883686523234
1.6722689075630253 0.24764247132062592
1.7683073229291717 0.24763624012952196
1.8643457382953181 0.2476301973986468
1.9603841536614646 0.24762437633532425
2.0564225690276112 0.2476187846129065
2.1524609843937577 0.24761339730824045
2.248499399759904 0.24760816102567867
2.3445378151260505 0.24760302583654523
2.440576230492197 0.247597958702688
2.5366146458583434 0.24759295614541088
2.63265306122449 0.24758806461563862
2.7286914765906363 0.24758337160693364
2.8247298919567827 0.24757892857352043
2.920768307322929 0.24757471796439162
3.0168067226890756 0.24757070897613673
3.112845138055222 0.24756695240517637
3.2088835534213684 0.24756357232962758
3.3049219687875153 0.24756063247508114
3.4009603841536618 0.24755807536986074
3.496998799519808 0.24755578753788512
3.5930372148859546 0.24755371650036345
3.689075630252101 0.24755187736579692
3.7851140456182475 0.24755030803109282
3.881152460984394 0.2475490474562162
3.9771908763505404 0.24754813808880505
4.073229291716687 0.24754763069245433
4.169267707082833 0.24754758167385052
4.26530612244898 0.24754802541002188
4.3613445378151265 0.2475489602241813
4.4573829531812725 0.24755036469133176
4.5534213685474185 0.24755223013951597
4.649459783913565 0.2475545659097256
4.745498199279712 0.24755741258708275
4.841536614645858 0.24756084879728674
4.937575030012005 0.24756493921139777
5.033613445378151 0.2475696259793231
5.129651860744298 0.24757473236517938
5.225690276110444 0.24758013156501524
5.321728691476591 0.24758584218910937
5.417767106842737 0.24759199059108583
5.513805522208884 0.24759872568092808
5.609843937575031 0.24760619620070584
5.705882352941177 0.24761443139383227
5.8019207683073235 0.2476232703464465
5.8979591836734695 0.24763248926498205
5.993997599039616 0.24764209857201283
6.090036014405762 0.24765236140159982
6.186074429771909 0.24766353086927564
6.282112845138055 0.24767568536612258
6.378151260504202 0.24768876053038333
6.474189675870348 0.24770263360320532
6.570228091236495 0.24771714480604515
6.666266506602641 0.24773220202888213
6.762304921968788 0.24774784975621592
6.858343337334934 0.24776420754151715
6.954381752701081 0.24778130818386052
7.050420168067227 0.2477990830343976
7.146458583433374 0.2478175039275271
7.2424969987995205 0.2478366815042464
7.3385354141656665 0.24785679113446138
7.434573829531813 0.2478778658399347
7.530612244897959 0.24789977197990773
7.626650660264106 0.2479223556851842
7.722689075630252 0.24794554960843418
7.818727490996399 0.2479693729088884
7.914765906362545 0.24799392422400035
8.010804321728692 0.24801937293406032
8.106842737094837 0.2480458479054371
8.202881152460986 0.2480733522781678
8.29891956782713 0.24810180877200125
8.394957983193278 0.24813120395665378
8.490996398559425 0.24816160925669728
8.58703481392557 0.24819307999958862
8.683073229291717 0.2482255741572501
8.779111644657863 0.2482589915879423
8.87515006002401 0.24829330750302508
8.971188475390157 0.24832859563995874
9.067226890756302 0.24836496627454963
9.16326530612245 0.2484025137926577
9.259303721488596 0.24844130554637991
9.355342136854743 0.24848134962450388
9.451380552220888 0.24852258954241366
9.547418967587035 0.24856493308391112
9.643457382953182 0.24860827792754886
9.739495798319329 0.24865254601071476
9.835534213685474 0.24869780376491135
9.93157262905162 0.2487442789270706
10.027611044417768 0.24879215251246864
10.123649459783914 0.24884136464778953
10.219687875150061 0.24889166551762906
10.315726290516206 0.24894283740856052
10.411764705882353 0.24899474773413205
10.5078031212485 0.24904735508873999
10.603841536614647 0.24910071518539706
10.699879951980792 0.24915495456211523
10.795918367346939 0.2492101637544113
10.891956782713086 0.2492663719885125
10.987995198079233 0.24932358487798373
11.084033613445378 0.24938182324357877
11.180072028811525 0.2494411080172221
11.276110444177672 0.24950138843551797
11.372148859543818 0.2495625242441671
11.468187274909964 0.24962432094833795
11.56422569027611 0.24968656794499908
11.660264105642257 0.2497490896517453
11.756302521008404 0.24981196715701723
11.852340936374551 0.24987558855237824
11.948379351740696 0.24994029426867634
12.044417767106843 0.2500059740843107
12.14045618247299 0.2500721838546998
12.236494597839137 0.2501388063901153
12.332533013205282 0.2502062369283684
12.428571428571429 0.2502750167571637
12.524609843937576 0.2503453958310865
12.620648259303723 0.25041734485784306
12.716686674669868 0.250490746104117
12.812725090036015 0.25056545233484134
12.908763505402161 0.2506412483153638
13.004801920768308 0.2507178025109381
13.100840336134453 0.2507947367052399
13.1968787515006 0.2508720144380232
13.292917166866747 0.25095005993250274
13.388955582232894 0.25102934071752364
13.484993997599041 0.25110981747038674
13.581032412965186 0.251191029368899
13.677070828331333 0.2512727906878466
13.77310924369748 0.25135542528264515
13.869147659063627 0.25143929677943383
13.965186074429772 0.25152415750876495
14.061224489795919 0.2516092539217632
14.157262905162066 0.2516942469519344
14.253301320528212 0.2517795449698687
14.349339735894358 0.2518658557936739
14.445378151260504 0.2519535335830411
14.541416566626651 0.2520425669261983
14.637454981992798 0.25213283153446087
14.733493397358943 0.2522241895922925
14.82953181272509 0.2523165124904122
14.925570228091237 0.2524097152691457
15.021608643457384 0.2525037583551682
15.11764705882353 0.2525986394881658
15.213685474189676 0.2526943902529611
15.309723889555823 0.2527910663938531
15.40576230492197 0.2528887322292124
15.501800720288117 0.2529874484915054
15.597839135654262 0.25308719534672997
15.693877551020408 0.2531878397848206
15.789915966386555 0.2532892118307393
15.885954381752702 0.2533912338610601
15.981992797118847 0.25349391353697015
16.078031212484994 0.25359719457045626
16.17406962785114 0.2537008901164393
16.270108043217288 0.25380486460641694
16.366146458583433 0.25390935839243417
16.46218487394958 0.25401493682985504
16.558223289315727 0.2541218059204446
16.654261704681872 0.25422948492645636
16.75030012004802 0.25433726168999016
16.846338535414166 0.2544450509632902
16.942376950780314 0.254553415815862
17.03841536614646 0.2546629357043791
17.134453781512605 0.2547738844594992
17.230492196878753 0.25488628441075495
17.3265306122449 0.25500001856337573
17.422569027611043 0.25511486461176053
17.518607442977192 0.25523068693653755
17.614645858343337 0.2553475389522975
17.710684273709486 0.25546553037449055
17.80672268907563 0.2555845489184186
17.902761104441776 0.25570426153325326
17.998799519807925 0.2558244671303957
18.09483793517407 0.25594529533888355
18.19087635054022 0.2560670523566713
18.286914765906364 0.2561898777834876
18.38295318127251 0.2563137067735599
18.478991596638657 0.2564383511540059
18.575030012004802 0.2565635479160409
18.671068427370948 0.2566890249585508
18.767106842737096 0.25681465162317035
18.86314525810324 0.2569404576399201
18.95918367346939 0.25706660679507004
19.055222088835535 0.25719338007312853
19.15126050420168 0.25732103784438815
19.24729891956783 0.25744948445273796
19.343337334933974 0.25757826113205623
19.439375750300123 0.25770706317582465
19.535414165666268 0.25783607994542984
19.631452581032413 0.25796576246112163
19.72749099639856 0.25809620964531416
19.823529411764707 0.2582271023237866
19.91956782713085 0.2583581077125965
20.015606242497 0.2584891592735192
20.111644657863145 0.2586203859262467
20.207683073229294 0.25875190428170275
20.30372148859544 0.25888378645163385
20.399759903961584 0.2590160979112284
20.495798319327733 0.25914892502651754
20.591836734693878 0.25928235799781807
20.687875150060023 0.259416440141598
20.78391356542617 0.2595511599826892
20.879951980792317 0.25968646846881505
20.975990396158466 0.2598222921168677
21.07202881152461 0.25995852237259726
21.168067226890756 0.2600949824206781
21.264105642256904 0.2602314334526758
21.36014405762305 0.2603677753166663
21.456182472989198 0.26050420770655147
21.552220888355343 0.2606411124353927
21.64825930372149 0.2607786613133648
21.744297719087637 0.26091675087320965
21.840336134453782 0.2610552305505497
21.936374549819927 0.26119409526273135
22.032412965186076 0.26133342691665684
22.12845138055222 0.261473175639837
22.22448979591837 0.2616131254127615
22.320528211284515 0.26175311821350344
22.41656662665066 0.2618932527620911
22.51260504201681 0.26203378688124385
22.608643457382954 0.26217476261940675
22.704681872749102 0.2623159378404236
22.800720288115247 0.2624571040043611
22.896758703481392 0.2625983821380413
22.99279711884754 0.26274012270180597
23.088835534213686 0.2628824827066713
23.18487394957983 0.2630253382303101
23.28091236494598 0.2631685679506246
23.376950780312125 0.26331233051646663
23.472989195678274 0.26345697888772485
23.56902761104442 0.2636026697960882
23.665066026410564 0.2637492709520235
23.761104441776713 0.26389648776845803
23.857142857142858 0.2640439935759781
23.953181272509003 0.264191482886948
24.04921968787515 0.26433887222443964
24.145258103241297 0.2644863404005664
24.241296518607445 0.2646339806946368
24.33733493397359 0.26478142546353867
24.433373349339735 0.2649280324689449
24.529411764705884 0.2650738062509747
24.62545018007203 0.26521962912328895
24.721488595438178 0.26536644593171943
24.817527010804323 0.2655143398354957
24.913565426170468 0.2656626632829898
25.009603841536617 0.2658108997734422
25.10564225690276 0.26595891634025914
25.201680672268907 0.2661068546847283
25.297719087635056 0.26625500142320174
25.3937575030012 0.2664036926361042
25.48979591836735 0.2665528714994507
25.585834333733494 0.26670196409091296
25.68187274909964 0.26685041151109157
25.777911164465788 0.26699833570567616
25.873949579831933 0.2671464098224165
25.969987995198082 0.2672949417291623
26.066026410564227 0.26744358287376235
26.162064825930372 0.26759185031291305
26.25810324129652 0.26773981328249274
26.354141656662666 0.26788799727051343
26.45018007202881 0.2680365775123185
26.54621848739496 0.26818510659315814
26.642256902761105 0.26833298275972745
26.738295318127253 0.26848009738556755
26.8343337334934 0.26862679763113007
26.930372148859544 0.26877337807201596
27.026410564225692 0.2689198953016189
27.122448979591837 0.26906630868759107
27.218487394957986 0.26921268525056696
27.31452581032413 0.2693591773735321
27.410564225690276 0.26950577914153867
27.506602641056425 0.26965223528157406
27.60264105642257 0.2697982841704955
27.698679471788715 0.26994402916370325
27.794717887154864 0.2700898982041099
27.89075630252101 0.27023616041324483
27.986794717887157 0.2703827296279301
28.082833133253303 0.2705293556964374
28.178871548619448 0.2706759326898603
28.274909963985596 0.27082251210922026
28.37094837935174 0.270969198127221
28.466986794717887 0.27111610136569203
28.563025210084035 0.27126328505599606
28.65906362545018 0.2714106744603995
28.75510204081633 0.27155808330382764
28.851140456182474 0.271705480958382
28.94717887154862 0.2718531127682266
29.043217286914768 0.27200130176011084
29.139255702280913 0.27215009509117777
29.23529411764706 0.27229927305817925
29.331332533013207 0.2724487162939503
29.42737094837935 0.27259858166686535
29.5234093637455 0.2727491426285609
29.619447779111646 0.2729004883431574
29.71548619447779 0.2730525038902453
29.81152460984394 0.27320498465204646
29.907563025210084 0.2733576947302326
30.003601440576233 0.2735104003205973
30.099639855942378 0.27366293454360047
30.195678271308523 0.27381520595477593
30.291716686674672 0.2739672066005875
30.387755102040817 0.2741190159643494
30.483793517406966 0.2742707376189657
30.57983193277311 0.27442236769132416
30.675870348139256 0.2745737957613743
30.771908763505404 0.27472497355951353
30.86794717887155 0.27487600969198855
30.963985594237695 0.27502708626335753
31.060024009603843 0.2751782741763336
31.15606242496999 0.2753295250026902
31.252100840336137 0.27548084100002995
31.348139255702282 0.2756323754756084
31.444177671068427 0.2757843002759199
31.540216086434576 0.27593649730777875
31.63625450180072 0.27608855402376875
31.732292917166866 0.2762401966588783
31.828331332533015 0.2763915601714802
31.92436974789916 0.27654301777014056
32.02040816326531 0.27669475621453077
32.116446578631454 0.2768467259569663
32.2124849939976 0.2769988023846035
32.308523409363744 0.2771508915940924
32.404561824729896 0.27730291358118736
32.50060024009604 0.27745475437990885
32.596638655462186 0.2776062622235888
32.69267707082833 0.2777572953517476
32.78871548619448 0.2779077550763793
32.88475390156063 0.2780576298566618
32.98079231692677 0.27820711271394427
33.07683073229292 0.27835659864594864
33.172869147659064 0.2785063779052174
33.26890756302521 0.2786564136329271
33.36494597839136 0.2788064815062036
33.460984393757506 0.2789565835907856
33.55702280912365 0.2791069955600021
33.6530612244898 0.2792578774895761
33.74909963985594 0.27940897725905683
33.84513805522209 0.27955981973529037
33.94117647058824 0.27971030121689083
34.037214885954384 0.27986077132401843
34.13325330132053 0.28001155383717424
34.229291716686674 0.28016256292872116
34.32533013205282 0.2803134120492557
34.42136854741897 0.280463796556322
34.51740696278512 0.2806135685286641
34.61344537815126 0.2807627119432868
34.70948379351741 0.2809113218009599
34.80552220888355 0.2810595733257789
34.901560624249704 0.28120761999644994
34.99759903961585 0.2813555715027759
35.093637454981994 0.2815034838729299
35.18967587034814 0.28165135073980935
35.285714285714285 0.2817990891197968
35.38175270108044 0.281946489884129
35.47779111644658 0.2820932201896053
35.57382953181273 0.28223909705013617
35.66986794717887 0.282384341359781
35.76590636254502 0.282529443864477
35.86194477791116 0.28267462190978176
35.957983193277315 0.2828197063812397
36.05402160864346 0.28296447931690766
36.150060024009605 0.2831090031626879
36.24609843937575 0.2832535494011446
36.342136854741895 0.283398258175143
36.43817527010805 0.2835430594870328
36.53421368547419 0.28368782457379266
36.63025210084034 0.28383252096662875
36.72629051620648 0.28397720349263617
36.82232893157263 0.2841219462661743
36.91836734693878 0.28426682184595503
37.014405762304925 0.2844118255282638
37.11044417767107 0.2845567938994324
37.206482593037215 0.28470143565170397
37.30252100840336 0.2848454878545286
37.39855942376951 0.2849887624800283
37.49459783913566 0.2851312276428169
37.5906362545018 0.2852730993863557
37.68667466986795 0.28541477330828036
37.78271308523409 0.2855564768906507
37.878751500600245 0.28569817152848953
37.97478991596639 0.28583971079339565
38.070828331332535 0.2859810283489297
38.16686674669868 0.28612213892973726
38.262905162064826 0.2862630883014584
38.35894357743097 0.28640393670084374
38.45498199279712 0.286544725870566
38.55102040816327 0.28668543795698015
38.64705882352941 0.2868260003866738
38.74309723889556 0.2869663256265226
38.8391356542617 0.2871063258144072
38.935174069627855 0.28724597197576784
39.031212484994 0.28738537159436095
39.127250900360146 0.287524729561937
39.22328931572629 0.2876640987837052
39.319327731092436 0.28780329695091983
39.41536614645859 0.28794208187839054
39.51140456182473 0.28808039310470784
39.60744297719088 0.28821833431787836
39.70348139255702 0.2883559632909792
39.79951980792317 0.2884932169142417
39.89555822328932 0.2886300380485516
39.991596638655466 0.28876655931147843
40.08763505402161 0.2889030777487133
40.183673469387756 0.2890398034972138
40.2797118847539 0.28917676304786233
40.375750300120046 0.2893138653489262
40.4717887154862 0.28945100278225694
40.56782713085234 0.28958806555582145
40.66386554621849 0.2897249814505024
40.759903961584634 0.2898617315202244
40.85594237695078 0.28999830784153735
40.95198079231693 0.29013464581743564
41.048019207683076 0.2902706282722
41.14405762304922 0.29040615798476865
41.240096038415366 0.2905411892350418
41.33613445378151 0.2906757360324162
41.432172869147664 0.2908098857200614
41.52821128451381 0.2909437846493271
41.624249699879954 0.29107751985456315
41.7202881152461 0.29121106547098957
41.816326530612244 0.2913443262955017
41.912364945978396 0.2914772154709676
42.00840336134454 0.29160966351690554
42.104441776710686 0.29174162689377764
42.20048019207683 0.29187309252374494
42.29651860744298 0.29200411828435824
42.39255702280912 0.2921349083975374
42.488595438175274 0.29226579151124366
42.58463385354142 0.2923969625349015
42.680672268907564 0.2925283524684695
42.77671068427371 0.29265972668205387
42.872749099639854 0.29279087995053305
42.96878751500601 0.2929216692191949
43.06482593037215 0.2930521050251002
43.1608643457383 0.29318239941797763
43.25690276110444 0.2933128213521081
43.35294117647059 0.29344339671390274
43.44897959183674 0.29357390223323715
43.545018007202884 0.2937041678788929
43.64105642256903 0.293834246357655
43.737094837935174 0.2939643239854273
43.83313325330132 0.29409452227624727
43.92917166866747 0.2942248734341985
44.02521008403362 0.2943553373880883
44.12124849939976 0.2944858121766469
44.21728691476591 0.29461621466630705
44.31332533013205 0.2947466656208933
44.409363745498204 0.2948774854857526
44.50540216086435 0.29500886025155115
44.601440576230495 0.2951406340579101
44.69747899159664 0.2952724699102263
44.793517406962785 0.2954042467540549
44.88955582232893 0.29553609709276857
44.98559423769508 0.29566815312219596
45.08163265306123 0.2958003807913795
45.17767106842737 0.29593264264265945
45.27370948379352 0.2960648658691129
45.36974789915966 0.29619706342358276
45.465786314525815 0.29632926561665673
45.56182472989196 0.29646147305071036
45.657863145258105 0.2965936441094355
45.75390156062425 0.29672566375412224
45.849939975990395 0.2968573487536511
45.94597839135655 0.2969885904978881
46.04201680672269 0.29711945819817587
46.13805522208884 0.29725013438103937
46.23409363745498 0.29738072441497276
46.33013205282113 0.2975112250868052
46.42617046818728 0.2976415585447961
46.522208883553425 0.2977715981038195
46.61824729891957 0.29790120972207523
46.714285714285715 0.298030374924363
46.81032412965186 0.29815920640366717
46.906362545018006 0.29828782958015565
47.00240096038416 0.29841628804815623
47.0984393757503 0.2985445579512027
47.19447779111645 0.29867260219318714
47.29051620648259 0.2988003830222435
47.38655462184874 0.2989278933471517
47.48259303721489 0.29905518300232553
47.578631452581035 0.29918232484623414
47.67466986794718 0.2993092979553316
47.770708283313326 0.2994359726860716
47.86674669867947 0.29956228891119097
47.96278511404562 0.2996884130655205
48.05882352941177 0.2998146485377483
48.15486194477791 0.2999410975421063
48.25090036014406 0.3000675988736309
48.3469387755102 0.3001939891466747
48.442977190876356 0.30032034457401335
48.5390156062425 0.3004468970578148
48.635054021608646 0.30057368386118494
48.73109243697479 0.30070047647433107
48.827130852340936 0.30082702899059244
48.92316926770709 0.300953319556915
49.01920768307323 0.3010794940586577
49.11524609843938 0.30120560186365497
49.21128451380552 0.3013315326942968
49.30732292917167 0.30145708084074546
49.403361344537814 0.3015820107273854
49.499399759903966 0.30170611843381956
49.59543817527011 0.3018294783956494
49.691476590636256 0.3019524971947196
49.7875150060024 0.3020756178800303
49.883553421368546 0.3021990028733309
49.9795918367347 0.30232256161996873
50.075630252100844 0.3024461438492065
50.17166866746699 0.302569594733835
50.267707082833134 0.30269279357359974
50.36374549819928 0.3028156973652238
50.45978391356543 0.3029383291793935
50.555822328931576 0.3030607121938465
50.65186074429772 0.3031828502283908
50.747899159663866 0.30330472692557886
50.84393757503001 0.3034263047870783
50.939975990396164 0.30354753681783037
51.03601440576231 0.3036684249867665
51.132052821128454 0.30378903689251985
51.2280912364946 0.30390945037840483
51.324129651860744 0.30402968467247404
51.42016806722689 0.3041497084823677
51.51620648259304 0.3042695056718788
51.61224489795919 0.3043890954300374
51.70828331332533 0.30450847458466757
51.80432172869148 0.30462754224182553
51.90036014405762 0.30474612452848715
51.996398559423774 0.3048641418001063
52.09243697478992 0.3049816650707646
52.188475390156064 0.30509883692248185
52.28451380552221 0.30521576284621854
52.380552220888354 0.3053325031894238
52.47659063625451 0.3054490722152121
52.57262905162065 0.3055654388925515
52.6686674669868 0.305681584295399
52.76470588235294 0.30579758441067606
52.86074429771909 0.30591358644778144
52.95678271308524 0.3060296190268519
53.052821128451384 0.30614552113385546
53.14885954381753 0.30626109146482944
53.244897959183675 0.3063763152018239
53.34093637454982 0.3064913508650271
53.43697478991597 0.30660631573065705
53.53301320528212 0.3067211987774977
53.62905162064826 0.30683591307973196
53.72509003601441 0.306950379820231
53.82112845138055 0.307064538733145
53.9171668667467 0.3071783688473659
54.01320528211285 0.30729189703446624
54.109243697478995 0.30740516637064413
54.20528211284514 0.30751818299187084
54.301320528211285 0.3076309276388134
54.39735894357743 0.30774348078516933
54.49339735894358 0.3078560774798829
54.58943577430973 0.3079689191220249
54.68547418967587 0.30808184070832895
54.78151260504202 0.3081943408588019
54.87755102040816 0.3083060945314505
54.973589435774315 0.30841719726991446
55.06962785114046 0.3085279816083677
55.165666266506605 0.30863867295862774
55.26170468187275 0.30874935227585265
55.357743097238895 0.30885995734052984
55.45378151260505 0.3089702843588215
55.54981992797119 0.3090801111228527
55.64585834333734 0.3091894379450184
55.74189675870348 0.3092984886074627
55.83793517406963 0.30940746518687096
55.93397358943577 0.3095164179735209
56.030012004801925 0.30962530468167604
56.12605042016807 0.30973411500160036
56.222088835534215 0.30984288081115374
56.31812725090036 0.3099516263347262
56.414165666266506 0.31006034042510044
56.51020408163266 0.3101690144262594
56.6062424969988 0.3102777250470928
56.70228091236495 0.3103866293496722
56.79831932773109 0.3104958007360435
56.89435774309724 0.31060513252182903
56.99039615846339 0.3107144016943744
57.086434573829536 0.3108234177806639
57.18247298919568 0.31093204991560436
57.278511404561826 0.3110402964261783
57.37454981992797 0.31114832766883843
57.47058823529412 0.31125638149488205
57.56662665066027 0.31136450930832077
57.66266506602641 0.31147255458170653
57.75870348139256 0.3115803431591262
57.8547418967587 0.31168780732744295
57.950780312124856 0.3117949779414356
58.046818727491 0.31190195887042593
58.142857142857146 0.312008911951329
58.23889555822329 0.31211591713169246
58.334933973589436 0.3122228766931226
58.43097238895558 0.3123295876498863
58.52701080432173 0.3124359415071258
58.62304921968788 0.31254194945438374
58.719087635054024 0.3126476329167781
58.81512605042017 0.3127529447382888
58.911164465786314 0.312857819072447
59.007202881152466 0.3129623179741827
59.10324129651861 0.31306664589846844
59.199279711884756 0.31317098352400885
59.2953181272509 0.31327536191611904
59.391356542617046 0.31337969087232675
59.4873949579832 0.31348385341272883
59.583433373349344 0.313587728854349
59.67947178871549 0.3136912784331158
59.775510204081634 0.31379461342357917
59.87154861944778 0.3138979262010004
59.96758703481393 0.3140012656467929
60.063625450180076 0.31410450367309667
60.15966386554622 0.3142075217056531
60.25570228091237 0.31431036658782024
60.35174069627851 0.31441320180529564
60.44777911164466 0.3145161278196096
60.54381752701081 0.3146191484969792
60.639855942376954 0.3147222455976198
60.7358943577431 0.3148254441942209
60.831932773109244 0.31492877001064495
60.92797118847539 0.315032090318613
61.02400960384154 0.3151350914074662
61.12004801920769 0.31523753343778976
61.21608643457383 0.3153394855598644
61.31212484993998 0.31544124969431125
61.40816326530612 0.31554304141570255
61.504201680672274 0.31564491726417276
61.60024009603842 0.315746821104103
61.696278511404564 0.31584862904393324
61.79231692677071 0.3159501802620228
61.888355342136855 0.3160513920607386
61.98439375750301 0.3161522858114265
62.08043217286915 0.3162529249039806
62.1764705882353 0.31635335159321537
62.27250900360144 0.3164535922051475
62.36854741896759 0.31655369090441127
62.46458583433373 0.3166537162767339
62.560624249699885 0.316753701970294
62.65666266506603 0.3168535832425256
62.752701080432175 0.3169532293783516
62.84873949579832 0.3170526015815757
62.944777911164465 0.3171517933443455
63.04081632653062 0.31725093063257087
63.13685474189676 0.3173500598041599
63.23289315726291 0.31744915642289784
63.32893157262905 0.317548194777149
63.4249699879952 0.3176471673687374
63.52100840336135 0.31774605579064946
63.617046818727495 0.31784479637454294
63.71308523409364 0.31794330207132904
63.809123649459785 0.3180415812098506
63.90516206482593 0.31813977080298456
64.00120048019208 0.3182380106297877
64.09723889555823 0.3183362871889077
64.19327731092437 0.31843445770722745
64.28931572629051 0.3185324279824063
64.38535414165666 0.31863020980526924
64.48139255702282 0.3187278835542774
64.57743097238895 0.31882554943907926
64.6734693877551 0.318923304159183
64.76950780312126 0.3190211288846854
64.8655462184874 0.31911885334717877
64.96158463385353 0.319216285821207
65.05762304921969 0.31931339102393036
65.15366146458584 0.31941027848528286
65.24969987995199 0.31950705759595566
65.34573829531813 0.31960378439679277
65.44177671068428 0.31970045548688675
65.53781512605042 0.3197969993898307
65.63385354141657 0.31989329937661054
65.72989195678272 0.31998934082389524
65.82593037214886 0.3200852661117207
65.92196878751501 0.32018125655577323
66.01800720288115 0.3202773537104733
66.1140456182473 0.32037346743126366
66.21008403361344 0.32046952850941746
66.3061224489796 0.3205655498931167
66.40216086434575 0.320661558730354
66.49819927971188 0.32075748803385107
66.59423769507804 0.3208531909849999
66.69027611044417 0.3209486100797293
66.78631452581033 0.32104384872887504
66.88235294117648 0.32113908131187713
66.97839135654262 0.32123440226890704
67.07442977190877 0.32132981714018927
67.1704681872749 0.3214252832250291
67.26650660264106 0.32152072845274254
67.36254501800721 0.32161608914151923
67.45858343337335 0.32171137627077534
67.5546218487395 0.32180667187871914
67.65066026410564 0.3219020465436633
67.74669867947179 0.32199752005932386
67.84273709483794 0.32209307511092033
67.93877551020408 0.3221886830706244
68.03481392557023 0.3222843040196497
68.13085234093637 0.3223798632920145
68.22689075630252 0.32247524002932676
68.32292917166868 0.32257031341983977
68.41896758703481 0.3226650530330523
68.51500600240097 0.32275952385123596
68.6110444177671 0.32285383730069456
68.70708283313326 0.32294812503035364
68.80312124849941 0.3230425004874031
68.89915966386555 0.3231369805012374
68.9951980792317 0.32323148279726943
69.09123649459784 0.32332589505429815
69.18727490996399 0.3234201135840059
69.28331332533014 0.3235140670399876
69.37935174069628 0.323607766800509
69.47539015606243 0.3237013036407492
69.57142857142857 0.32379474573670947
69.66746698679472 0.3238880788732644
69.76350540216087 0.3239812388877974
69.85954381752701 0.32407418745218414
69.95558223289316 0.32416692237863354
70.0516206482593 0.3242594752210612
70.14765906362545 0.32435190972485334
70.2436974789916 0.3244442994166979
70.33973589435774 0.32453667373816175
70.4357743097239 0.3246290129263505
70.53181272509003 0.324721281238901
70.62785114045619 0.3248134485391809
70.72388955582232 0.3249054866781569
70.81992797118848 0.32499735937849245
70.91596638655463 0.3250890233992384
71.01200480192077 0.32518046310902626
71.10804321728692 0.32527171409351857
71.20408163265306 0.3253628491148925
71.30012004801921 0.32545393924355503
71.39615846338536 0.3255450430976837
71.4921968787515 0.32563614850996836
71.58823529411765 0.32572713068562037
71.68427370948379 0.32581781453502573
71.78031212484994 0.3259081536582084
71.8763505402161 0.3259982516818488
71.97238895558223 0.32608821504865365
72.06842737094838 0.32617804190443317
72.16446578631452 0.32626766052957223
72.26050420168067 0.3263570524322767
72.35654261704683 0.32644626995468284
72.45258103241297 0.32653535319090826
72.54861944777912 0.32662426409039075
72.64465786314526 0.3267129206858421
72.74069627851141 0.3268013109736714
72.83673469387756 0.3268895100031909
72.9327731092437 0.3269775892071746
73.02881152460985 0.3270655408382016
73.12484993997599 0.32715330815170574
73.22088835534214 0.3272408939621858
73.31692677070829 0.32732837833171197
73.41296518607443 0.3274158277153615
73.50900360144058 0.32750321541512223
73.60504201680672 0.32759044727918285
73.70108043217287 0.3276774620320194
73.79711884753902 0.32776425272772997
73.89315726290516 0.3278508528868823
73.98919567827132 0.3279373237478053
74.08523409363745 0.3280237332123841
74.1812725090036 0.3281100789358015
74.27731092436976 0.328196276261181
74.3733493397359 0.32828228607860077
74.46938775510205 0.32836823833591544
74.56542617046819 0.32845436591808
74.66146458583434 0.32854072319504557
74.75750300120049 0.3286271253112259
74.85354141656663 0.3287133578978484
74.94957983193278 0.32879938984993234
75.04561824729892 0.3288853382861804
75.14165666266507 0.328971282094028
75.23769507803121 0.3290572141110299
75.33373349339736 0.3291430654804856
75.42977190876351 0.3292287316088198
75.52581032412965 0.32931409815303636
75.6218487394958 0.32939915048841045
75.71788715486194 0.32948399995885225
75.8139255702281 0.3295687686004329
75.90996398559425 0.32965346010193664
76.00600240096038 0.32973798290856693
76.10204081632654 0.32982229049923845
76.19807923169267 0.3299064208239959
76.29411764705883 0.3299904455505508
76.39015606242498 0.3300744103773584
76.48619447779112 0.3301583321364408
76.58223289315727 0.3302422014009261
76.6782713085234 0.3303259842770295
76.77430972388956 0.33040965690402563
76.87034813925571 0.33049324807089503
76.96638655462185 0.3305768294319685
77.062424969988 0.3306604502355928
77.15846338535414 0.33074411609583576
77.25450180072029 0.3308277938016512
77.35054021608644 0.33091141757891307
77.44657863145258 0.33099489792574155
77.54261704681873 0.3310781684569565
77.63865546218487 0.33116120198211696
77.73469387755102 0.33124400547896726
77.83073229291718 0.3313266132116694
77.92677070828331 0.3314090775884118
78.02280912364947 0.33149141817868727
78.1188475390156 0.33157360402494945
78.21488595438176 0.3316555990708082
78.31092436974791 0.3317374273255142
78.40696278511405 0.3318191672525542
78.5030012004802 0.3319008852327863
78.59903961584634 0.33198260985927724
78.69507803121249 0.33206432837616234
78.79111644657864 0.3321459814008061
78.88715486194478 0.33222747603268166
78.98319327731093 0.3323087756423723
79.07923169267707 0.3323899354203705
79.17527010804322 0.33247104041316683
79.27130852340936 0.3325521071505283
79.36734693877551 0.332633085953881
79.46338535414166 0.3327139385644953
79.5594237695078 0.3327946714675839
79.65546218487395 0.3328753378862268
79.75150060024009 0.33295604088166636
79.84753901560624 0.33303691355498805
79.9435774309724 0.3331179689751419
80.03961584633853 0.3331990337822353
80.13565426170469 0.33327987597088826
80.23169267707082 0.3333604296038018
80.32773109243698 0.33344079711338237
80.42376950780313 0.3335210868011006
80.51980792316927 0.3336013355137376
80.61584633853542 0.3336815206462545
80.71188475390156 0.333761583192981
80.80792316926771 0.3338414395146352
80.90396158463386 0.33392105973474595
81.0 0.3340005066279789
81.09603841536615 0.33407987748078055
81.19207683073229 0.3341591905104193
81.28811524609844 0.3342383850314613
81.3841536614646 0.33431744050178
81.48019207683073 0.334396439104587
81.57623049219688 0.3344755123499544
81.67226890756302 0.33455473058133867
81.76830732292918 0.3346340920137305
81.86434573829533 0.3347135474054873
81.96038415366147 0.3347930139261022
82.05642256902762 0.3348724014566263
82.15246098439376 0.3349516690016065
82.24849939975991 0.3350308297830363
82.34453781512606 0.3351099281416881
82.4405762304922 0.3351890258627134
82.53661464585835 0.33526816734454024
82.63265306122449 0.33534730080145153
82.72869147659064 0.335426278690993
82.82472989195679 0.33550498165634185
82.92076830732293 0.3355833948268864
83.01680672268908 0.3356615881923084
83.11284513805522 0.33573966682117856
83.20888355342137 0.3358177553158344
83.30492196878753 0.335895901401707
83.40096038415366 0.3359740136180536
83.49699879951982 0.3360519299112387
83.59303721488595 0.3361295938516849
83.6890756302521 0.3362070730785751
83.78511404561824 0.3362844462978539
83.8811524609844 0.33636172633402633
83.97719087635055 0.3364388803757855
84.07322929171669 0.3365158880053908
84.16926770708284 0.33659275139319206
84.26530612244898 0.3366695035093678
84.36134453781513 0.3367462139825315
84.45738295318128 0.3368229680468109
84.55342136854742 0.3368998068133218
84.64945978391357 0.33697671706673066
84.74549819927971 0.33705363500113994
84.84153661464586 0.3371304490630804
84.93757503001201 0.33720704783661215
85.03361344537815 0.33728346247084273
85.1296518607443 0.337359880227485
85.22569027611044 0.33743644369983494
85.3217286914766 0.33751309205628194
85.41776710684275 0.33758964298670785
85.51380552220888 0.3376660643934717
85.60984393757504 0.33774251507685826
85.70588235294117 0.33781913145324227
85.80192076830733 0.3378958503504603
85.89795918367348 0.3379724605702027
85.99399759903962 0.3380487925009436
86.09003601440577 0.3381247572780447
86.1860744297719 0.33820034226372464
86.28211284513806 0.3382756071025336
86.37815126050421 0.3383506543396623
86.47418967587035 0.33842552643072393
86.5702280912365 0.3385001873644043
86.66626650660264 0.33857460733519135
86.76230492196879 0.33864884037572224
86.85834333733494 0.33872299186782323
86.95438175270108 0.3387970868360445
87.05042016806723 0.33887104426610754
87.14645858343337 0.3389447843125448
87.24249699879952 0.33901833154232397
87.33853541416568 0.33909178813960494
87.43457382953181 0.3391652117706351
87.53061224489797 0.33923858698109294
87.6266506602641 0.3393118599624964
87.72268907563026 0.3393849737184756
87.81872749099641 0.33945788285152445
87.91476590636255 0.3395306086919045
88.0108043217287 0.33960324983606965
88.10684273709484 0.3396758834839447
88.20288115246099 0.3397484606187624
88.29891956782713 0.33982083861133355
88.39495798319328 0.3398929474851789
88.49099639855943 0.3399648323632461
88.58703481392557 0.34003655744664035
88.68307322929172 0.3401080988587617
88.77911164465786 0.3401793669986521
88.87515006002401 0.34025033723715464
88.97118847539016 0.3403210858695323
89.0672268907563 0.34039172254238814
89.16326530612245 0.3404623110355603
89.25930372148859 0.3405328641453046
89.35534213685474 0.34060334074317206
89.4513805522209 0.3406736474545453
89.54741896758703 0.34074372836990363
89.64345738295319 0.34081367552078184
89.73949579831933 0.3408836861868347
89.83553421368548 0.34095380385113905
89.93157262905163 0.3410238387239432
90.02761104441777 0.341093559529978
90.12364945978392 0.3411629417267127
90.21968787515006 0.34123214821250925
90.31572629051621 0.3413013308843855
90.41176470588236 0.34137056212533334
90.5078031212485 0.3414398275041953
90.60384153661465 0.3415090159445586
90.69987995198079 0.34157795417618775
90.79591836734694 0.34164661318442263
90.8919567827131 0.34171517992282424
90.98799519807923 0.3417838915669584
91.08403361344538 0.3418527984866965
91.18007202881152 0.3419217739201317
91.27611044417768 0.3419906877020898
91.37214885954383 0.34205947274013243
91.46818727490997 0.34212811172286295
91.56422569027612 0.34219661693671327
91.66026410564226 0.3422650256490069
91.75630252100841 0.3423333805761772
91.85234093637456 0.34240172165683025
91.9483793517407 0.3424700663349127
92.04441776710685 0.34253837845026514
92.14045618247299 0.3426065756081007
92.23649459783914 0.34267460008949324
92.33253301320529 0.3427424489449582
92.42857142857143 0.342810157729553
92.52460984393758 0.3428777732795831
92.62064825930372 0.3429453444148638
92.71668667466987 0.3430128718831295
92.81272509003601 0.3430802864038076
92.90876350540216 0.3431475006505552
93.00480192076832 0.3432145003255858
93.10084033613445 0.3432813446933948
93.1968787515006 0.34334809813143985
93.29291716686674 0.3434147976080987
93.3889555822329 0.3434814518842837
93.48499399759905 0.34354804041308296
93.58103241296519 0.3436145175724056
93.67707082833134 0.3436808492969114
93.77310924369748 0.3437470312967307
93.86914765906363 0.3438130753495412
93.96518607442978 0.34387898247691
94.06122448979592 0.3439447438356014
94.15726290516207 0.3440103762179744
94.25330132052821 0.34407594036924466
94.34933973589436 0.34414148365381164
94.44537815126051 0.34420692273410447
94.54141656662665 0.3442720527087859
94.6374549819928 0.34433677102237753
94.73349339735894 0.3444012011183306
94.8295318127251 0.3444655889551458
94.92557022809125 0.3445300776486751
95.02160864345738 0.34459468437727075
95.11764705882354 0.34465936287579924
95.21368547418967 0.34472403997986834
95.30972388955583 0.3447886308809726
95.40576230492198 0.34485307266615767
95.50180072028812 0.34491732943921416
95.59783913565427 0.344981397733404
95.6938775510204 0.34504530979237263
95.78991596638656 0.3451091198246647
95.88595438175271 0.3451728710324407
95.98199279711885 0.345236591978031
96.078031212485 0.34530031043401943
96.17406962785114 0.34536406227591504
96.27010804321729 0.34542787032396904
96.36614645858344 0.3454916906271899
96.46218487394958 0.34555541202261403
96.55822328931573 0.34561895474484977
96.65426170468187 0.34568233733368614
96.75030012004802 0.34574564044241446
96.84633853541418 0.3458089071080694
96.94237695078031 0.3458721294120452
97.03841536614647 0.3459352896301419
97.1344537815126 0.3459983896022185
97.23049219687876 0.3460614449180192
97.3265306122449 0.34612446679327463
97.42256902761105 0.34618745811342594
97.5186074429772 0.34625040197955015
97.61464585834334 0.34631325312863315
97.71068427370949 0.3463759582406492
97.80672268907563 0.3464385168412759
97.90276110444178 0.3465009878184757
97.99879951980793 0.3465634158890837
98.09483793517407 0.3466257736401377
98.19087635054022 0.34668799971736647
98.28691476590636 0.34675012357586743
98.38295318127251 0.34681228143068416
98.47899159663866 0.34687457452381626
98.5750300120048 0.3469369517318033
98.67106842737095 0.34699926177283136
98.76710684273709 0.34706143815484763
98.86314525810324 0.3471235315815746
98.9591836734694 0.3471856029985649
99.05522208883554 0.34724763052719404
99.15126050420169 0.34730953888341604
99.24729891956783 0.3473713134910064
99.34333733493398 0.34743302266535764
99.43937575030013 0.347494761908297
99.53541416566627 0.34755660299116503
99.63145258103242 0.3476185789125038
99.72749099639856 0.3476806350485804
99.82352941176471 0.34774262353424756
99.91956782713086 0.3478044256933412
100.015606242497 0.34786606958261895
100.11164465786315 0.3479276851558968
100.20768307322929 0.34798930955221763
100.30372148859544 0.3480508446629264
100.3997599039616 0.34811218225427804
100.49579831932773 0.34817333014247137
100.59183673469389 0.34823439228376374
100.68787515006002 0.3482954628739753
100.78391356542618 0.3483565986245249
100.87995198079233 0.3484178129591866
100.97599039615847 0.3484790698681055
101.07202881152462 0.34854029768735095
101.16806722689076 0.34860145099625767
101.26410564225691 0.3486625268050944
101.36014405762306 0.3487235415491484
101.4561824729892 0.34878450549279943
101.55222088835535 0.34884542333187313
101.64825930372149 0.3489063032242629
101.74429771908764 0.3489671585385449
101.84033613445378 0.34902798071486363
101.93637454981993 0.34908870754917065
102.03241296518608 0.349149242270228
102.12845138055222 0.3492095563501545
102.22448979591837 0.34926971893824765
102.32052821128451 0.34932982246254407
102.41656662665066 0.3493898912773008
102.51260504201682 0.3494498880412681
102.60864345738295 0.34950977620195833
102.7046818727491 0.3495695401555535
102.80072028811524 0.3496291800561339
102.8967587034814 0.3496887051050084
102.99279711884755 0.3497481300794383
103.08883553421369 0.34980745861158596
103.18487394957984 0.3498666779810125
103.28091236494598 0.3499257819509596
103.37695078031213 0.34998480172988256
103.47298919567828 0.35004379873383473
103.56902761104442 0.35010280933081783
103.66506602641057 0.3501618252160376
103.76110444177671 0.3502208132213642
103.85714285714286 0.35027974357999014
103.95318127250901 0.35033859591168126
104.04921968787515 0.35039738292024614
104.1452581032413 0.35045615863935153
104.24129651860744 0.3505149730456568
104.3373349339736 0.35057380405458316
104.43337334933975 0.3506325668517826
104.52941176470588 0.35069121201330916
104.62545018007204 0.3507497645320729
104.72148859543817 0.35080828554402
104.81752701080433 0.35086681187264274
104.91356542617048 0.3509253503178069
105.00960384153662 0.35098387490694943
105.10564225690277 0.35104232631774773
105.2016806722689 0.35110065506058896
105.29771908763506 0.3511588930144494
105.39375750300121 0.351217140381345
105.48979591836735 0.3512754191102179
105.5858343337335 0.35133360842942407
105.68187274909964 0.3513915619395056
105.77791116446579 0.3514493122313811
105.87394957983194 0.3515070606348867
105.96998799519808 0.35156493452439586
106.06602641056423 0.35162287346131466
106.16206482593037 0.3516807346581687
106.25810324129652 0.3517384876951794
106.35414165666266 0.35179621881948375
106.45018007202881 0.3518539921676543
106.54621848739497 0.351911780835539
106.6422569027611 0.3519695021914685
106.73829531812726 0.352027087062035
106.8343337334934 0.3520844905716853
106.93037214885955 0.3521417183961211
107.0264105642257 0.35219884020055986
107.12244897959184 0.3522559381957115
107.21848739495799 0.3523130022571371
107.31452581032413 0.35236993040883047
107.41056422569028 0.35242665461774947
107.50660264105643 0.3524832100966602
107.60264105642257 0.35253968800223223
107.69867947178872 0.3525961324844732
107.79471788715486 0.3526525321246594
107.89075630252101 0.35270886801318335
107.98679471788716 0.3527651416998193
108.0828331332533 0.35282136868223585
108.17887154861945 0.3528775629109432
108.27490996398559 0.3529337345301016
108.37094837935174 0.3529898884390118
108.4669867947179 0.35304602340690444
108.56302521008404 0.35310213089132636
108.65906362545019 0.35315819225589257
108.75510204081633 0.35321418126889753
108.85114045618248 0.35327009778484336
108.94717887154863 0.3533259893478386
109.04321728691477 0.35338191739752783
109.13925570228092 0.3534378714413259
109.23529411764706 0.35349376238983604
109.33133253301321 0.3535495047043687
109.42737094837936 0.35360507199879926
109.5234093637455 0.35366048792675403
109.61944777911165 0.353715799206872
109.71548619447779 0.35377106723638796
109.81152460984394 0.353826315193265
109.9075630252101 0.35388149043420003
110.00360144057623 0.35393650355512135
110.09963985594239 0.353991340051273
110.19567827130852 0.3540460728213138
110.29171668667468 0.3541007632040328
110.38775510204083 0.35415538698365556
110.48379351740697 0.35420987423810746
110.57983193277312 0.3542642325175661
110.67587034813926 0.3543185626002735
110.77190876350541 0.35437295157780646
110.86794717887155 0.3544273888334202
110.9639855942377 0.3544817990721817
111.06002400960385 0.35453615269059
111.15606242496999 0.3545904817067335
111.25210084033614 0.3546447866500652
111.34813925570228 0.3546989596814044
111.44417767106843 0.35475284477920105
111.54021608643458 0.3548064443107
111.63625450180072 0.3548599500362921
111.73229291716687 0.3549135332254768
111.82833133253301 0.3549671625792683
111.92436974789916 0.3550206624175851
112.02040816326532 0.35507393725127717
112.11644657863145 0.35512701757491943
112.2124849939976 0.35517999610085804
112.30852340936374 0.3552329696510752
112.4045618247299 0.3552860224535425
112.50060024009605 0.3553391722328329
112.59663865546219 0.35539236097993787
112.69267707082834 0.3554455238268642
112.78871548619448 0.35549865497198435
112.88475390156063 0.3555517943486193
112.98079231692678 0.3556049650954328
113.07683073229292 0.35565815829874003
113.17286914765907 0.35571133380077163
113.26890756302521 0.3557644210123139
113.36494597839136 0.35581733920679515
113.46098439375751 0.3558700813911699
113.55702280912365 0.35592273316064377
113.6530612244898 0.3559754001427763
113.74909963985594 0.3560281313803228
113.8451380552221 0.3560809174452993
113.94117647058825 0.3561336982701594
114.03721488595438 0.356186367682691
114.13325330132054 0.35623884034698394
114.22929171668667 0.3562911260116491
114.32533013205283 0.35634331115857054
114.42136854741898 0.356395455981237
114.51740696278512 0.35644756548546225
114.61344537815127 0.35649961829243604
114.7094837935174 0.3565516002018931
114.80552220888356 0.3566034996759526
114.90156062424971 0.3566552763913468
114.99759903961585 0.3567068531766784
115.093637454982 0.3567581695969173
115.18967587034814 0.35680924754288573
115.28571428571429 0.35686017243783036
115.38175270108043 0.35691097478698464
115.47779111644658 0.35696159386877535
115.57382953181273 0.35701195526054536
115.66986794717887 0.35706207056317246
115.76590636254502 0.3571120276858627
115.86194477791116 0.35716190123995695
115.95798319327731 0.35721172235787774
116.05402160864347 0.35726149874821417
116.1500600240096 0.35731124183521673
116.24609843937576 0.3573609661024636
116.3421368547419 0.3574106740564205
116.43817527010805 0.357460351300021
116.5342136854742 0.3575099908566914
116.63025210084034 0.3575596277283136
116.72629051620649 0.35760932812275753
116.82232893157263 0.35765910661683087
116.91836734693878 0.35770889565415204
117.01440576230493 0.35775860552059036
117.11044417767107 0.35780821398956075
117.20648259303722 0.35785776229014876
117.30252100840336 0.3579072806498266
117.39855942376951 0.35795675874284366
117.49459783913566 0.35800617211057084
117.5906362545018 0.3580555237717816
117.68667466986795 0.35810484271709836
117.78271308523409 0.35815414810105206
117.87875150060025 0.35820343421186807
117.9747899159664 0.3582526832038157
118.07082833133254 0.35830188621493214
118.16686674669869 0.3583510461294247
118.26290516206483 0.35840018336896234
118.35894357743098 0.3584493380292904
118.45498199279713 0.35849853168376916
118.55102040816327 0.3585477010049189
118.64705882352942 0.358596708909387
118.74309723889556 0.35864548414202285
118.83913565426171 0.3586940865597485
118.93517406962786 0.358742648178055
119.031212484994 0.3587912646592332
119.12725090036015 0.358839983059693
119.22328931572629 0.3588887962006177
119.31932773109244 0.3589376401872764
119.4153661464586 0.3589864322219813
119.51140456182473 0.3590351434343734
119.60744297719089 0.35908380041640714
119.70348139255702 0.35913242526645794
119.79951980792318 0.3591810042785436
119.89555822328931 0.35922950010647386
119.99159663865547 0.3592778769871568
120.08763505402162 0.35932610585303876
120.18367346938776 0.3593741838425493
120.27971188475391 0.3594221449682791
120.37575030012005 0.3594700444820714
120.4717887154862 0.3595179252347337
120.56782713085235 0.3595658137969871
120.66386554621849 0.3596137250111472
120.75990396158464 0.35966166461104476
120.85594237695078 0.3597096248123206
120.95198079231693 0.3597575743138589
121.04801920768308 0.3598054609925492
121.14405762304922 0.3598532557662665
121.24009603841537 0.35990097930228465
121.33613445378151 0.3599486834913088
121.43217286914766 0.3599964065502359
121.52821128451382 0.36004416612340157
121.62424969987995 0.36009195489667367
121.7202881152461 0.3601397378221006
121.81632653061224 0.3601874679856886
121.9123649459784 0.36023512646853395
122.00840336134455 0.36028272640859593
122.10444177671069 0.36033028726108457
122.20048019207684 0.3603778174261488
122.29651860744298 0.36042531473302125
122.39255702280913 0.36047276858411675
122.48859543817528 0.3605201600255361
122.58463385354142 0.3605674580482285
122.68067226890757 0.36061461698736125
122.77671068427371 0.3606615955854333
122.87274909963986 0.36070841035467377
122.96878751500601 0.3607551392779525
123.06482593037215 0.36080184271622245
123.1608643457383 0.3608485044517239
123.25690276110444 0.3608950631875055
123.3529411764706 0.3609415095938114
123.44897959183675 0.3609879001099757
123.54501800720288 0.3610342954477156
123.64105642256904 0.3610807124044271
123.73709483793517 0.36112713091440585
123.83313325330133 0.36117352004807307
123.92917166866746 0.36121984417585273
124.02521008403362 0.36126608147555056
124.12124849939977 0.3613122391673073
124.21728691476591 0.3613583411455561
124.31332533013206 0.36140438573822375
124.4093637454982 0.3614503388433134
124.50540216086435 0.36149616666984363
124.6014405762305 0.361541864055805
124.69747899159664 0.36158745232749734
124.79351740696279 0.3616329685815714
124.88955582232893 0.36167846236749857
124.98559423769508 0.36172397648177834
125.08163265306123 0.36176952951879354
125.17767106842737 0.3618151176390332
125.27370948379352 0.3618607234298654
125.36974789915966 0.3619063189526702
125.46578631452581 0.3619518870795035
125.56182472989197 0.3619974418546568
125.6578631452581 0.36204301393584926
125.75390156062426 0.36208859065626503
125.8499399759904 0.3621341039263227
125.94597839135655 0.3621794882411351
126.0420168067227 0.3622247388233731
126.13805522208884 0.36226990076577315
126.23409363745499 0.3623150137474742
126.33013205282113 0.3623600977066911
126.42617046818728 0.3624051510113698
126.52220888355343 0.3624501485334683
126.61824729891957 0.3624950506475511
126.71428571428572 0.36253984291935587
126.81032412965186 0.362584545968648
126.90636254501801 0.36262918863753796
127.00240096038416 0.3626737783190729
127.0984393757503 0.3627183051592432
127.19447779111646 0.362762768571156
127.2905162064826 0.36280718456043703
127.38655462184875 0.36285157572535287
127.4825930372149 0.3628959596400195
127.57863145258104 0.3629403418269281
127.67466986794719 0.36298468458926286
127.77070828331333 0.3630288996758527
127.86674669867948 0.3630729222100035
127.96278511404563 0.36311680090637666
128.05882352941177 0.36316067418788284
128.1548619447779 0.36320461815554494
128.25090036014404 0.36324859936060677
128.3469387755102 0.3632925436461362
128.44297719087635 0.36333642444215825
128.53901560624251 0.36338026162139536
128.63505402160865 0.3634240834911956
128.7310924369748 0.3634679133542483
128.82713085234093 0.3635117491306849
128.92316926770707 0.36355553591954426
129.01920768307323 0.3635991799769784
129.11524609843937 0.3636426411683158
129.21128451380554 0.36368596506161266
129.30732292917168 0.36372922567138577
129.4033613445378 0.3637724443199733
129.49939975990398 0.36381559297176064
129.59543817527012 0.36385865266401285
129.69147659063626 0.36390163531008646
129.7875150060024 0.3639445613780428
129.88355342136856 0.36398742659983624
129.9795918367347 0.36403020776661515
130.07563025210084 0.36407291825691257
130.171668667467 0.36411562930906693
130.26770708283314 0.3641584076805071
130.36374549819928 0.3642012179806908
130.45978391356545 0.364243934484852
130.55582232893158 0.3642864820009304
130.65186074429772 0.36432889466513574
130.74789915966386 0.3643712564881366
130.84393757503003 0.36441360312701043
130.93997599039616 0.3644559195496945
131.0360144057623 0.36449819024726154
131.13205282112847 0.36454042150978816
131.2280912364946 0.36458263016259596
131.32412965186074 0.364624823877855
131.42016806722688 0.364667000331896
131.51620648259305 0.36470915595024705
131.6122448979592 0.364751290010632
131.70828331332532 0.3647934035692932
131.8043217286915 0.3648354974601734
131.90036014405763 0.3648775705782934
131.99639855942377 0.36491960737681894
132.09243697478993 0.36496157184647166
132.18847539015607 0.3650034280711506
132.2845138055222 0.36504517975691697
132.38055222088835 0.3650868690182908
132.4765906362545 0.3651285259983167
132.57262905162065 0.36517014272098347
132.6686674669868 0.36521169433775247
132.76470588235296 0.3652531825279432
132.8607442977191 0.36529463804234874
132.95678271308523 0.36533609533781625
133.0528211284514 0.3653775786049694
133.14885954381754 0.36541909606536793
133.24489795918367 0.3654606281383239
133.3409363745498 0.3655021305707903
133.43697478991598 0.3655435812177361
133.53301320528212 0.3655850069191122
133.62905162064826 0.36562644444435694
133.72509003601442 0.36566785210456876
133.82112845138056 0.36570911006150586
133.9171668667467 0.3657501531272265
134.01320528211286 0.36579105130630607
134.109243697479 0.3658319355694279
134.20528211284514 0.3658728194876331
134.30132052821128 0.36591358775311744
134.39735894357744 0.3659541609162455
134.49339735894358 0.36599460063846945
134.58943577430972 0.3660350446822413
134.6854741896759 0.36607554031772804
134.78151260504202 0.3661160262679137
134.87755102040816 0.36615642532761294
134.97358943577433 0.36619670667749443
135.06962785114047 0.3662368811485691
135.1656662665066 0.36627698568079403
135.26170468187274 0.3663170779469111
135.3577430972389 0.36635719869978334
135.45378151260505 0.3663973451548871
135.54981992797119 0.3664374845352575
135.64585834333735 0.3664775933208617
135.7418967587035 0.36651766338680725
135.83793517406963 0.3665576930109001
135.93397358943577 0.3665976801928623
136.03001200480193 0.366637628145793
136.12605042016807 0.3666775618983721
136.2220888355342 0.36671752836621485
136.31812725090037 0.36675755099865437
136.4141656662665 0.36679759435755194
136.51020408163265 0.3668375882200124
136.60624249699882 0.3668775053577809
136.70228091236496 0.36691737424430454
136.7983193277311 0.36695724025872395
136.89435774309723 0.36699713384016774
136.9903961584634 0.36703706596082525
137.08643457382954 0.36707701636193857
137.18247298919567 0.36711693362268344
137.27851140456184 0.3671567794862454
137.37454981992798 0.36719656708143683
137.47058823529412 0.36723634445074915
137.56662665066028 0.3672761330074249
137.66266506602642 0.3673159149610494
137.75870348139256 0.36735564831831785
137.8547418967587 0.36739528047084136
137.95078031212486 0.3674347615635916
138.046818727491 0.3674740917866034
138.14285714285714 0.3675133299312349
138.2388955582233 0.3675525449257956
138.33493397358944 0.36759176972510665
138.43097238895558 0.3676310046744863
138.52701080432175 0.3676702376988692
138.62304921968789 0.367709449961353
138.71908763505402 0.3677486332435459
138.81512605042016 0.3677878073141885
138.91116446578633 0.36782700812274566
139.00720288115247 0.3678662361545111
139.1032412965186 0.36790544497116023
139.19927971188477 0.36794458679088804
139.2953181272509 0.36798366033074587
139.39135654261705 0.3680227011887477
139.4873949579832 0.36806173013405447
139.58343337334935 0.3681007399807597
139.6794717887155 0.36813972133359063
139.77551020408163 0.36817869097288164
139.8715486194478 0.3682176831923423
139.96758703481393 0.3682567031848085
140.06362545018007 0.36829571433177943
140.15966386554624 0.36833465941899624
140.25570228091237 0.3683734852080284
140.3517406962785 0.3684121512755177
140.44777911164465 0.36845066639161445
140.54381752701082 0.36848909816917547
140.63985594237695 0.3685275252793234
140.7358943577431 0.3685659793127689
140.83193277310926 0.3686044483826103
140.9279711884754 0.36864291384818015
141.02400960384153 0.3686813617485794
141.1200480192077 0.3687197688017432
141.21608643457384 0.36875808450103553
141.31212484993998 0.36879624404509564
141.40816326530611 0.3688342453578073
141.50420168067228 0.36887217331776495
141.60024009603842 0.36891011821142927
141.69627851140456 0.36894806617146697
141.79231692677072 0.3689859135933763
141.88835534213686 0.3690235951492528
141.984393757503 0.3690611289523433
142.08043217286917 0.3690985795571708
142.1764705882353 0.36913600564135407
142.27250900360144 0.36917345234154464
142.36854741896758 0.369210928476692
142.46458583433375 0.36924839846943697
142.56062424969988 0.3692858120490656
142.65666266506602 0.3693231483553873
142.7527010804322 0.3693604154008685
142.84873949579833 0.36939762331442805
142.94477791116446 0.36943477358224974
143.04081632653063 0.36947185551154194
143.13685474189677 0.3695088407575112
143.2328931572629 0.3695456902059225
143.32893157262905 0.3695824047632622
143.4249699879952 0.3696190462169757
143.52100840336135 0.36965569700753853
143.6170468187275 0.36969239408499227
143.71308523409365 0.369729127890066
143.8091236494598 0.36976587991956783
143.90516206482593 0.36980263940998315
144.0012004801921 0.36983940094209744
144.09723889555823 0.3698761601733393
144.19327731092437 0.36991291409532695
144.2893157262905 0.36994966633504023
144.38535414165668 0.3699864294817533
144.48139255702282 0.37002320975671865
144.57743097238895 0.370059979132751
144.67346938775512 0.37009667972721544
144.76950780312126 0.370133284641084
144.8655462184874 0.3701698277095309
144.96158463385353 0.3702063679244098
145.0576230492197 0.37024292097037376
145.15366146458584 0.37027945542420804
145.24969987995198 0.3703159273491652
145.34573829531814 0.3703522983474278
145.44177671068428 0.37038854270343546
145.53781512605042 0.37042466146156183
145.63385354141658 0.3704606796623485
145.72989195678272 0.3704966044806452
145.82593037214886 0.37053240245986385
145.921968787515 0.3705680281952977
146.01800720288117 0.3706034857104653
146.1140456182473 0.3706388310558796
146.21008403361344 0.37067411976597575
146.3061224489796 0.37070937659023784
146.40216086434575 0.3707446008228099
146.49819927971188 0.3707797790442201
146.59423769507805 0.37081488941321006
146.6902761104442 0.37084992910964454
146.78631452581033 0.37088493089446917
146.88235294117646 0.37091993901092013
146.97839135654263 0.3709549517899755
147.07442977190877 0.37098991829464384
147.1704681872749 0.37102479463412164
147.26650660264107 0.3710595798613825
147.3625450180072 0.37109430469175
147.45858343337335 0.37112900198274457
147.55462184873952 0.37116369984948405
147.65066026410565 0.3711983925904863
147.7466986794718 0.3712330212366325
147.84273709483793 0.3712675012785315
147.9387755102041 0.3713017964276191
148.03481392557023 0.37133592841941776
148.13085234093637 0.37136994856687855
148.22689075630254 0.3714039176720037
148.32292917166868 0.37143788536258476
148.4189675870348 0.37147183396833516
148.51500600240098 0.3715056742894355
148.61104441776712 0.37153932224983277
148.70708283313326 0.37157275570266446
148.8031212484994 0.3716060016774436
148.89915966386556 0.37163909509829723
148.9951980792317 0.3716720710447071
149.09123649459784 0.37170496137073855
149.187274909964 0.3717377920706485
149.28331332533014 0.371770581084866
149.37935174069628 0.37180333172648916
149.47539015606242 0.37183603226131146
149.57142857142858 0.37186866985505274
149.66746698679472 0.3719012419862995
149.76350540216086 0.3719337531932621
149.85954381752703 0.3719662033313046
149.95558223289316 0.37199858589149
150.0516206482593 0.3720309007342115
150.14765906362547 0.37206316503578507
150.2436974789916 0.3720954055736558
150.33973589435774 0.37212763079926514
150.43577430972388 0.37215982598327274
150.53181272509005 0.3721919759907832
150.6278511404562 0.37222408584904426
150.72388955582232 0.37225617404784134
150.8199279711885 0.37228824531376975
150.91596638655463 0.37232028485597274
151.01200480192077 0.3723522682824878
151.10804321728693 0.37238417100659893
151.20408163265307 0.3724159719066427
151.3001200480192 0.37244766605951435
151.39615846338535 0.3724792674436106
151.4921968787515 0.3725108002671105
151.58823529411765 0.37254229032813174
151.6842737094838 0.37257376370960693
151.78031212484996 0.3726052429606749
151.8763505402161 0.37263674578303485
151.97238895558223 0.37266827664315133
152.0684273709484 0.3726998179946757
152.16446578631454 0.372731335719168
152.26050420168067 0.3727628045100078
152.3565426170468 0.37279421479789726
152.45258103241298 0.3728255740625414
152.54861944777912 0.3728569082741472
152.64465786314526 0.37288825193626635
152.74069627851142 0.3729196020637261
152.83673469387756 0.3729509067091226
152.9327731092437 0.37298211693312106
153.02881152460984 0.37301324681133086
153.124849939976 0.3730443625314601
153.22088835534214 0.37307551324245264
153.31692677070828 0.37310671042291066
153.41296518607444 0.373137938882317
153.50900360144058 0.37316917011099965
153.60504201680672 0.37320036843296506
153.7010804321729 0.37323151851054587
153.79711884753902 0.3732626335426919
153.89315726290516 0.37329373231689833
153.9891956782713 0.3733248099595247
154.08523409363747 0.37335584319836135
154.1812725090036 0.37338682935312373
154.27731092436974 0.3734177989058509
154.3733493397359 0.3734487890901274
154.46938775510205 0.37347980850979956
154.56542617046819 0.37351083954919045
154.66146458583435 0.3735418665493548
154.7575030012005 0.37357288580761044
154.85354141656663 0.3736039018428557
154.94957983193277 0.37363492212125815
155.04561824729893 0.3736659540281786
155.14165666266507 0.3736969887828724
155.2376950780312 0.37372799586160876
155.33373349339738 0.37375894951002153
155.4297719087635 0.373789867983426
155.52581032412965 0.37382080720739086
155.62184873949582 0.373851799155521
155.71788715486196 0.37388282763676034
155.8139255702281 0.3739138497427354
155.90996398559423 0.3739448293108072
156.0060024009604 0.3739757416754413
156.10204081632654 0.37400658644887635
156.19807923169267 0.37403739259148244
156.29411764705884 0.37406819709848094
156.39015606242498 0.3740990100996583
156.48619447779112 0.37412981528317846
156.58223289315728 0.37416059656613515
156.67827130852342 0.37419134987717434
156.77430972388956 0.3742220794864852
156.8703481392557 0.3742527915971593
156.96638655462186 0.3742834922120169
157.062424969988 0.37431417549477497
157.15846338535414 0.37434481855740165
157.2545018007203 0.37437540320535684
157.35054021608644 0.37440595538059657
157.44657863145258 0.3744365384128543
157.54261704681872 0.37446716301232963
157.6386554621849 0.3744977435050065
157.73469387755102 0.3745281621215661
157.83073229291716 0.37455839217913206
157.92677070828333 0.37458850133685306
158.02280912364947 0.37461855860158255
158.1188475390156 0.3746485862057015
158.21488595438177 0.3746785754683131
158.3109243697479 0.374708519470663
158.40696278511405 0.37473841691942633
158.50300120048018 0.37476827172391236
158.59903961584635 0.3747980927118439
158.6950780312125 0.37482788462614636
158.79111644657863 0.3748576290829867
158.8871548619448 0.3748872859484962
158.98319327731093 0.3749168312782883
159.07923169267707 0.37494627906133476
159.17527010804324 0.3749756679649489
159.27130852340937 0.37500503119676465
159.3673469387755 0.375034390786668
159.46338535414165 0.37506374007127813
159.55942376950782 0.37509303320869397
159.65546218487395 0.37512221439061666
159.7515006002401 0.37515128686947186
159.84753901560626 0.37518031637369925
159.9435774309724 0.3752093570041691
160.03961584633853 0.37523840416463433
160.1356542617047 0.3752674173740401
160.23169267707084 0.37529637872048477
160.32773109243698 0.3753252999632162
160.42376950780312 0.37535420048043877
160.51980792316928 0.37538309252317625
160.61584633853542 0.37541198231194617
160.71188475390156 0.3754408736152247
160.80792316926772 0.3754697682045296
160.90396158463386 0.37549866424236356
161.0 0.3755275551570556
161.09603841536617 0.3755564356844577
161.1920768307323 0.37558531862845257
161.28811524609844 0.37561423614169887
161.38415366146458 0.3756432173250851
161.48019207683075 0.37567227167801637
161.57623049219688 0.3757013932125959
161.67226890756302 0.37573057359604717
161.7683073229292 0.3757598038436075
161.86434573829533 0.37578906382851585
161.96038415366147 0.37581831414222777
162.0564225690276 0.3758475083071537
162.15246098439377 0.37587663110584496
162.2484993997599 0.37590570352726255
162.34453781512605 0.3759347431534387
162.4405762304922 0.3759637318432693
162.53661464585835 0.3759926321960133
162.6326530612245 0.37602144431319523
162.72869147659065 0.3760502147127029
162.8247298919568 0.376078989675839
162.92076830732293 0.3761077752602268
163.01680672268907 0.3761365476007904
163.11284513805523 0.37616529289547795
163.20888355342137 0.3761940151719232
163.3049219687875 0.3762227200708036
163.40096038415368 0.3762514002448894
163.49699879951982 0.3762800437580724
163.59303721488595 0.3763086666217809
163.68907563025212 0.37633731821311317
163.78511404561826 0.37636603960902437
163.8811524609844 0.37639482418116726
163.97719087635053 0.37642362528988205
164.0732292917167 0.37645239194749613
164.16926770708284 0.37648107801132646
164.26530612244898 0.37650965563548333
164.36134453781514 0.3765381286332729
164.45738295318128 0.3765665253179568
164.55342136854742 0.37659486692295846
164.64945978391358 0.37662315962019305
164.74549819927972 0.37665139644724405
164.84153661464586 0.37667955931814234
164.937575030012 0.37670762691921006
165.03361344537817 0.3767356084157894
165.1296518607443 0.37676355074273704
165.22569027611044 0.3767914891792137
165.3217286914766 0.37681939318340485
165.41776710684275 0.3768471877042139
165.51380552220888 0.3768748632534676
165.60984393757505 0.37690250438901685
165.7058823529412 0.37693020076406825
165.80192076830733 0.3769579447278506
165.89795918367346 0.3769856478473107
165.99399759903963 0.37701324828077576
166.09003601440577 0.3770407425057815
166.1860744297719 0.377068161779158
166.28211284513807 0.377095543661199
166.3781512605042 0.37712292481289617
166.47418967587035 0.3771503128290019
166.5702280912365 0.377177678233321
166.66626650660265 0.3772049911708308
166.7623049219688 0.3772322680316796
166.85834333733493 0.37725956355048557
166.9543817527011 0.3772869115932491
167.05042016806723 0.3773143055363412
167.14645858343337 0.3773417133344377
167.24249699879954 0.3773690976584954
167.33853541416568 0.37739642191109907
167.43457382953181 0.37742367673964095
167.53061224489795 0.3774508889672677
167.62665066026412 0.37747809726928033
167.72268907563026 0.3775053180273613
167.8187274909964 0.3775325437098656
167.91476590636256 0.3775597485792451
168.0108043217287 0.37758689131796486
168.10684273709484 0.3776139401981565
168.202881152461 0.3776409101997124
168.29891956782714 0.37766785656457436
168.39495798319328 0.3776948138981295
168.49099639855942 0.3777217724400607
168.58703481392558 0.37774870627424995
168.68307322929172 0.3777756171731745
168.77911164465786 0.3778025334032299
168.87515006002403 0.37782947566913333
168.97118847539016 0.3778564429347209
169.0672268907563 0.37788341913643475
169.16326530612247 0.37791038421308226
169.2593037214886 0.37793731831963895
169.35534213685474 0.37796422509396344
169.45138055222088 0.37799114148308094
169.54741896758705 0.3780181008487972
169.6434573829532 0.37804506958429634
169.73949579831933 0.3780719518279341
169.8355342136855 0.37809867413351483
169.93157262905163 0.3781252247147571
170.02761104441777 0.37815163369572297
170.12364945978393 0.37817793704894215
170.21968787515007 0.37820417180623644
170.3157262905162 0.3782303678154457
170.41176470588235 0.3782565436790342
170.50780312124851 0.37828270517575074
170.60384153661465 0.3783088423142794
170.6998799519808 0.3783349312861622
170.79591836734696 0.37836095444278367
170.8919567827131 0.37838691060859797
170.98799519807923 0.37841281279659555
171.08403361344537 0.37843868346085807
171.18007202881154 0.3784645512604547
171.27611044417768 0.378490426162966
171.3721488595438 0.37851628602135823
171.46818727490998 0.37854209839197295
171.56422569027612 0.37856786683330274
171.66026410564226 0.37859363207833635
171.75630252100842 0.37861942532493315
171.85234093637456 0.3786452415285344
171.9483793517407 0.37867105119968747
172.04441776710684 0.3786968273303383
172.140456182473 0.37872254935650124
172.23649459783914 0.37874820671813675
172.33253301320528 0.37877380099752184
172.42857142857144 0.37879934380029223
172.52460984393758 0.3788248517196815
172.62064825930372 0.37885034491402364
172.7166866746699 0.37887583913184913
172.81272509003603 0.37890134065776016
172.90876350540216 0.3789268472891075
173.0048019207683 0.37895235094973223
173.10084033613447 0.3789778388910111
173.1968787515006 0.3790033034754538
173.29291716686674 0.37902874869334996
173.3889555822329 0.37905418683629866
173.48499399759905 0.37907962950919716
173.5810324129652 0.3791050852938877
173.67707082833135 0.37913054815052294
173.7731092436975 0.3791559893128157
173.86914765906363 0.3791813754193481
173.96518607442977 0.3792067189142007
174.06122448979593 0.37923208153493154
174.15726290516207 0.37925750259388646
174.2533013205282 0.3792829461697744
174.34933973589438 0.3793083338535303
174.4453781512605 0.3793336435901468
174.54141656662665 0.37935892267564264
174.63745498199282 0.37938421411774653
174.73349339735896 0.3794094996369664
174.8295318127251 0.37943472422827634
174.92557022809123 0.3794598762348043
175.0216086434574 0.3794849990489097
175.11764705882354 0.3795101319063487
175.21368547418967 0.3795352617299044
175.30972388955584 0.37956034040214076
175.40576230492198 0.37958534544054495
175.50180072028812 0.37961029062746793
175.59783913565425 0.37963519653459193
175.69387755102042 0.37966006533461766
175.78991596638656 0.3796848874132129
175.8859543817527 0.37970966687580116
175.98199279711886 0.37973442603514274
176.078031212485 0.3797591865695924
176.17406962785114 0.3797839526091657
176.2701080432173 0.37980871601947663
176.36614645858344 0.37983347779221693
176.46218487394958 0.3798582512041896
176.55822328931572 0.3798830265661114
176.6542617046819 0.3799077379835367
176.75030012004802 0.37993228896711373
176.84633853541416 0.3799566559124584
176.94237695078033 0.3799809096653925
177.03841536614647 0.380005140732993
177.1344537815126 0.3800293852134983
177.23049219687877 0.3800536301712653
177.3265306122449 0.3800778483908143
177.42256902761105 0.38010200807677325
177.51860744297718 0.38012609415708115
177.61464585834335 0.3801501304434141
177.7106842737095 0.3801741689287547
177.80672268907563 0.3801982392544256
177.9027611044418 0.38022233547565476
177.99879951980793 0.38024642592440827
178.09483793517407 0.3802704639861271
178.19087635054024 0.3802943986441096
178.28691476590637 0.3803182200322077
178.3829531812725 0.3803419709344045
178.47899159663865 0.3803657029076764
178.57503001200482 0.38038942592227726
178.67106842737095 0.3804131150881366
178.7671068427371 0.38043675646455277
178.86314525810326 0.3804603603281664
178.9591836734694 0.3804839438758292
179.05522208883554 0.38050751036628194
179.1512605042017 0.38053105194486897
179.24729891956784 0.3805545704090572
179.34333733493398 0.3805780830605232
179.43937575030012 0.3806015948635935
179.53541416566628 0.3806250631741767
179.63145258103242 0.38064841182510295
179.72749099639856 0.380671619541475
179.82352941176472 0.38069474812679005
179.91956782713086 0.38071787854387396
180.015606242497 0.38074102580543107
180.11164465786314 0.380764146405714
180.2076830732293 0.38078721466840443
180.30372148859544 0.3808102492412271
180.39975990396158 0.38083328372514763
180.49579831932775 0.38085632554229415
180.59183673469389 0.3808793573690689
180.68787515006002 0.3809023644424872
180.7839135654262 0.38092534469553263
180.87995198079233 0.3809483029600021
180.97599039615847 0.380971242415027
181.0720288115246 0.380994163788637
181.16806722689077 0.3810170646221504
181.2641056422569 0.3810399389788002
181.36014405762305 0.3810627774462646
181.4561824729892 0.3810855671417823
181.55222088835535 0.38110829366084353
181.6482593037215 0.3811309543796316
181.74429771908765 0.3811535638875115
181.8403361344538 0.38117614534818545
181.93637454981993 0.38119871642235514
182.03241296518607 0.38122128770502434
182.12845138055224 0.38124386075906913
182.22448979591837 0.38126642732186433
182.3205282112845 0.3812889751339616
182.41656662665068 0.3813114979159339
182.51260504201682 0.38133399592654027
182.60864345738295 0.38135647272937967
182.70468187274912 0.38137893363410796
182.80072028811526 0.3814013803758248
182.8967587034814 0.3814238015526576
182.99279711884753 0.3814461738514098
183.0888355342137 0.3814684802781281
183.18487394957984 0.38149071907168725
183.28091236494598 0.3815129027374191
183.37695078031214 0.3815350560999411
183.47298919567828 0.3815572135341136
183.56902761104442 0.3815793967194999
183.66506602641059 0.3816016032424349
183.76110444177672 0.3816238158478464
183.85714285714286 0.38164602109143375
183.953181272509 0.38166821117238664
184.04921968787517 0.38169038038975683
184.1452581032413 0.38171252324252825
184.24129651860744 0.3817346382385513
184.3373349339736 0.38175673594158654
184.43337334933975 0.38177883723401995
184.52941176470588 0.3818009460426515
184.62545018007202 0.3818230338574277
184.7214885954382 0.381845059903788
184.81752701080433 0.381867016239431
184.91356542617046 0.38188892921354967
185.00960384153663 0.3819108108728816
185.10564225690277 0.38193262983993503
185.2016806722689 0.38195433324133676
185.29771908763507 0.38197589886360994
185.3937575030012 0.3819973411484363
185.48979591836735 0.38201869490655094
185.5858343337335 0.3820400050010319
185.68187274909965 0.3820613187739255
185.7779111644658 0.382082667785578
185.87394957983193 0.38210406523430096
185.9699879951981 0.3821255081666481
186.06602641056423 0.38214697896346594
186.16206482593037 0.3821684534842675
186.25810324129654 0.3821899221755023
186.35414165666268 0.3822113919203008
186.45018007202881 0.3822328660680434
186.54621848739495 0.38225433048874985
186.64225690276112 0.38227576074865394
186.73829531812726 0.3822971425935284
186.8343337334934 0.3823184749974746
186.93037214885956 0.3823397640879115
187.0264105642257 0.3823610186777004
187.12244897959184 0.3823822441469003
187.218487394958 0.38240342500220853
187.31452581032414 0.38242452452819387
187.41056422569028 0.38244552677232707
187.50660264105642 0.38246646893762615
187.60264105642258 0.38248741477032533
187.69867947178872 0.38250837045557956
187.79471788715486 0.38252927300453704
187.89075630252103 0.38255006221356186
187.98679471788716 0.38257073901845734
188.0828331332533 0.3825913462557255
188.17887154861947 0.3826119009026705
188.2749099639856 0.3826323826164495
188.37094837935174 0.38265277284039684
188.46698679471788 0.3826730881224522
188.56302521008405 0.3826933729173215
188.6590636254502 0.3827136712859313
188.75510204081633 0.38273401916170485
188.8511404561825 0.382754412446863
188.94717887154863 0.38277477845909685
189.04321728691477 0.3827950037770103
189.1392557022809 0.3828150387630028
189.23529411764707 0.38283491903936095
189.3313325330132 0.3828547204029423
189.42737094837935 0.3828745164403014
189.52340936374551 0.3828943650285858
189.61944777911165 0.38291426290374597
189.7154861944778 0.38293413792652653
189.81152460984396 0.38295391989233374
189.9075630252101 0.3829736104512196
190.00360144057623 0.38299326562012226
190.09963985594237 0.3830129128152738
190.19567827130854 0.3830325316295506
190.29171668667468 0.3830520982175503
190.3877551020408 0.38307163132893923
190.48379351740698 0.38309117968625844
190.57983193277312 0.3831107586610749
190.67587034813926 0.3831303347965941
190.77190876350542 0.3831498663718399
190.86794717887156 0.38316934759112253
190.9639855942377 0.38318880470231836
191.06002400960384 0.3832082682405812
191.15606242497 0.3832277645540869
191.25210084033614 0.38324729796834844
191.34813925570228 0.38326683037777476
191.44417767106845 0.3832862943222233
191.54021608643458 0.38330566120390935
191.63625450180072 0.3833249604976178
191.7322929171669 0.3833442384388175
191.82833133253303 0.38336350835893784
191.92436974789916 0.3833827556194147
192.0204081632653 0.38340197769658274
192.11644657863147 0.38342119633320665
192.2124849939976 0.38344043694553037
192.30852340936374 0.3834597026094448
192.4045618247299 0.38347897678346876
192.50060024009605 0.38349824695284707
192.5966386554622 0.38351751219733715
192.69267707082835 0.383536768547138
192.7887154861945 0.38355598954198344
192.88475390156063 0.3835751326454637
192.98079231692677 0.383594183505551
193.07683073229293 0.3836131707930226
193.17286914765907 0.38363212778968164
193.2689075630252 0.3836510387916454
193.36494597839138 0.38366984825354356
193.4609843937575 0.38368854014584763
193.55702280912365 0.38370716677949
193.6530612244898 0.3837258044432148
193.74909963985596 0.38374448829177277
193.8451380552221 0.383763211569048
193.94117647058823 0.38378195388897146
194.0372148859544 0.38380069239536785
194.13325330132054 0.3838194015190659
194.22929171668667 0.38383805256145304
194.32533013205284 0.38385661722911096
194.42136854741898 0.38387509192207386
194.51740696278512 0.3838935075723874
194.61344537815125 0.3839119107933565
194.70948379351742 0.38393033326787057
194.80552220888356 0.38394878847404923
194.9015606242497 0.3839672682357089
194.99759903961586 0.38398574153417164
195.093637454982 0.3840041802836245
195.18967587034814 0.3840226032962338
195.2857142857143 0.38404106962875184
195.38175270108044 0.38405959459373235
195.47779111644658 0.38407811146892495
195.57382953181272 0.38409652661229443
195.6698679471789 0.3841148187449905
195.76590636254502 0.3841330406788256
195.86194477791116 0.38415124901014286
195.95798319327733 0.3841694698527796
196.05402160864347 0.3841877023994358
196.1500600240096 0.3842059260867277
196.24609843937577 0.3842241046733382
196.3421368547419 0.384242214743372
196.43817527010805 0.38426026026023535
196.53421368547419 0.38427826030860895
196.63025210084035 0.38429622447157086
196.7262905162065 0.38431415088062365
196.82232893157263 0.3843320351157018
196.9183673469388 0.3843498750221582
197.01440576230493 0.3843676710130985
197.11044417767107 0.3843854266037598
197.20648259303724 0.38440314857506236
197.30252100840337 0.38442084792333864
197.3985594237695 0.38443854036322483
197.49459783913565 0.38445623864389766
197.59063625450182 0.38447393556631854
197.68667466986795 0.38449160323590975
197.7827130852341 0.38450920911682274
197.87875150060026 0.3845267256685534
197.9747899159664 0.38454413496142237
198.07082833133254 0.3845614391198353
198.16686674669867 0.3845786610850846
198.26290516206484 0.38459583649782125
198.35894357743098 0.38461300853709607
198.45498199279712 0.38463021241783935
198.55102040816328 0.3846474375140314
198.64705882352942 0.38466462693175557
198.74309723889556 0.3846817412243343
198.83913565426172 0.3846988005590588
198.93517406962786 0.38471585744905
199.031212484994 0.38473292412402466
199.12725090036014 0.38474996439960557
199.2232893157263 0.3847669387089541
199.31932773109244 0.38478383546649986
199.41536614645858 0.38480066409031904
199.51140456182475 0.3848174341650031
199.60744297719089 0.3848341522242792
199.70348139255702 0.3848508261156993
199.7995198079232 0.3848674681926824
199.89555822328933 0.3848840909539819
199.99159663865547 0.3849006942308383
200.0876350540216 0.3849172639936024
200.18367346938777 0.3849337889175234
200.2797118847539 0.38495027312819124
200.37575030012005 0.38496673125900904
200.4717887154862 0.3849831723584776
200.56782713085235 0.3849995970811799
200.6638655462185 0.38501600174959866
200.75990396158466 0.38503238163925857
200.8559423769508 0.38504873382285454
200.95198079231693 0.3850650660463405
201.04801920768307 0.3850813972828552
201.14405762304924 0.3850977362238534
201.24009603841537 0.38511406300925327
201.3361344537815 0.38513033918646383
201.43217286914768 0.385146543683183
201.52821128451382 0.3851626800180585
201.62424969987995 0.38517876765862563
201.72028811524612 0.38519483430939155
201.81632653061226 0.38521090732254387
201.9123649459784 0.3852269836665455
202.00840336134453 0.3852430250554788
202.1044417767107 0.3852589970359604
202.20048019207684 0.3852749056232535
202.29651860744298 0.3852907858961906
202.39255702280914 0.38530665303735456
202.48859543817528 0.38532249187144185
202.58463385354142 0.3853382842756647
202.68067226890756 0.385354036164976
202.77671068427372 0.3853697695940296
202.87274909963986 0.3853854862297304
202.968787515006 0.38540115935097635
203.06482593037217 0.3854167638186791
203.1608643457383 0.38543230706606335
203.25690276110444 0.38544782096892505
203.3529411764706 0.38546332096624886
203.44897959183675 0.3854787958807145
203.54501800720288 0.385494227905065
203.64105642256902 0.38550961430972425
203.7370948379352 0.38552496648156137
203.83313325330133 0.38554030064043165
203.92917166866746 0.3855556351018583
204.02521008403363 0.38557098694644953
204.12124849939977 0.38558636822033654
204.2172869147659 0.38560178357893693
204.31332533013207 0.3856172199948735
204.4093637454982 0.38563264460619884
204.50540216086435 0.38564803494716815
204.6014405762305 0.3856634151797255
204.69747899159665 0.3856788446118692
204.7935174069628 0.3856943486473266
204.88955582232893 0.38570989802248007
204.9855942376951 0.38572544750823595
205.08163265306123 0.3857409846516043
205.17767106842737 0.38575652499492263
205.27370948379354 0.3857720697321351
205.36974789915968 0.3857875922395703
205.46578631452581 0.3858030655938569
205.56182472989195 0.38581849899261245
205.65786314525812 0.3858339326898222
205.75390156062426 0.3858493949674438
205.8499399759904 0.3858648872779255
205.94597839135656 0.385880399329883
206.0420168067227 0.3858959300879382
206.13805522208884 0.3859114864289419
206.234093637455 0.3859270656939045
206.33013205282114 0.38594264940753037
206.42617046818728 0.38595821479025866
206.52220888355342 0.385973751600017
206.61824729891958 0.3859892620764732
206.71428571428572 0.3860047520485911
206.81032412965186 0.386020227344822
206.90636254501803 0.3860356884639022
207.00240096038416 0.38605112239856726
207.0984393757503 0.38606650676602156
207.19447779111644 0.3860818425192405
207.2905162064826 0.3860971671437984
207.38655462184875 0.3861125288604166
207.48259303721488 0.38612794486370394
207.57863145258105 0.3861434008984832
207.6746698679472 0.3861588755542888
207.77070828331333 0.3861743508909252
207.8667466986795 0.38618981159007487
207.96278511404563 0.3862052434364849
208.05882352941177 0.38622063411021856
208.1548619447779 0.3862359803720508
208.25090036014407 0.3862512912938837
208.3469387755102 0.38626658040427814
208.44297719087635 0.38628185160560197
208.53901560624251 0.38629709948698204
208.63505402160865 0.38631232374771884
208.7310924369748 0.38632753612293474
208.82713085234096 0.38634275075277663
208.9231692677071 0.3863579659587653
209.01920768307323 0.38637316488199575
209.11524609843937 0.3863883384440673
209.21128451380554 0.38640349696548526
209.30732292917168 0.38641865146835913
209.4033613445378 0.3864337764116834
209.49939975990398 0.38644881226389044
209.59543817527012 0.3864637296649976
209.69147659063626 0.38647856379849055
209.78751500600242 0.38649337704462566
209.88355342136856 0.3865081802648984
209.9795918367347 0.3865229292166638
210.07563025210084 0.38653758627886997
210.171668667467 0.3865521554226702
210.26770708283314 0.3865666682936638
210.36374549819928 0.38658115268746257
210.45978391356545 0.38659562713995005
210.55582232893158 0.3866100882368281
210.65186074429772 0.38662450311579044
210.7478991596639 0.38663883048218367
210.84393757503003 0.38665306962037266
210.93997599039616 0.38666726271831314
211.0360144057623 0.38668144314102715
211.13205282112847 0.3866956029942169
211.2280912364946 0.386709714239407
211.32412965186074 0.3867237816171327
211.4201680672269 0.38673784667179284
211.51620648259305 0.38675194062348633
211.6122448979592 0.3867660532677671
211.70828331332532 0.3867801500652276
211.8043217286915 0.386794217715489
211.90036014405763 0.3868082696277265
211.99639855942377 0.38682232286781615
212.09243697478993 0.3868363821507306
212.18847539015607 0.38685044312918765
212.2845138055222 0.3868645022432193
212.38055222088838 0.3868785584005407
212.4765906362545 0.3868926132106814
212.57262905162065 0.38690667115212724
212.6686674669868 0.3869207357473021
212.76470588235296 0.38693479853457285
212.8607442977191 0.3869488380864453
212.95678271308523 0.3869628347746114
213.0528211284514 0.386976782096784
213.14885954381754 0.38699068402467657
213.24489795918367 0.38700454605290524
213.34093637454984 0.38701837374018644
213.43697478991598 0.38703217652653676
213.53301320528212 0.3870459708082957
213.62905162064826 0.38705977281618914
213.72509003601442 0.38707357542375376
213.82112845138056 0.38708734569237085
213.9171668667467 0.3871010630338001
214.01320528211286 0.38711475152872493
214.109243697479 0.3871284611190231
214.20528211284514 0.38714220016136225
214.3013205282113 0.38715592420553846
214.39735894357744 0.38716959438354437
214.49339735894358 0.3871832293561658
214.58943577430972 0.3871968845274755
214.6854741896759 0.3872105707428353
214.78151260504202 0.3872242388349506
214.87755102040816 0.3872378372925743
214.97358943577433 0.38725136615246086
215.06962785114047 0.3872648639017846
215.1656662665066 0.38727834975423925
215.26170468187277 0.38729181105057275
215.3577430972389 0.3873052284552937
215.45378151260505 0.3873186006887655
215.54981992797119 0.3873319417711047
215.64585834333735 0.3873452657349879
215.7418967587035 0.3873585827792331
215.83793517406963 0.3873718993072606
215.9339735894358 0.3873852179667477
216.03001200480193 0.38739853809455504
216.12605042016807 0.3874118576050609
216.2220888355342 0.38742517363712203
216.31812725090037 0.38743848639488454
216.4141656662665 0.38745180330692663
216.51020408163265 0.38746513388878456
216.60624249699882 0.38747846563822874
216.70228091236496 0.3874917584228302
216.7983193277311 0.38750497909441906
216.89435774309726 0.38751814086234593
216.9903961584634 0.3875312922220803
217.08643457382954 0.3875444539212132
217.18247298919567 0.38755760132054456
217.27851140456184 0.3875707015547078
217.37454981992798 0.38758375793915534
217.47058823529412 0.3875968036411753
217.56662665066028 0.3876098565266212
217.66266506602642 0.3876229055149363
217.75870348139256 0.3876359315507444
217.85474189675872 0.3876489339375153
217.95078031212486 0.38766192818787387
218.046818727491 0.3876749255853009
218.14285714285714 0.38768792653499384
218.2388955582233 0.38770092688534213
218.33493397358944 0.3877139262725445
218.43097238895558 0.3877269274500567
218.52701080432175 0.3877399292551227
218.62304921968789 0.3877529242032299
218.71908763505402 0.3877659016071589
218.8151260504202 0.38777885190457195
218.91116446578633 0.387791769027257
219.00720288115247 0.38780466271711217
219.1032412965186 0.3878175626197856
219.19927971188477 0.38783049365050387
219.2953181272509 0.38784344008764016
219.39135654261705 0.3878563506731602
219.4873949579832 0.387869189142921
219.58343337334935 0.3878819538398176
219.6794717887155 0.3878946658323115
219.77551020408166 0.38790735064058035
219.8715486194478 0.3879200338850578
219.96758703481393 0.38793272234509635
220.06362545018007 0.38794539639910924
220.15966386554624 0.38795802858598927
220.25570228091237 0.38797061354984536
220.3517406962785 0.3879831673882225
220.44777911164468 0.3879957035242288
220.54381752701082 0.3880082222738139
220.63985594237695 0.38802071834054747
220.7358943577431 0.3880331935920688
220.83193277310926 0.3880456559284123
220.9279711884754 0.3880581012381543
221.02400960384153 0.3880705052963186
221.1200480192077 0.388082841793685
221.21608643457384 0.388095114568168
221.31212484993998 0.38810735724564577
221.40816326530614 0.38811960335106016
221.50420168067228 0.38813187181911235
221.60024009603842 0.3881441670300049
221.69627851140456 0.38815647905555767
221.79231692677072 0.38816878559122564
221.88835534213686 0.3881810683709034
221.984393757503 0.3881933215286981
222.08043217286917 0.388205548989367
222.1764705882353 0.38821775917707646
222.27250900360144 0.38822996359595724
222.3685474189676 0.3882421695016081
222.46458583433375 0.3882543759562445
222.56062424969988 0.3882665731057753
222.65666266506602 0.388278740753394
222.7527010804322 0.3882908506863222
222.84873949579833 0.38830289119359235
222.94477791116446 0.3883148808502266
223.04081632653063 0.3883268506112258
223.13685474189677 0.38833880417314665
223.2328931572629 0.3883507168089004
223.32893157262907 0.38836257817811703
223.4249699879952 0.3883744177230593
223.52100840336135 0.3883862804512355
223.6170468187275 0.3883981701259668
223.71308523409365 0.38841004579015953
223.8091236494598 0.38842187241567855
223.90516206482593 0.38843365258047724
224.0012004801921 0.38844541058169596
224.09723889555823 0.38845715248077084
224.19327731092437 0.38846886219197274
224.28931572629054 0.3884805262157543
224.38535414165668 0.38849214991312064
224.48139255702282 0.3885037497489571
224.57743097238895 0.38851533258169263
224.67346938775512 0.388526893491292
224.76950780312126 0.38853843008610167
224.8655462184874 0.388549952399358
224.96158463385356 0.3885614757850796
225.0576230492197 0.38857300106931947
225.15366146458584 0.3885845126944037
225.24969987995198 0.3885959991673308
225.34573829531814 0.3886074679352607
225.44177671068428 0.3886189368234506
225.53781512605042 0.38863040849075764
225.63385354141658 0.3886418666028452
225.72989195678272 0.3886532866281663
225.82593037214886 0.38866464409887075
225.92196878751503 0.38867591880782304
226.01800720288117 0.38868710690317565
226.1140456182473 0.3886982220419525
226.21008403361344 0.3887092773185028
226.3061224489796 0.388720270742096
226.40216086434575 0.38873119288728913
226.49819927971188 0.38874205273780366
226.59423769507805 0.38875288156231386
226.6902761104442 0.3887637105905305
226.78631452581033 0.3887745521631422
226.8823529411765 0.38878540197818334
226.97839135654263 0.38879624871181206
227.07442977190877 0.38880707672292175
227.1704681872749 0.3888178785478802
227.26650660264107 0.38882866598325067
227.3625450180072 0.3888394605079879
227.45858343337335 0.38885025756372205
227.55462184873952 0.3888610202959549
227.65066026410565 0.38887171498482226
227.7466986794718 0.388882344056866
227.84273709483796 0.3888929343664489
227.9387755102041 0.38890348796650365
228.03481392557023 0.38891397231140057
228.13085234093637 0.3889243617266378
228.22689075630254 0.388934677992709
228.32292917166868 0.38894497698973446
228.4189675870348 0.3889552882842446
228.51500600240098 0.3889656011333244
228.61104441776712 0.38897589250696835
228.70708283313326 0.38898615589223495
228.80312124849942 0.3889963982290359
228.89915966386556 0.3890066213110832
228.9951980792317 0.3890168174153884
229.09123649459784 0.3890269843095284
229.187274909964 0.38903714145438983
229.28331332533014 0.3890473215059461
229.37935174069628 0.389057528503881
229.47539015606245 0.3890677273670586
229.57142857142858 0.389077879952642
229.66746698679472 0.3890879859505372
229.76350540216086 0.3890980765884904
229.85954381752703 0.38910817419327864
229.95558223289316 0.3891182805186067
230.0516206482593 0.3891283876363458
230.14765906362547 0.3891384909138653
230.2436974789916 0.38914858985696543
230.33973589435774 0.3891586885345413
230.4357743097239 0.38916879538590216
230.53181272509005 0.3891789115456892
230.6278511404562 0.389189016231217
230.72388955582232 0.389199072012177
230.8199279711885 0.3892090578235409
230.91596638655463 0.3892189795653992
231.01200480192077 0.38922885583088296
231.10804321728693 0.3892386991273186
231.20408163265307 0.3892485156976976
231.3001200480192 0.3892583117313602
231.39615846338538 0.38926809551279934
231.4921968787515 0.38927787611924125
231.58823529411765 0.38928766161736905
231.6842737094838 0.3892974571719141
231.78031212484996 0.38930725451769305
231.8763505402161 0.38931702842890403
231.97238895558223 0.38932675537018785
232.0684273709484 0.3893364406006789
232.16446578631454 0.3893461143868425
232.26050420168067 0.3893557944534636
232.35654261704684 0.3893654714749655
232.45258103241298 0.38937511885316123
232.54861944777912 0.3893847077027951
232.64465786314526 0.3893942111938894
232.74069627851142 0.389403625272791
232.83673469387756 0.38941297689860127
232.9327731092437 0.389422303524842
233.02881152460986 0.3894316201003829
233.124849939976 0.38944091935192987
233.22088835534214 0.38945019507505124
233.3169267707083 0.38945945221662487
233.41296518607444 0.3894687030942851
233.50900360144058 0.3894779609386994
233.60504201680672 0.38948723822044823
233.7010804321729 0.3894965386803328
233.79711884753902 0.3895058537575789
233.89315726290516 0.38951517003068026
233.98919567827133 0.3895244824800097
234.08523409363747 0.3895337945714863
234.1812725090036 0.3895431079147867
234.27731092436974 0.38955241734062096
234.3733493397359 0.3895617188605768
234.46938775510205 0.3895710246236676
234.56542617046819 0.3895803615235753
234.66146458583435 0.38958974514756844
234.7575030012005 0.38959916657949767
234.85354141656663 0.3896086005441288
234.9495798319328 0.3896180216626088
235.04561824729893 0.38962740870336776
235.14165666266507 0.3896367660714601
235.2376950780312 0.3896461351557886
235.33373349339738 0.38965556772684623
235.4297719087635 0.3896650704914035
235.52581032412965 0.3896746033495611
235.62184873949582 0.3896841296530372
235.71788715486196 0.38969364448814786
235.8139255702281 0.389703160825904
235.90996398559426 0.38971267852885133
236.0060024009604 0.38972218218376303
236.10204081632654 0.38973166120788366
236.19807923169267 0.3897411217544479
236.29411764705884 0.38975057920491024
236.39015606242498 0.3897600404934853
236.48619447779112 0.38976950152856804
236.58223289315728 0.38977894613050074
236.67827130852342 0.389788345412819
236.77430972388956 0.38979767224303313
236.87034813925573 0.3898069364381647
236.96638655462186 0.38981618620079944
237.062424969988 0.3898254627173198
237.15846338535414 0.3898347703680015
237.2545018007203 0.38984408769659784
237.35054021608644 0.38985339689875287
237.44657863145258 0.3898626883007196
237.54261704681875 0.38987195798725716
237.6386554621849 0.38988120616041555
237.73469387755102 0.38989043495155523
237.8307322929172 0.3898996425820702
237.92677070828333 0.38990882320210407
238.02280912364947 0.3899179781074445
238.1188475390156 0.3899271238718989
238.21488595438177 0.3899362850034499
238.3109243697479 0.3899454724100506
238.40696278511405 0.3899546800246649
238.5030012004802 0.3899638914688438
238.59903961584635 0.3899730851380124
238.6950780312125 0.38998223937125354
238.79111644657863 0.3899913476922002
238.8871548619448 0.39000042015816333
238.98319327731093 0.3900094591889474
239.07923169267707 0.3900184402029969
239.17527010804324 0.39002732765836445
239.27130852340937 0.39003612804543186
239.3673469387755 0.3900448975195801
239.46338535414168 0.39005369156783243
239.55942376950782 0.3900625226353167
239.65546218487395 0.39007136873268433
239.7515006002401 0.3900802069813739
239.84753901560626 0.39008902105702487
239.9435774309724 0.39009780801006977
240.03961584633853 0.39010658429717193
240.1356542617047 0.3901153739431667
240.23169267707084 0.39012416549646406
240.32773109243698 0.390132905045247
240.42376950780314 0.3901415493158948
240.51980792316928 0.3901501149990363
240.61584633853542 0.3901586619635439
240.71188475390156 0.39016722272684934
240.80792316926772 0.3901757857914058
240.90396158463386 0.390184295645272
241.0 0.3901926527627149
