1.0 0.24724
1.0960384153661464 0.2469112472687832
1.1920768307322929 0.24658342420250845
1.2881152460984393 0.2462563231456793
1.3841536614645857 0.24593004814324967
1.4801920768307322 0.24560519704219197
1.5762304921968788 0.24528251657863315
1.6722689075630253 0.24496240125150115
1.7683073229291717 0.24464486709318847
1.8643457382953181 0.24432962933112598
1.9603841536614646 0.24401613893644494
2.0564225690276112 0.2437039034634587
2.1524609843937577 0.24339297703908766
2.248499399759904 0.2430839150301563
2.3445378151260505 0.24277719896372632
2.440576230492197 0.24247300226718282
2.5366146458583434 0.24217137973626732
2.63265306122449 0.2418725727924128
2.7286914765906363 0.24157700799983667
2.8247298919567827 0.24128509226204797
2.920768307322929 0.24099712324510747
3.0168067226890756 0.2407132498920393
3.112845138055222 0.24043340592141127
3.2088835534213684 0.24015736785493316
3.3049219687875153 0.23988524168913616
3.4009603841536618 0.23961768103913605
3.496998799519808 0.23935547302336668
3.5930372148859546 0.2390987999302428
3.689075630252101 0.23884721504134587
3.7851140456182475 0.2386000510059917
3.881152460984394 0.23835662136231428
3.9771908763505404 0.23811661948145643
4.073229291716687 0.23788086442126144
4.169267707082833 0.237651138823728
4.26530612244898 0.23742810671307593
4.3613445378151265 0.2372102649346585
4.4573829531812725 0.23699533539682313
4.5534213685474185 0.2367830261151476
4.649459783913565 0.2365751645604105
4.745498199279712 0.2363739914222864
4.841536614645858 0.23618124256866882
4.937575030012005 0.23599782184003554
5.033613445378151 0.23582313637052923
5.129651860744298 0.23565521097229616
5.225690276110444 0.2354925924177663
5.321728691476591 0.23533542130424115
5.417767106842737 0.2351847107579717
5.513805522208884 0.23504074138658543
5.609843937575031 0.23490295176551257
5.705882352941177 0.23477100624716735
5.8019207683073235 0.2346454271872143
5.8979591836734695 0.23452690763502443
5.993997599039616 0.23441470352657967
6.090036014405762 0.23430663802377172
6.186074429771909 0.23420166158219352
6.282112845138055 0.2341014492138694
6.378151260504202 0.23400895013684272
6.474189675870348 0.2339247938219645
6.570228091236495 0.23384701551370052
6.666266506602641 0.23377417290563568
6.762304921968788 0.233707395511177
6.858343337334934 0.23364927227134852
6.954381752701081 0.23360089788477442
7.050420168067227 0.23356149331570827
7.146458583433374 0.23352953361311846
7.2424969987995205 0.2335035296764939
7.3385354141656665 0.23348245381042868
7.434573829531813 0.2334668554595014
7.530612244897959 0.23345888381965468
7.626650660264106 0.23346002184538187
7.722689075630252 0.23346943714266374
7.818727490996399 0.23348484664854913
7.914765906362545 0.23350510634117203
8.010804321728692 0.23353060900947037
8.106842737094837 0.233562334930995
8.202881152460986 0.2336011248670152
8.29891956782713 0.23364729826547756
8.394957983193278 0.23369954924825215
8.490996398559425 0.23375491769596002
8.58703481392557 0.23381166804639553
8.683073229291717 0.23387160574431076
8.779111644657863 0.23393894302274415
8.87515006002401 0.2340164469754917
8.971188475390157 0.23410469790267988
9.067226890756302 0.23420260088315004
9.16326530612245 0.23430781800465122
9.259303721488596 0.2344171482681951
9.355342136854743 0.23452777327019958
9.451380552220888 0.23463759604059886
9.547418967587035 0.23474663907152826
9.643457382953182 0.23485828687432173
9.739495798319329 0.23497758034397767
9.835534213685474 0.2351049309691976
9.93157262905162 0.23523500122419355
10.027611044417768 0.23536268444724692
10.123649459783914 0.23548868878823342
10.219687875150061 0.2356183405633014
10.315726290516206 0.2357562150417054
10.411764705882353 0.23590483660813555
10.5078031212485 0.2360641462417487
10.603841536614647 0.23623097838070284
10.699879951980792 0.236400094738286
10.795918367346939 0.23656844011889586
10.891956782713086 0.23673617017147042
10.987995198079233 0.2369055747521932
11.084033613445378 0.23707996826694133
11.180072028811525 0.23726298118144265
11.276110444177672 0.2374557573491701
11.372148859543818 0.23765631832085057
11.468187274909964 0.2378625510137712
11.56422569027611 0.23807544310572276
11.660264105642257 0.23829802385550825
11.756302521008404 0.23852985173397162
11.852340936374551 0.23876560492964835
11.948379351740696 0.23899940009318965
12.044417767106843 0.2392297075545106
12.14045618247299 0.23945880720622748
12.236494597839137 0.23968889908699365
12.332533013205282 0.23992097117082134
12.428571428571429 0.24015567582510505
12.524609843937576 0.2403943778665044
12.620648259303723 0.2406388159627081
12.716686674669868 0.2408890787337821
12.812725090036015 0.24114302353108164
12.908763505402161 0.24139838169082173
13.004801920768308 0.24165540351779893
13.100840336134453 0.24191646709434989
13.1968787515006 0.24218307297574404
13.292917166866747 0.24245486110711242
13.388955582232894 0.2427303818536762
13.484993997599041 0.24300811532399283
13.581032412965186 0.24328680912489759
13.677070828331333 0.24356699688778646
13.77310924369748 0.24385148712681304
13.869147659063627 0.24414319667283452
13.965186074429772 0.24444214347665197
14.061224489795919 0.2447457045104772
14.157262905162066 0.2450515183320457
14.253301320528212 0.24535855771746734
14.349339735894358 0.24566676611402696
14.445378151260504 0.24597652372064685
14.541416566626651 0.24628862854974334
14.637454981992798 0.2466044393265124
14.733493397358943 0.24692591577613082
14.82953181272509 0.24725465362019394
14.925570228091237 0.24759040437313373
15.021608643457384 0.24793127556104472
15.11764705882353 0.2482759515913528
15.213685474189676 0.24862459935835887
15.309723889555823 0.24897783721701242
15.40576230492197 0.24933506582190154
15.501800720288117 0.2496944320330378
15.597839135654262 0.2500536729222426
15.693877551020408 0.2504104992284156
15.789915966386555 0.25076376031373754
15.885954381752702 0.25111541703960627
15.981992797118847 0.251470117140078
16.078031212484994 0.2518304609943616
16.17406962785114 0.2521948472683481
16.270108043217288 0.2525601669641059
16.366146458583433 0.2529266397656993
16.46218487394958 0.25329779684270337
16.558223289315727 0.25367623606306866
16.654261704681872 0.25406157010119423
16.75030012004802 0.25445156797421087
16.846338535414166 0.2548443316923841
16.942376950780314 0.25523854661918866
17.03841536614646 0.25563356330915854
17.134453781512605 0.25602943911490034
17.230492196878753 0.2564267789136914
17.3265306122449 0.2568264174002435
17.422569027611043 0.2572292721113218
17.518607442977192 0.25763533311135056
17.614645858343337 0.25804312325681406
17.710684273709486 0.25845062359404963
17.80672268907563 0.2588572169425436
17.902761104441776 0.2592637983776239
17.998799519807925 0.2596714463448196
18.09483793517407 0.2600806690718264
18.19087635054022 0.2604913624866298
18.286914765906364 0.26090273861702884
18.38295318127251 0.26131349147983707
18.478991596638657 0.2617236448527822
18.575030012004802 0.2621356498710139
18.671068427370948 0.26255273640119775
18.767106842737096 0.26297505461803244
18.86314525810324 0.2633994396350966
18.95918367346939 0.2638229467046415
19.055222088835535 0.2642450689650995
19.15126050420168 0.26466715970737437
19.24729891956783 0.2650909284636331
19.343337334933974 0.2655182206711936
19.439375750300123 0.265951068523471
19.535414165666268 0.26639172312177367
19.631452581032413 0.2668418894991806
19.72749099639856 0.2673007535088064
19.823529411764707 0.2677648693493528
19.91956782713085 0.2682308214033121
20.015606242497 0.26869707193026593
20.111644657863145 0.26916370715533783
20.207683073229294 0.2696316357456136
20.30372148859544 0.2701024078315326
20.399759903961584 0.27057755550033397
20.495798319327733 0.2710581111849078
20.591836734693878 0.2715442838070481
20.687875150060023 0.27203456303594675
20.78391356542617 0.27252574670396823
20.879951980792317 0.27301578543332644
20.975990396158466 0.2735059647849412
21.07202881152461 0.27399950956058583
21.168067226890756 0.2744971587668438
21.264105642256904 0.27499655956022134
21.36014405762305 0.275496069870773
21.456182472989198 0.27599782331503053
21.552220888355343 0.27650616414091583
21.64825930372149 0.27702232242960395
21.744297719087637 0.2775435417074108
21.840336134453782 0.27806658753996477
21.936374549819927 0.2785907185790453
22.032412965186076 0.279116895797839
22.12845138055222 0.27964476394515014
22.22448979591837 0.2801721642819914
22.320528211284515 0.28069806719169826
22.41656662665066 0.281225181670731
22.51260504201681 0.28175843931497496
22.608643457382954 0.2822991995746292
22.704681872749102 0.282844117792936
22.800720288115247 0.2833887840597595
22.896758703481392 0.2839311238926928
22.99279711884754 0.28447130183970665
23.088835534213686 0.28501083941576766
23.18487394957983 0.28555232261242197
23.28091236494598 0.28609749266191936
23.376950780312125 0.2866453719073426
23.472989195678274 0.2871932081244934
23.56902761104442 0.2877406085257999
23.665066026410564 0.2882904476674351
23.761104441776713 0.2888455326738363
23.857142857142858 0.2894051650541948
23.953181272509003 0.28996604269333187
24.04921968787515 0.29052679832059447
24.145258103241297 0.2910891193096605
24.241296518607445 0.29165528018744474
24.33733493397359 0.29222547016601896
24.433373349339735 0.2927981221194137
24.529411764705884 0.29337201474044744
24.62545018007203 0.2939468569193722
24.721488595438178 0.29452304153924197
24.817527010804323 0.29510136498796763
24.913565426170468 0.2956828804663485
25.009603841536617 0.2962682670314381
25.10564225690276 0.29685764091198114
25.201680672268907 0.2974505619483602
25.297719087635056 0.29804604171231797
25.3937575030012 0.2986427848248572
25.48979591836735 0.2992404094964819
25.585834333733494 0.2998398097739768
25.68187274909964 0.3004422793953242
25.777911164465788 0.3010484110939956
25.873949579831933 0.3016579204124045
25.969987995198082 0.30226908874870734
26.066026410564227 0.30287862544792216
26.162064825930372 0.30348370822551135
26.25810324129652 0.30408467489584035
26.354141656662666 0.30468470980466594
26.45018007202881 0.30528698461386383
26.54621848739496 0.3058936379058699
26.642256902761105 0.30650511098727073
26.738295318127253 0.3071192309535145
26.8343337334934 0.30773179765981123
26.930372148859544 0.30834054401327876
27.026410564225692 0.3089465845090073
27.122448979591837 0.30955304999376176
27.218487394957986 0.3101630911777818
27.31452581032413 0.3107794466917986
27.410564225690276 0.31140270107128326
27.506602641056425 0.31203063549701626
27.60264105642257 0.3126604505081116
27.698679471788715 0.31329217522243424
27.794717887154864 0.31392831495544166
27.89075630252101 0.3145694859752262
27.986794717887157 0.3152126485790167
28.082833133253303 0.315853965678849
28.178871548619448 0.3164934200718128
28.274909963985596 0.31713457233450754
28.37094837935174 0.31777976755973714
28.466986794717887 0.3184280656134222
28.563025210084035 0.3190770998982174
28.65906362545018 0.3197262461653779
28.75510204081633 0.3203765665074167
28.851140456182474 0.3210280209613544
28.94717887154862 0.3216782027400422
29.043217286914768 0.32232414072248206
29.139255702280913 0.3229655276339471
29.23529411764706 0.3236047086629484
29.331332533013207 0.32424383963077125
29.42737094837935 0.32488351330091836
29.5234093637455 0.32552319009296915
29.619447779111646 0.3261620269227527
29.71548619447779 0.32679904807309873
29.81152460984394 0.3274338360950044
29.907563025210084 0.3280668847672086
30.003601440576233 0.32869950555910005
30.099639855942378 0.32933363438791213
30.195678271308523 0.3299715849021409
30.291716686674672 0.3306139854945762
30.387755102040817 0.33125868171723283
30.483793517406966 0.33190291986594844
30.57983193277311 0.33254791636416586
30.675870348139256 0.3331988106799836
30.771908763505404 0.3338585474902881
30.86794717887155 0.33452442826803236
30.963985594237695 0.3351912793042836
31.060024009603843 0.33585849721438094
31.15606242496999 0.3365303083136295
31.252100840336137 0.3372086154227945
31.348139255702282 0.33788875106148236
31.444177671068427 0.33856336091624556
31.540216086434576 0.33923152772495657
31.63625450180072 0.33989939579841677
31.732292917166866 0.3405726247346324
31.828331332533015 0.3412516682001465
31.92436974789916 0.341933501095357
32.02040816326531 0.34261602489625154
32.116446578631454 0.3432986512172559
32.2124849939976 0.34398137889861047
32.308523409363744 0.34466418633137763
32.404561824729896 0.3453467869760311
32.50060024009604 0.34602802893842943
32.596638655462186 0.34670603282118595
32.69267707082833 0.34738119465406925
32.78871548619448 0.3480582632734158
32.88475390156063 0.34874371351533345
32.98079231692677 0.3494384893426963
33.07683073229292 0.3501371766150984
33.172869147659064 0.3508335896251391
33.26890756302521 0.35152483615029745
33.36494597839136 0.35221099003077216
33.460984393757506 0.3528938706642576
33.55702280912365 0.35357665517447423
33.6530612244898 0.35426129921510585
33.74909963985594 0.35494656440984557
33.84513805522209 0.3556293396260091
33.94117647058824 0.35630880810369814
34.037214885954384 0.35698706120838664
34.13325330132053 0.35766626448900507
34.229291716686674 0.3583463809771506
34.32533013205282 0.3590259413114641
34.42136854741897 0.3597047250324752
34.51740696278512 0.36038422560804284
34.61344537815126 0.3610663856675646
34.70948379351741 0.36175252969808447
34.80552220888355 0.3624434140745996
34.901560624249704 0.3631395133197128
34.99759903961585 0.3638410414382404
35.093637454981994 0.36454723666900213
35.18967587034814 0.3652557268248058
35.285714285714285 0.3659631735760676
35.38175270108044 0.3666676667375273
35.47779111644658 0.3673692316991176
35.57382953181273 0.36806918240301806
35.66986794717887 0.3687695189074189
35.76590636254502 0.36947253956592474
35.86194477791116 0.3701794555658764
35.957983193277315 0.3708900843896797
36.05402160864346 0.37160338082032784
36.150060024009605 0.37231795632991344
36.24609843937575 0.3730324251342915
36.342136854741895 0.37374670505154084
36.43817527010805 0.3744622871873113
36.53421368547419 0.37518081042385826
36.63025210084034 0.3759025966982536
36.72629051620648 0.3766266537356245
36.82232893157263 0.37735098188545496
36.91836734693878 0.37807271122461605
37.014405762304925 0.3787896304888892
37.11044417767107 0.3795018369394307
37.206482593037215 0.380211384540415
37.30252100840336 0.38092031803130155
37.39855942376951 0.381630102902881
37.49459783913566 0.3823410860210134
37.5906362545018 0.38305188483323904
37.68667466986795 0.38375998187923643
37.78271308523409 0.38446471651364644
37.878751500600245 0.3851680867146677
37.97478991596639 0.3858718879122742
38.070828331332535 0.3865743067260733
38.16686674669868 0.38727086005835265
38.262905162064826 0.3879601410769632
38.35894357743097 0.38864551753511245
38.45498199279712 0.38933124116364065
38.55102040816327 0.3900175810357183
38.64705882352941 0.39070161846596035
38.74309723889556 0.3913831401711573
38.8391356542617 0.3920664837792561
38.935174069627855 0.39275608433274906
39.031212484994 0.39345062158423244
39.127250900360146 0.3941439944201555
39.22328931572629 0.39483310493349044
39.319327731092436 0.39552049547009477
39.41536614645859 0.39621017304072464
39.51140456182473 0.396901838744006
39.60744297719088 0.39759139318273673
39.70348139255702 0.39827651375407225
39.79951980792317 0.3989586847545703
39.89555822328932 0.3996414290546341
39.991596638655466 0.4003277347735081
40.08763505402161 0.4010196685368964
40.183673469387756 0.4017172137204326
40.2797118847539 0.40241784731063945
40.375750300120046 0.40311846944704743
40.4717887154862 0.40381834963078406
40.56782713085234 0.4045190044884222
40.66386554621849 0.4052216849644316
40.759903961584634 0.40592634717799686
40.85594237695078 0.40663205658178564
40.95198079231693 0.40733764293039815
41.048019207683076 0.4080419041181417
41.14405762304922 0.40874464031309876
41.240096038415366 0.40944709507739024
41.33613445378151 0.4101512284794329
41.432172869147664 0.4108584861429946
41.52821128451381 0.4115695911100986
41.624249699879954 0.41228387410442296
41.7202881152461 0.41299898043305305
41.816326530612244 0.4137122547081411
41.912364945978396 0.4144232029544215
42.00840336134454 0.41513350898098955
42.104441776710686 0.4158450988163418
42.20048019207683 0.4165592033547139
42.29651860744298 0.4172759733121008
42.39255702280912 0.4179937733384954
42.488595438175274 0.418709538955712
42.58463385354142 0.4194225183222807
42.680672268907564 0.4201361544532208
42.77671068427371 0.420855238227811
42.872749099639854 0.42158027421486033
42.96878751500601 0.422307355939443
43.06482593037215 0.4230330898203685
43.1608643457383 0.42375722330325744
43.25690276110444 0.4244814242380558
43.35294117647059 0.4252066943964234
43.44897959183674 0.42593308609301345
43.545018007202884 0.4266600799734874
43.64105642256903 0.4273867988317566
43.737094837935174 0.4281123187782606
43.83313325330132 0.4288363437587345
43.92917166866747 0.4295592408176672
44.02521008403362 0.4302814706694279
44.12124849939976 0.4310032514842993
44.21728691476591 0.43172485628811086
44.31332533013205 0.4324473074929303
44.409363745498204 0.43317229653032735
44.50540216086435 0.43390020137671736
44.601440576230495 0.4346288543879239
44.69747899159664 0.43535518480511876
44.793517406962785 0.4360792547495427
44.88955582232893 0.4368045013741037
44.98559423769508 0.43753342277189716
45.08163265306123 0.4382647530593474
45.17767106842737 0.4389954094757873
45.27370948379352 0.43972561184625386
45.36974789915966 0.4404593105859225
45.465786314525815 0.44119928495358574
45.56182472989196 0.44194376619170483
45.657863145258105 0.4426883120084783
45.75390156062425 0.44343106567039786
45.849939975990395 0.4441734279976824
45.94597839135655 0.4449171564507642
46.04201680672269 0.44566226407759757
46.13805522208884 0.44640770316774836
46.23409363745498 0.447153455335708
46.33013205282113 0.4479007328754247
46.42617046818728 0.44864946984328413
46.522208883553425 0.4493964119304248
46.61824729891957 0.4501367799137679
46.714285714285715 0.4508694384520539
46.81032412965186 0.45159763358506
46.906362545018006 0.4523252052757029
47.00240096038416 0.45305355774763606
47.0984393757503 0.4537820299103402
47.19447779111645 0.4545093552811918
47.29051620648259 0.455234040828684
47.38655462184874 0.45595589739216436
47.48259303721489 0.4566773260740735
47.578631452581035 0.45740186086843804
47.67466986794718 0.45812911736212353
47.770708283313326 0.4588540326092769
47.86674669867947 0.4595725827584484
47.96278511404562 0.4602868308697154
48.05882352941177 0.46100290912576986
48.15486194477791 0.46172319035359777
48.25090036014406 0.4624447912965519
48.3469387755102 0.4631646397572307
48.442977190876356 0.46388417305987817
48.5390156062425 0.4646080023363897
48.635054021608646 0.46533819178849495
48.73109243697479 0.46607300156472525
48.827130852340936 0.46680896015081624
48.92316926770709 0.46754288265784194
49.01920768307323 0.46827229515053126
49.11524609843938 0.4689967907246138
49.21128451380552 0.46971829902205264
49.30732292917167 0.47043937479287645
49.403361344537814 0.47116144727341625
49.499399759903966 0.4718847553188974
49.59543817527011 0.4726084143262649
49.691476590636256 0.473330468156448
49.7875150060024 0.47404882721513164
49.883553421368546 0.47476227628981627
49.9795918367347 0.4754704391289066
50.075630252100844 0.47617339345442417
50.17166866746699 0.4768715594152037
50.267707082833134 0.47756556412462947
50.36374549819928 0.47825608876547887
50.45978391356543 0.478943779909984
50.555822328931576 0.4796288693473237
50.65186074429772 0.48031108081927054
50.747899159663866 0.48099024766704157
50.84393757503001 0.48166704474989525
50.939975990396164 0.48234290892406345
51.03601440576231 0.48301942483034355
51.132052821128454 0.4836981111151086
51.2280912364946 0.4843796349919748
51.324129651860744 0.48506283489509583
51.42016806722689 0.48574524834193356
51.51620648259304 0.48642623949278535
51.61224489795919 0.4871079710111268
51.70828331332533 0.48779297944358757
51.80432172869148 0.48848100280822526
51.90036014405762 0.4891692858454515
51.996398559423774 0.48985550851792364
52.09243697478992 0.49053880610849465
52.188475390156064 0.49121972933634606
52.28451380552221 0.4919001871459618
52.380552220888354 0.49258306536758983
52.47659063625451 0.4932699780572494
52.57262905162065 0.4939604588342593
52.6686674669868 0.49465296330505293
52.76470588235294 0.49534631989228545
52.86074429771909 0.4960397478375612
52.95678271308524 0.4967322559425551
53.052821128451384 0.4974224242559544
53.14885954381753 0.4981092788102687
53.244897959183675 0.4987936205346749
53.34093637454982 0.49947773576133
53.43697478991597 0.5001627084653408
53.53301320528212 0.5008473378180385
53.62905162064826 0.5015294605649836
53.72509003601441 0.5022080691043962
53.82112845138055 0.502883375250301
53.9171668667467 0.503555909442395
54.01320528211285 0.5042261297428716
54.109243697478995 0.5048942854584664
54.20528211284514 0.505560190880494
54.301320528211285 0.5062232491182302
54.39735894357743 0.5068827979007925
54.49339735894358 0.5075382717784357
54.58943577430973 0.5081896078391526
54.68547418967587 0.5088379606859432
54.78151260504202 0.5094855022355095
54.87755102040816 0.5101332269630704
54.973589435774315 0.5107799091958708
55.06962785114046 0.5114233535156896
55.165666266506605 0.5120627338200849
55.26170468187275 0.5126986863561931
55.357743097238895 0.5133319223459124
55.45378151260505 0.5139625315940992
55.54981992797119 0.5145906483005793
55.64585834333734 0.5152177653079877
55.74189675870348 0.5158465864304713
55.83793517406963 0.5164782962603336
55.93397358943577 0.5171111185375773
56.030012004801925 0.5177423355168783
56.12605042016807 0.5183724817314276
56.222088835534215 0.5190054079184557
56.31812725090036 0.5196438699728836
56.414165666266506 0.5202870639878353
56.51020408163266 0.5209322440466233
56.6062424969988 0.5215782998318279
56.70228091236495 0.522226039672683
56.79831932773109 0.5228762526559273
56.89435774309724 0.5235285675101827
56.99039615846339 0.5241819777157732
57.086434573829536 0.5248360792324505
57.18247298919568 0.5254911977033719
57.278511404561826 0.5261478825563402
57.37454981992797 0.5268065923377936
57.47058823529412 0.5274674483573252
57.56662665066027 0.5281296513484623
57.66266506602641 0.5287914652976426
57.75870348139256 0.5294510549042194
57.8547418967587 0.5301070332593774
57.950780312124856 0.5307589216961583
58.046818727491 0.5314082963823997
58.142857142857146 0.5320587247528524
58.23889555822329 0.5327126646862007
58.334933973589436 0.5333693381275185
58.43097238895558 0.5340257419165938
58.52701080432173 0.5346794834962325
58.62304921968788 0.5353292663295965
58.719087635054024 0.5359750642268181
58.81512605042017 0.5366182467701819
58.911164465786314 0.5372609939106543
59.007202881152466 0.5379046232984239
59.10324129651861 0.5385493436097799
59.199279711884756 0.539194970462752
59.2953181272509 0.5398414688162445
59.391356542617046 0.5404887722452747
59.4873949579832 0.5411362002154538
59.583433373349344 0.5417824029579611
59.67947178871549 0.5424262144293716
59.775510204081634 0.5430673315645597
59.87154861944778 0.5437060783027803
59.96758703481393 0.5443425960180679
60.063625450180076 0.5449767276255811
60.15966386554622 0.545608771754816
60.25570228091237 0.5462401136897868
60.35174069627851 0.5468727074491847
60.44777911164466 0.5475072725756956
60.54381752701081 0.5481430057929617
60.639855942376954 0.5487792384883657
60.7358943577431 0.549416893383222
60.831932773109244 0.5500577620246335
60.92797118847539 0.5507017644391863
61.02400960384154 0.5513464545090577
61.12004801920769 0.551989295888483
61.21608643457383 0.5526297630680304
61.31212484993998 0.5532687749770053
61.40816326530612 0.5539062710707842
61.504201680672274 0.5545406993466301
61.60024009603842 0.555170257100232
61.696278511404564 0.5557940939717422
61.79231692677071 0.5564125099170198
61.888355342136855 0.557027542205939
61.98439375750301 0.5576429904661474
62.08043217286915 0.5582615324696142
62.1764705882353 0.5588817872410045
62.27250900360144 0.5594995326417177
62.36854741896759 0.5601133797946339
62.46458583433373 0.5607261200234476
62.560624249699885 0.5613409737390113
62.65666266506603 0.5619575785438505
62.752701080432175 0.5625728559885864
62.84873949579832 0.5631857417714307
62.944777911164465 0.5637983860031762
63.04081632653062 0.5644128800948839
63.13685474189676 0.5650275797914346
63.23289315726291 0.5656380697925167
63.32893157262905 0.5662426258392946
63.4249699879952 0.5668437152686604
63.52100840336135 0.5674446744966337
63.617046818727495 0.5680457881340394
63.71308523409364 0.5686446739755555
63.809123649459785 0.5692393287586599
63.90516206482593 0.5698290640118541
64.00120048019208 0.5704141440533168
64.09723889555823 0.5709953366959648
64.19327731092437 0.5715737349241942
64.28931572629051 0.5721499635166509
64.38535414165666 0.5727239321422035
64.48139255702282 0.5732953709650931
64.57743097238895 0.5738645284016632
64.6734693877551 0.5744321925073523
64.76950780312126 0.5749995480841602
64.8655462184874 0.5755681118713181
64.96158463385353 0.5761390599281105
65.05762304921969 0.5767123073072061
65.15366146458584 0.5772866509794287
65.24969987995199 0.5778610104099215
65.34573829531813 0.5784348895328438
65.44177671068428 0.5790087465241441
65.53781512605042 0.5795845244633077
65.63385354141657 0.5801651698290593
65.72989195678272 0.580751353407045
65.82593037214886 0.5813402385989926
65.92196878751501 0.5819275631911026
66.01800720288115 0.582510791992089
66.1140456182473 0.5830893076787381
66.21008403361344 0.5836639321401866
66.3061224489796 0.5842367206247664
66.40216086434575 0.5848102615287478
66.49819927971188 0.5853865638078802
66.59423769507804 0.5859669248042806
66.69027611044417 0.5865516979046337
66.78631452581033 0.5871401933951472
66.88235294117648 0.5877307612440621
66.97839135654262 0.5883209305279494
67.07442977190877 0.588907743448251
67.1704681872749 0.5894901609834721
67.26650660264106 0.5900701337503798
67.36254501800721 0.5906507594200545
67.45858343337335 0.5912330302854807
67.5546218487395 0.5918157254092625
67.65066026410564 0.592397189673204
67.74669867947179 0.5929761875572324
67.84273709483794 0.593552221792851
67.93877551020408 0.5941261134395134
68.03481392557023 0.5946998079994928
68.13085234093637 0.5952741965869116
68.22689075630252 0.59584802930234
68.32292917166868 0.5964192790036252
68.41896758703481 0.5969878172368096
68.51500600240097 0.5975553812090243
68.6110444177671 0.5981224836709815
68.70708283313326 0.5986867853999831
68.80312124849941 0.5992448495062086
68.89915966386555 0.5997957756928901
68.9951980792317 0.6003414098877965
69.09123649459784 0.6008840601483074
69.18727490996399 0.6014252211886323
69.28331332533014 0.6019655268737325
69.37935174069628 0.6025046777748475
69.47539015606243 0.603041531778275
69.57142857142857 0.6035751331543175
69.66746698679472 0.6041053173117804
69.76350540216087 0.6046327516622314
69.85954381752701 0.6051590109723807
69.95558223289316 0.6056864365789895
70.0516206482593 0.6062164760875159
70.14765906362545 0.606748659333622
70.2436974789916 0.6072812244112591
70.33973589435774 0.6078126603846886
70.4357743097239 0.6083419743198643
70.53181272509003 0.6088691579527232
70.62785114045619 0.6093954891093097
70.72388955582232 0.6099227405360172
70.81992797118848 0.6104511588916801
70.91596638655463 0.6109793609307282
71.01200480192077 0.6115070028570252
71.10804321728692 0.6120366012344453
71.20408163265306 0.6125717332135822
71.30012004801921 0.6131121206634069
71.39615846338536 0.613653157926875
71.4921968787515 0.6141905407754021
71.58823529411765 0.6147235904261765
71.68427370948379 0.6152544842470338
71.78031212484994 0.6157858728081549
71.8763505402161 0.6163203604975682
71.97238895558223 0.6168590379523582
72.06842737094838 0.6174003750820821
72.16446578631452 0.6179414146417157
72.26050420168067 0.6184814209766354
72.35654261704683 0.619022350844925
72.45258103241297 0.6195655965929957
72.54861944777912 0.6201094034258285
72.64465786314526 0.6206500913013373
72.74069627851141 0.6211861388983531
72.83673469387756 0.6217188271759816
72.9327731092437 0.6222495179904035
73.02881152460985 0.6227773865345364
73.12484993997599 0.6233001168067974
73.22088835534214 0.6238164553457379
73.31692677070829 0.6243267266522419
73.41296518607443 0.6248325214792768
73.50900360144058 0.6253364238820303
73.60504201680672 0.6258411351805913
73.70108043217287 0.6263464131689351
73.79711884753902 0.6268485860433287
73.89315726290516 0.6273443099923128
73.98919567827132 0.6278340238272128
74.08523409363745 0.6283212869075735
74.1812725090036 0.6288098263245477
74.27731092436976 0.6293027747866891
74.3733493397359 0.6298010980001089
74.46938775510205 0.6303020760993678
74.56542617046819 0.6308006569668421
74.66146458583434 0.6312950496601117
74.75750300120049 0.6317879327988708
74.85354141656663 0.6322823674855544
74.94957983193278 0.6327776521342569
75.04561824729892 0.6332701153764554
75.14165666266507 0.633757204325687
75.23769507803121 0.6342385196353427
75.33373349339736 0.6347149514064122
75.42977190876351 0.6351877586753311
75.52581032412965 0.6356584332614093
75.6218487394958 0.6361282954387498
75.71788715486194 0.636598368930766
75.8139255702281 0.6370690052830902
75.90996398559425 0.6375394636026434
76.00600240096038 0.6380082646411177
76.10204081632654 0.6384749523248568
76.19807923169267 0.6389405795121866
76.29411764705883 0.6394067891976166
76.39015606242498 0.6398747346354924
76.48619447779112 0.6403450088862772
76.58223289315727 0.640817601484887
76.6782713085234 0.6412918824959852
76.77430972388956 0.6417665117485185
76.87034813925571 0.6422393267517026
76.96638655462185 0.6427077731867628
77.062424969988 0.6431712000441405
77.15846338535414 0.6436315520425605
77.25450180072029 0.6440911372413359
77.35054021608644 0.6445497306329788
77.44657863145258 0.6450049943525896
77.54261704681873 0.6454558849707221
77.63865546218487 0.6459037884645343
77.73469387755102 0.646350710782561
77.83073229291718 0.6467968098827783
77.92677070828331 0.6472406389928934
78.02280912364947 0.6476816206168267
78.1188475390156 0.6481209199736708
78.21488595438176 0.648560031336891
78.31092436974791 0.6489987508780358
78.40696278511405 0.6494354646223441
78.5030012004802 0.6498699199062111
78.59903961584634 0.6503042486832912
78.69507803121249 0.6507405371392552
78.79111644657864 0.6511771618929817
78.88715486194478 0.6516092618418089
78.98319327731093 0.6520338634110083
79.07923169267707 0.6524519347134066
79.17527010804322 0.6528665913249214
79.27130852340936 0.6532802456481421
79.36734693877551 0.6536943684957629
79.46338535414166 0.6541095866680418
79.5594237695078 0.6545257271618349
79.65546218487395 0.6549419794899335
79.75150060024009 0.6553571656339895
79.84753901560624 0.6557699778072027
79.9435774309724 0.6561805613128142
80.03961584633853 0.6565912082359678
80.13565426170469 0.6570045356211847
80.23169267707082 0.6574202866375592
80.32773109243698 0.6578354354862478
80.42376950780313 0.6582475786100288
80.51980792316927 0.6586565403075981
80.61584633853542 0.6590634379038742
80.71188475390156 0.6594689395682715
80.80792316926771 0.6598731449144483
80.90396158463386 0.6602761618048099
81.0 0.6606783951561258
81.09603841536615 0.6610804801168468
81.19207683073229 0.6614831481678031
81.28811524609844 0.6618871203103084
81.3841536614646 0.6622922858384904
81.48019207683073 0.6626972735931126
81.57623049219688 0.6631001752388067
81.67226890756302 0.6635000324622743
81.76830732292918 0.6638969859397665
81.86434573829533 0.6642919633850584
81.96038415366147 0.6646865022904466
82.05642256902762 0.6650820917593324
82.15246098439376 0.6654787580975934
82.24849939975991 0.6658750985693571
82.34453781512606 0.666270500741438
82.4405762304922 0.6666664342672863
82.53661464585835 0.6670648913488776
82.63265306122449 0.6674648069129265
82.72869147659064 0.6678619874525608
82.82472989195679 0.6682537227475999
82.92076830732293 0.6686416176241876
83.01680672268908 0.6690295143826592
83.11284513805522 0.6694184174699902
83.20888355342137 0.6698060665959449
83.30492196878753 0.6701906332442119
83.40096038415366 0.6705731106669907
83.49699879951982 0.6709560952623209
83.59303721488595 0.6713406059234265
83.6890756302521 0.6717256947780612
83.78511404561824 0.6721097615599213
83.8811524609844 0.6724914484597851
83.97719087635055 0.6728696895118486
84.07322929171669 0.6732437967376503
84.16926770708284 0.6736134892037549
84.26530612244898 0.6739790946504315
84.36134453781513 0.6743416928454952
84.45738295318128 0.6747024500375957
84.55342136854742 0.6750607354945047
84.64945978391357 0.6754139702053066
84.74549819927971 0.675760187817705
84.84153661464586 0.6760999595192418
84.93757503001201 0.6764356240533398
85.03361344537815 0.6767688587304069
85.1296518607443 0.6771002872640588
85.22569027611044 0.6774303724599678
85.3217286914766 0.6777601212840384
85.41776710684275 0.6780906093625347
85.51380552220888 0.6784214252515135
85.60984393757504 0.6787504865087742
85.70588235294117 0.6790760642613662
85.80192076830733 0.6793984634366538
85.89795918367348 0.6797193823722311
85.99399759903962 0.6800396163926457
86.09003601440577 0.6803586441815467
86.1860744297719 0.6806757667499972
86.28211284513806 0.6809911005046011
86.37815126050421 0.6813054350694169
86.47418967587035 0.6816196173658162
86.5702280912365 0.6819343719483745
86.66626650660264 0.6822494252941245
86.76230492196879 0.6825627038755142
86.85834333733494 0.6828713793047054
86.95438175270108 0.683175864710058
87.05042016806723 0.6834805445836006
87.14645858343337 0.6837895318538042
87.24249699879952 0.6841025865432855
87.33853541416568 0.6844159928583926
87.43457382953181 0.6847266551102207
87.53061224489797 0.6850330971102371
87.6266506602641 0.6853352796587007
87.72268907563026 0.6856344161193058
87.81872749099641 0.685932431188103
87.91476590636255 0.6862297429239063
88.0108043217287 0.6865247588137743
88.10684273709484 0.6868157374765557
88.20288115246099 0.6871027642458506
88.29891956782713 0.6873873920820952
88.39495798319328 0.6876706424344642
88.49099639855943 0.6879524799250389
88.58703481392557 0.6882325130143122
88.68307322929172 0.6885107749440458
88.77911164465786 0.6887878626353964
88.87515006002401 0.6890653946967007
88.97118847539016 0.6893460742026083
89.0672268907563 0.6896315063229735
89.16326530612245 0.6899196430021216
89.25930372148859 0.6902057322390208
89.35534213685474 0.6904877131291902
89.4513805522209 0.6907677893326005
89.54741896758703 0.6910494392414651
89.64345738295319 0.691333738176591
89.73949579831933 0.6916195087438011
89.83553421368548 0.6919052819026013
89.93157262905163 0.6921899312651744
90.02761104441777 0.6924725089734891
90.12364945978392 0.6927520331909066
90.21968787515006 0.6930276912674138
90.31572629051621 0.6933000427510821
90.41176470588236 0.6935713976398408
90.5078031212485 0.6938443160722574
90.60384153661465 0.6941195704686598
90.69987995198079 0.6943963019177695
90.79591836734694 0.6946737848435837
90.8919567827131 0.694952068011567
90.98799519807923 0.6952319724418645
91.08403361344538 0.6955150874158904
91.18007202881152 0.6958033563432939
91.27611044417768 0.6960965059407331
91.37214885954383 0.6963911038475947
91.46818727490997 0.6966829101257734
91.56422569027612 0.6969704086473253
91.66026410564226 0.6972547589076983
91.75630252100841 0.6975375719495044
91.85234093637456 0.6978200091625014
91.9483793517407 0.6981027381550288
92.04441776710685 0.6983858669252002
92.14045618247299 0.6986690014827739
92.23649459783914 0.6989516872464894
92.33253301320529 0.6992335971738313
92.42857142857143 0.6995145054245369
92.52460984393758 0.6997942425318976
92.62064825930372 0.7000726582606434
92.71668667466987 0.700349377158954
92.81272509003601 0.7006236925660764
92.90876350540216 0.7008949011906246
93.00480192076832 0.7011628882432264
93.10084033613445 0.7014281099549522
93.1968787515006 0.7016909932299948
93.29291716686674 0.7019516517610466
93.3889555822329 0.7022099782981964
93.48499399759905 0.7024658172120171
93.58103241296519 0.7027189698814621
93.67707082833134 0.7029690839303113
93.77310924369748 0.7032156007894298
93.86914765906363 0.7034580961868813
93.96518607442978 0.7036969398086127
94.06122448979592 0.7039333081656948
94.15726290516207 0.7041686298494926
94.25330132052821 0.7044042907088969
94.34933973589436 0.7046412344639043
94.44537815126051 0.7048791537973872
94.54141656662665 0.7051165358732313
94.6374549819928 0.7053520268977596
94.73349339735894 0.7055851859388311
94.8295318127251 0.7058161059638445
94.92557022809125 0.7060445835121675
95.02160864345738 0.7062701127868799
95.11764705882354 0.7064929174450183
95.21368547418967 0.7067145472857875
95.30972388955583 0.7069368487726946
95.40576230492198 0.7071596186682776
95.50180072028812 0.707380535855214
95.59783913565427 0.7075979124425086
95.6938775510204 0.7078123776706128
95.78991596638656 0.7080259527767552
95.88595438175271 0.7082397866994813
95.98199279711885 0.7084538479232224
96.078031212485 0.7086671781769663
96.17406962785114 0.7088780584089782
96.27010804321729 0.709084797378805
96.36614645858344 0.709287710202251
96.46218487394958 0.709489196933344
96.55822328931573 0.7096909203740593
96.65426170468187 0.7098918946978803
96.75030012004802 0.7100897494208526
96.84633853541418 0.7102841826008011
96.94237695078031 0.7104773321407634
97.03841536614647 0.7106711755073902
97.1344537815126 0.7108656769716757
97.23049219687876 0.7110594750935272
97.3265306122449 0.7112519213409491
97.42256902761105 0.7114433833448947
97.5186074429772 0.7116345097007916
97.61464585834334 0.7118256792370147
97.71068427370949 0.7120172072657656
97.80672268907563 0.7122099964075305
97.90276110444178 0.7124055661930749
97.99879951980793 0.7126046584110384
98.09483793517407 0.7128061396028844
98.19087635054022 0.7130076096335981
98.28691476590636 0.7132073985351816
98.38295318127251 0.7134049211696355
98.47899159663866 0.7136000954319183
98.5750300120048 0.7137928609603071
98.67106842737095 0.7139833199424569
98.76710684273709 0.7141722519025773
98.86314525810324 0.7143611631168162
98.9591836734694 0.7145512638477779
99.05522208883554 0.7147425797468361
99.15126050420169 0.7149341930621081
99.24729891956783 0.7151251887847757
99.34333733493398 0.715314865977899
99.43937575030013 0.715502821977965
99.53541416566627 0.7156890292109441
99.63145258103242 0.7158735767000421
99.72749099639856 0.7160557021402234
99.82352941176471 0.7162336534455591
99.91956782713086 0.7164065059123308
100.015606242497 0.7165759041573155
100.11164465786315 0.7167451631028747
100.20768307322929 0.7169154736099955
100.30372148859544 0.7170850881217511
100.3997599039616 0.7172519704120203
100.49579831932773 0.7174164635191301
100.59183673469389 0.7175807172701109
100.68787515006002 0.7177458318406904
100.78391356542618 0.71791116538686
100.87995198079233 0.7180755419815121
100.97599039615847 0.7182385290166373
101.07202881152462 0.7184003546136375
101.16806722689076 0.7185612780124024
101.26410564225691 0.7187214153014766
101.36014405762306 0.7188806957599269
101.4561824729892 0.719038813343778
101.55222088835535 0.719195414510864
101.64825930372149 0.7193509822350849
101.74429771908764 0.719507044752259
101.84033613445378 0.7196647183777373
101.93637454981993 0.7198230071225432
102.03241296518608 0.7199793557887777
102.12845138055222 0.7201328360489402
102.22448979591837 0.720285059711469
102.32052821128451 0.7204380191491593
102.41656662665066 0.7205914399039414
102.51260504201682 0.7207432589867461
102.60864345738295 0.7208929502527389
102.7046818727491 0.7210425415250976
102.80072028811524 0.7211943161248249
102.8967587034814 0.7213478520367038
102.99279711884755 0.7215004790350634
103.08883553421369 0.7216508660716751
103.18487394957984 0.7218002042048275
103.28091236494598 0.7219502617487239
103.37695078031213 0.7221007509132044
103.47298919567828 0.7222495345458321
103.56902761104442 0.7223949180317213
103.66506602641057 0.7225364711642066
103.76110444177671 0.7226746714657329
103.85714285714286 0.7228103956478842
103.95318127250901 0.7229446929694179
104.04921968787515 0.7230776238941892
104.1452581032413 0.7232078464128195
104.24129651860744 0.7233342239427151
104.3373349339736 0.7234582310690114
104.43337334933975 0.7235835419766585
104.52941176470588 0.7237120468177441
104.62545018007204 0.7238422769244007
104.72148859543817 0.7239713055624043
104.81752701080433 0.7240977424975105
104.91356542617048 0.7242218354357547
105.00960384153662 0.7243443550346277
105.10564225690277 0.7244661165030577
105.2016806722689 0.7245877114341802
105.29771908763506 0.7247090670520157
105.39375750300121 0.7248294838204293
105.48979591836735 0.7249482154835772
105.5858343337335 0.7250647303896005
105.68187274909964 0.7251788064571616
105.77791116446579 0.7252906945391214
105.87394957983194 0.7254010755534549
105.96998799519808 0.7255105979168048
106.06602641056423 0.7256196593309369
106.16206482593037 0.7257284486028733
106.25810324129652 0.7258370243920935
106.35414165666266 0.7259452929315566
106.45018007202881 0.7260527498787686
106.54621848739497 0.7261583561582674
106.6422569027611 0.7262610269526732
106.73829531812726 0.7263605761592724
106.8343337334934 0.7264577347327528
106.93037214885955 0.7265533633293372
107.0264105642257 0.7266480401862915
107.12244897959184 0.7267421870632746
107.21848739495799 0.7268363321815345
107.31452581032413 0.7269311161416004
107.41056422569028 0.7270270462934968
107.50660264105643 0.7271243600444749
107.60264105642257 0.7272228177540432
107.69867947178872 0.7273212620118304
107.79471788715486 0.7274177506218836
107.89075630252101 0.7275114713796507
107.98679471788716 0.7276038482480772
108.0828331332533 0.7276972765893754
108.17887154861945 0.7277922417302272
108.27490996398559 0.7278871159183196
108.37094837935174 0.7279802134118665
108.4669867947179 0.7280710455360339
108.56302521008404 0.7281600104544246
108.65906362545019 0.7282476140731488
108.75510204081633 0.7283342977016395
108.85114045618248 0.7284197554947927
108.94717887154863 0.7285024983003779
109.04321728691477 0.7285807247637316
109.13925570228092 0.7286545241427748
109.23529411764706 0.7287260222279671
109.33133253301321 0.7287969969201487
109.42737094837936 0.728867268542593
109.5234093637455 0.7289356232858284
109.61944777911165 0.7290023364693875
109.71548619447779 0.7290694032390995
109.81152460984394 0.7291381315217319
109.9075630252101 0.7292074334690765
110.00360144057623 0.7292748491454308
110.09963985594239 0.7293395073904783
110.19567827130852 0.7294025001489994
110.29171668667468 0.7294649123820889
110.38775510204083 0.7295263515236229
110.48379351740697 0.729585561981567
110.57983193277312 0.7296423422117556
110.67587034813926 0.7296978149388357
110.77190876350541 0.729753178933094
110.86794717887155 0.7298087297458448
110.9639855942377 0.7298641153403956
111.06002400960385 0.7299192143264329
111.15606242496999 0.7299742926622246
111.25210084033614 0.7300297716678176
111.34813925570228 0.7300860367418031
111.44417767106843 0.7301433924785851
111.54021608643458 0.730201933217992
111.63625450180072 0.7302615153094586
111.73229291716687 0.7303217337774247
111.82833133253301 0.7303819021683738
111.92436974789916 0.7304411245759664
112.02040816326532 0.7304985486037939
112.11644657863145 0.7305534477349276
112.2124849939976 0.7306057544885276
112.30852340936374 0.7306565453066629
112.4045618247299 0.7307075643793768
112.50060024009605 0.7307594029671142
112.59663865546219 0.7308111471439764
112.69267707082834 0.7308617937600072
112.78871548619448 0.7309116033416067
112.88475390156063 0.7309618386003714
112.98079231692678 0.7310135351987005
113.07683073229292 0.7310671898048434
113.17286914765907 0.7311224788335245
113.26890756302521 0.7311779761738193
113.36494597839136 0.7312316147733822
113.46098439375751 0.7312826426759116
113.55702280912365 0.7313320734896838
113.6530612244898 0.7313813290985531
113.74909963985594 0.731430809012729
113.8451380552221 0.7314800859969719
113.94117647058825 0.7315290570064054
114.03721488595438 0.731578254029366
114.13325330132054 0.7316287507774097
114.22929171668667 0.7316820594552336
114.32533013205283 0.7317397219485655
114.42136854741898 0.7318014428831991
114.51740696278512 0.7318646071124407
114.61344537815127 0.731925984719313
114.7094837935174 0.7319837139606922
114.80552220888356 0.732037333274212
114.90156062424971 0.7320873976220289
114.99759903961585 0.7321353168663838
115.093637454982 0.7321818764530102
115.18967587034814 0.7322254298365384
115.28571428571429 0.7322625686408505
115.38175270108043 0.7322921595754399
115.47779111644658 0.7323165821782291
115.57382953181273 0.7323392776824776
115.66986794717887 0.7323616022385036
115.76590636254502 0.7323829580735474
115.86194477791116 0.732402638631946
115.95798319327731 0.7324204616697193
116.05402160864347 0.7324368957864272
116.1500600240096 0.73245323069482
116.24609843937576 0.7324712045449664
116.3421368547419 0.7324907683443953
116.43817527010805 0.7325093290834481
116.5342136854742 0.7325240359923578
116.63025210084034 0.7325350231436911
116.72629051620649 0.7325450911985081
116.82232893157263 0.7325562412115718
116.91836734693878 0.7325683717639246
117.01440576230493 0.7325801615064396
117.11044417767107 0.7325903874108673
117.20648259303722 0.7325981398141629
117.30252100840336 0.7326035271161249
117.39855942376951 0.732607940700842
117.49459783913566 0.7326129779138002
117.5906362545018 0.7326187532879131
117.68667466986795 0.7326239759004516
117.78271308523409 0.7326275001248878
117.87875150060025 0.7326289772845741
117.9747899159664 0.7326284560970372
118.07082833133254 0.7326257205743829
118.16686674669869 0.7326202994220324
118.26290516206483 0.7326119896206595
118.35894357743098 0.7326010889860014
118.45498199279713 0.7325882936092301
118.55102040816327 0.7325745185653496
118.64705882352942 0.7325608093553487
118.74309723889556 0.732547789892833
118.83913565426171 0.7325354030263971
118.93517406962786 0.732522931380057
119.031212484994 0.7325090373338279
119.12725090036015 0.7324919073149418
119.22328931572629 0.7324704135048238
119.31932773109244 0.7324446863190918
119.4153661464586 0.7324157016612683
119.51140456182473 0.7323844811142745
119.60744297719089 0.7323520155629013
119.70348139255702 0.7323193933059651
119.79951980792318 0.7322878652461384
119.89555822328931 0.7322586047472099
119.99159663865547 0.7322322204199436
120.08763505402162 0.7322086459480092
120.18367346938776 0.7321866475816845
120.27971188475391 0.7321635618195387
120.37575030012005 0.7321366696597724
120.4717887154862 0.7321061323137831
120.56782713085235 0.7320749721727547
120.66386554621849 0.7320451092397544
120.75990396158464 0.7320150756226151
120.85594237695078 0.7319819473107386
120.95198079231693 0.7319457455187754
121.04801920768308 0.7319096325858518
121.14405762304922 0.7318755852453701
121.24009603841537 0.731841766163383
121.33613445378151 0.7318043651265363
121.43217286914766 0.7317620466782028
121.52821128451382 0.731716381581481
121.62424969987995 0.7316694243206389
121.7202881152461 0.7316221614749111
121.81632653061224 0.7315747683928647
121.9123649459784 0.7315273126391431
122.00840336134455 0.7314798262310968
122.10444177671069 0.7314318599911919
122.20048019207684 0.7313821848302704
122.29651860744298 0.7313294463120844
122.39255702280913 0.7312739060527521
122.48859543817528 0.7312175944043309
122.58463385354142 0.7311625964711801
122.68067226890757 0.7311098386151632
122.77671068427371 0.7310592723349705
122.87274909963986 0.7310104555466934
122.96878751500601 0.730962659291287
123.06482593037215 0.7309149502514412
123.1608643457383 0.730866252546329
123.25690276110444 0.7308157127001882
123.3529411764706 0.7307637699828935
123.44897959183675 0.7307122269240791
123.54501800720288 0.7306623471058401
123.64105642256904 0.7306133680728311
123.73709483793517 0.730563279512608
123.83313325330133 0.7305113628399892
123.92917166866746 0.730458583681153
124.02521008403362 0.7304059628764921
124.12124849939977 0.7303532380529633
124.21728691476591 0.7302992956802437
124.31332533013206 0.7302437194303605
124.4093637454982 0.7301870532992802
124.50540216086435 0.7301298366761716
124.6014405762305 0.7300717714588428
124.69747899159664 0.730012089522205
124.79351740696279 0.7299509239458455
124.88955582232893 0.729889537646887
124.98559423769508 0.7298289980656105
125.08163265306123 0.7297689755275838
125.17767106842737 0.7297082238738165
125.27370948379352 0.7296465048726427
125.36974789915966 0.7295849523749929
125.46578631452581 0.7295244434798102
125.56182472989197 0.7294640472796674
125.6578631452581 0.7294015720091588
125.75390156062426 0.7293359292775143
125.8499399759904 0.7292676628629086
125.94597839135655 0.7291979117444808
126.0420168067227 0.7291273728034319
126.13805522208884 0.729056277737712
126.23409363745499 0.7289844821081268
126.33013205282113 0.728911507359543
126.42617046818728 0.7288370123235801
126.52220888355343 0.7287612886174106
126.61824729891957 0.7286851206752955
126.71428571428572 0.7286090758333859
126.81032412965186 0.7285333137917416
126.90636254501801 0.7284576557993825
127.00240096038416 0.728381660949986
127.0984393757503 0.7283046969859055
127.19447779111646 0.7282262474645581
127.2905162064826 0.7281460070304541
127.38655462184875 0.7280640937416469
127.4825930372149 0.7279812953053573
127.57863145258104 0.7278988428625318
127.67466986794719 0.7278172423393954
127.77070828331333 0.7277359399521337
127.86674669867948 0.7276540209118576
127.96278511404563 0.7275710602838364
128.05882352941177 0.7274871248652758
128.1548619447779 0.7274025193303268
128.25090036014404 0.7273176895915646
128.3469387755102 0.7272326703359365
128.44297719087635 0.7271463780070497
128.53901560624251 0.727056948716815
128.63505402160865 0.7269638350374141
128.7310924369748 0.7268684850992808
128.82713085234093 0.7267729546457217
128.92316926770707 0.726678040501927
129.01920768307323 0.726583355747167
129.11524609843937 0.7264885195695435
129.21128451380554 0.7263935784050395
129.30732292917168 0.7262986985065937
129.4033613445378 0.7262037308039646
129.49939975990398 0.7261082510548756
129.59543817527012 0.7260120069844171
129.69147659063626 0.7259150825293225
129.7875150060024 0.7258176151435628
129.88355342136856 0.7257193754208686
129.9795918367347 0.7256197758767984
130.07563025210084 0.7255181478577026
130.171668667467 0.72541385772758
130.26770708283314 0.7253066277207473
130.36374549819928 0.725197036961247
130.45978391356545 0.7250864302702601
130.55582232893158 0.724975992973948
130.65186074429772 0.7248663633183267
130.74789915966386 0.7247578515815136
130.84393757503003 0.7246508019561861
130.93997599039616 0.7245455913116452
131.0360144057623 0.7244423728473656
131.13205282112847 0.7243409637442458
131.2280912364946 0.7242409794873537
131.32412965186074 0.7241420666794963
131.42016806722688 0.7240438825577006
131.51620648259305 0.7239457544983173
131.6122448979592 0.7238465265344388
131.70828331332532 0.7237451502600701
131.8043217286915 0.7236417614933668
131.90036014405763 0.7235376211599784
131.99639855942377 0.723433688486914
132.09243697478993 0.7233299190558912
132.18847539015607 0.7232256755238979
132.2845138055222 0.7231205228878083
132.38055222088835 0.7230142872986205
132.4765906362545 0.72290678374911
132.57262905162065 0.7227976752715499
132.6686674669868 0.7226866191544331
132.76470588235296 0.7225735642927834
132.8607442977191 0.7224587703051722
132.95678271308523 0.7223426542485903
133.0528211284514 0.7222257062915934
133.14885954381754 0.7221084655093455
133.24489795918367 0.7219914704013302
133.3409363745498 0.7218752139163983
133.43697478991598 0.7217597547771172
133.53301320528212 0.7216444961652166
133.62905162064826 0.7215287709989654
133.72509003601442 0.7214131586422595
133.82112845138056 0.7212994435750394
133.9171668667467 0.7211882662055191
134.01320528211286 0.7210777023404469
134.109243697479 0.7209647033724123
134.20528211284514 0.7208485424102163
134.30132052821128 0.7207310698233999
134.39735894357744 0.7206139686836386
134.49339735894358 0.7204970042875518
134.58943577430972 0.7203788361035562
134.6854741896759 0.7202591088804848
134.78151260504202 0.7201386735359682
134.87755102040816 0.7200183795191398
134.97358943577433 0.7198982646153161
135.06962785114047 0.7197779365518834
135.1656662665066 0.7196576148220003
135.26170468187274 0.7195382208627116
135.3577430972389 0.7194203446182821
135.45378151260505 0.719303515847601
135.54981992797119 0.7191866965429629
135.64585834333735 0.7190696889651781
135.7418967587035 0.7189533040494877
135.83793517406963 0.7188383263187653
135.93397358943577 0.718724746029525
136.03001200480193 0.7186118627299416
136.12605042016807 0.7184986401786483
136.2220888355342 0.7183838262646748
136.31812725090037 0.7182667902470895
136.4141656662665 0.7181481750684183
136.51020408163265 0.7180295049935053
136.60624249699882 0.7179119190547438
136.70228091236496 0.7177959277107473
136.7983193277311 0.7176814260005208
136.89435774309723 0.717567704565901
136.9903961584634 0.7174536964148165
137.08643457382954 0.7173387829658604
137.18247298919567 0.7172229400976454
137.27851140456184 0.7171064130961848
137.37454981992798 0.7169894368511397
137.47058823529412 0.7168720117451981
137.56662665066028 0.7167531579564635
137.66266506602642 0.7166308567784685
137.75870348139256 0.7165040150025993
137.8547418967587 0.716374240380235
137.95078031212486 0.7162449234987832
138.046818727491 0.7161176458579454
138.14285714285714 0.7159914459553446
138.2388955582233 0.7158646396078304
138.33493397358944 0.7157365483006901
138.43097238895558 0.7156073053339461
138.52701080432175 0.7154768421937365
138.62304921968789 0.7153446801610558
138.71908763505402 0.7152107801231575
138.81512605042016 0.7150763900232251
138.91116446578633 0.7149435698732247
139.00720288115247 0.7148130962294521
139.1032412965186 0.7146839696628072
139.19927971188477 0.7145545008424221
139.2953181272509 0.7144234480742403
139.39135654261705 0.7142901520099011
139.4873949579832 0.7141548898988787
139.58343337334935 0.7140189270133938
139.6794717887155 0.7138833155055679
139.77551020408163 0.7137475728993629
139.8715486194478 0.7136100123807889
139.96758703481393 0.7134695656778628
140.06362545018007 0.7133262897542996
140.15966386554624 0.7131808885561154
140.25570228091237 0.7130341604370776
140.3517406962785 0.7128869326266184
140.44777911164465 0.7127398927928437
140.54381752701082 0.7125935339397362
140.63985594237695 0.7124480146496832
140.7358943577431 0.7123029892983102
140.83193277310926 0.7121577201915287
140.9279711884754 0.7120117049654777
141.02400960384153 0.7118648724826353
141.1200480192077 0.7117173904117058
141.21608643457384 0.7115694197872017
141.31212484993998 0.7114211325932805
141.40816326530611 0.7112728949438005
141.50420168067228 0.7111253167459681
141.60024009603842 0.710978739103198
141.69627851140456 0.7108325470303615
141.79231692677072 0.710685388271129
141.88835534213686 0.7105367101276703
141.984393757503 0.7103872861872965
142.08043217286917 0.7102381391033131
142.1764705882353 0.7100890223107551
142.27250900360144 0.7099385776161757
142.36854741896758 0.7097859921311461
142.46458583433375 0.7096316138101723
142.56062424969988 0.7094763909416983
142.65666266506602 0.7093210408847977
142.7527010804322 0.7091659547215803
142.84873949579833 0.709011012359336
142.94477791116446 0.7088555178517614
143.04081632653063 0.7086987231403019
143.13685474189677 0.7085406437880984
143.2328931572629 0.7083820194143851
143.32893157262905 0.708223560568625
143.4249699879952 0.708065630126154
143.52100840336135 0.7079081351283842
143.6170468187275 0.7077503509650361
143.71308523409365 0.7075910601335201
143.8091236494598 0.7074296815096442
143.90516206482593 0.7072667624875566
144.0012004801921 0.7071032758654948
144.09723889555823 0.7069394051154047
144.19327731092437 0.7067745542392663
144.2893157262905 0.7066083518571261
144.38535414165668 0.7064411161324097
144.48139255702282 0.7062734004121848
144.57743097238895 0.706105164888139
144.67346938775512 0.7059358024387702
144.76950780312126 0.7057650698404552
144.8655462184874 0.7055935419586798
144.96158463385353 0.7054220865258058
145.0576230492197 0.7052508559180428
145.15366146458584 0.7050792799874227
145.24969987995198 0.7049069939772284
145.34573829531814 0.7047343170106886
145.44177671068428 0.7045618166819353
145.53781512605042 0.704389425961429
145.63385354141658 0.7042164163762051
145.72989195678272 0.7040421313848945
145.82593037214886 0.7038663854389378
145.921968787515 0.7036891604618446
146.01800720288117 0.703509954697647
146.1140456182473 0.7033278049348772
146.21008403361344 0.7031423335208569
146.3061224489796 0.7029543478711651
146.40216086434575 0.7027653306270064
146.49819927971188 0.7025762869768132
146.59423769507805 0.7023875988619104
146.6902761104442 0.7021991280384413
146.78631452581033 0.702010279942356
146.88235294117646 0.7018203099046741
146.97839135654263 0.7016290414174491
147.07442977190877 0.7014369127173363
147.1704681872749 0.701244337065883
147.26650660264107 0.7010512961609555
147.3625450180072 0.7008575733909405
147.45858343337335 0.7006633487614887
147.55462184873952 0.7004692242250078
147.65066026410565 0.7002754281916374
147.7466986794718 0.7000812840947592
147.84273709483793 0.6998856244110294
147.9387755102041 0.6996878998071397
148.03481392557023 0.6994883285357053
148.13085234093637 0.6992875121043372
148.22689075630254 0.6990861643761156
148.32292917166868 0.6988849313256714
148.4189675870348 0.6986839078524284
148.51500600240098 0.6984826051122787
148.61104441776712 0.6982806492111446
148.70708283313326 0.698078297619693
148.8031212484994 0.6978761371841542
148.89915966386556 0.6976741671787092
148.9951980792317 0.6974716809649236
149.09123649459784 0.6972679884484106
149.187274909964 0.6970629774994106
149.28331332533014 0.6968570365146591
149.37935174069628 0.6966507714197581
149.47539015606242 0.6964449247236059
149.57142857142858 0.6962399455981033
149.66746698679472 0.6960356390002941
149.76350540216086 0.6958314257561314
149.85954381752703 0.6956272237143644
149.95558223289316 0.6954235818871622
150.0516206482593 0.6952208862497318
150.14765906362547 0.6950186785439375
150.2436974789916 0.6948159966482153
150.33973589435774 0.6946126240005303
150.43577430972388 0.6944093099004445
150.53181272509005 0.694206842543395
150.6278511404562 0.6940052137432094
150.72388955582232 0.6938037268469142
150.8199279711885 0.6936014970744186
150.91596638655463 0.6933975941472001
151.01200480192077 0.6931916324604676
151.10804321728693 0.6929843296102774
151.20408163265307 0.6927771806994406
151.3001200480192 0.6925711187995436
151.39615846338535 0.692366211917269
151.4921968787515 0.6921621126733014
151.58823529411765 0.691958505337877
151.6842737094838 0.6917551318266979
151.78031212484996 0.6915518194033159
151.8763505402161 0.6913484891085373
151.97238895558223 0.6911451923410666
152.0684273709484 0.6909421490652057
152.16446578631454 0.6907396042652966
152.26050420168067 0.6905371993128645
152.3565426170468 0.690333825191238
152.45258103241298 0.6901282365859032
152.54861944777912 0.6899197253795097
152.64465786314526 0.6897081942587039
152.74069627851142 0.6894943395878526
152.83673469387756 0.689279675283449
152.9327731092437 0.6890657047847495
153.02881152460984 0.6888529671299016
153.124849939976 0.688641162075687
153.22088835534214 0.6884300074246033
153.31692677070828 0.6882194935016976
153.41296518607444 0.6880097228624353
153.50900360144058 0.6878007162743529
153.60504201680672 0.687592425560151
153.7010804321729 0.6873848588083564
153.79711884753902 0.6871781093592062
153.89315726290516 0.686971946991601
153.9891956782713 0.6867652978996922
154.08523409363747 0.6865565182273284
154.1812725090036 0.6863450589616145
154.27731092436974 0.6861320005799251
154.3733493397359 0.6859189454179259
154.46938775510205 0.6857065374509564
154.56542617046819 0.6854945077594795
154.66146458583435 0.6852825240352821
154.7575030012005 0.685070487769542
154.85354141656663 0.6848582480723305
154.94957983193277 0.6846451992197037
155.04561824729893 0.6844304212489684
155.14165666266507 0.6842137192255865
155.2376950780312 0.6839959984176341
155.33373349339738 0.6837784324138807
155.4297719087635 0.6835612343073777
155.52581032412965 0.6833436837204158
155.62184873949582 0.6831249337012851
155.71788715486196 0.6829043359324355
155.8139255702281 0.6826816890337507
155.90996398559423 0.6824576231288325
156.0060024009604 0.6822334832422211
156.10204081632654 0.682010308303723
156.19807923169267 0.6817884054672678
156.29411764705884 0.6815675190036522
156.39015606242498 0.6813471077357185
156.48619447779112 0.6811264463828002
156.58223289315728 0.6809051752261183
156.67827130852342 0.6806835385457337
156.77430972388956 0.6804620274358323
156.8703481392557 0.6802407648609666
156.96638655462186 0.6800195221766634
157.062424969988 0.6797983131796256
157.15846338535414 0.6795776653853562
157.2545018007203 0.679358091311014
157.35054021608644 0.6791391300719849
157.44657863145258 0.6789193935895703
157.54261704681872 0.6786977672716239
157.6386554621849 0.678473998840805
157.73469387755102 0.6782485892089986
157.83073229291716 0.6780225782805831
157.92677070828333 0.6777974016297859
158.02280912364947 0.6775738502855599
158.1188475390156 0.6773515359526051
158.21488595438177 0.6771293030714968
158.3109243697479 0.6769060621291226
158.40696278511405 0.6766809126542567
158.50300120048018 0.6764533641374135
158.59903961584635 0.6762234551893551
158.6950780312125 0.6759916074336186
158.79111644657863 0.6757583153251709
158.8871548619448 0.6755240994129622
158.98319327731093 0.675289434072591
159.07923169267707 0.675054705862687
159.17527010804324 0.6748201631627054
159.27130852340937 0.6745858049064495
159.3673469387755 0.6743513797265549
159.46338535414165 0.6741165328479083
159.55942376950782 0.6738808951322831
159.65546218487395 0.673644174858347
159.7515006002401 0.6734063703257628
159.84753901560626 0.6731677780897382
159.9435774309724 0.6729287445664871
160.03961584633853 0.6726895081111746
160.1356542617047 0.6724501063434342
160.23169267707084 0.6722101525123002
160.32773109243698 0.6719688601027443
160.42376950780312 0.6717257505647599
160.51980792316928 0.6714811248030007
160.61584633853542 0.6712357802203899
160.71188475390156 0.6709902507321198
160.80792316926772 0.6707447084664974
160.90396158463386 0.6704992761570432
161.0 0.6702542461551726
161.09603841536617 0.6700099694657862
161.1920768307323 0.6697665374345775
161.28811524609844 0.6695237371376932
161.38415366146458 0.6692811837960208
161.48019207683075 0.6690384186268168
161.57623049219688 0.6687950631591961
161.67226890756302 0.668551262285442
161.7683073229292 0.6683077205629547
161.86434573829533 0.6680650482549334
161.96038415366147 0.6678232547771519
162.0564225690276 0.6675818943086641
162.15246098439377 0.667340553011396
162.2484993997599 0.667098960553168
162.34453781512605 0.6668572865699223
162.4405762304922 0.6666163817130825
162.53661464585835 0.6663772923723333
162.6326530612245 0.6661396597883741
162.72869147659065 0.6659014951583155
162.8247298919568 0.6656609146549937
162.92076830732293 0.6654176231585495
163.01680672268907 0.6651724923219378
163.11284513805523 0.6649259490424883
163.20888355342137 0.6646776756406316
163.3049219687875 0.6644274890956254
163.40096038415368 0.6641761308498939
163.49699879951982 0.6639249865373926
163.59303721488595 0.663674966621898
163.68907563025212 0.6634262619046519
163.78511404561826 0.6631785392844713
163.8811524609844 0.6629311265259036
163.97719087635053 0.6626832351087181
164.0732292917167 0.6624347897659628
164.16926770708284 0.662186586020543
164.26530612244898 0.6619393568589645
164.36134453781514 0.6616928477286543
164.45738295318128 0.6614460941240825
164.55342136854742 0.6611987102614921
164.64945978391358 0.6609511826160993
164.74549819927972 0.6607040301990551
164.84153661464586 0.6604569304286511
164.937575030012 0.6602089557715688
165.03361344537817 0.6599597667463237
165.1296518607443 0.6597099094025047
165.22569027611044 0.6594601847334469
165.3217286914766 0.6592109592347619
165.41776710684275 0.6589621732192202
165.51380552220888 0.6587135362521009
165.60984393757505 0.6584645946236887
165.7058823529412 0.6582150759384517
165.80192076830733 0.6579652849365806
165.89795918367346 0.657715972435924
165.99399759903963 0.6574675999825347
166.09003601440577 0.6572201217835297
166.1860744297719 0.6569730906321841
166.28211284513807 0.6567257856029315
166.3781512605042 0.6564773844677754
166.47418967587035 0.6562278052346983
166.5702280912365 0.6559779514098373
166.66626650660265 0.6557289005363122
166.7623049219688 0.6554808754919255
166.85834333733493 0.6552333390882717
166.9543817527011 0.6549858597521829
167.05042016806723 0.6547383980102087
167.14645858343337 0.6544911037955478
167.24249699879954 0.6542440462757861
167.33853541416568 0.6539972066165161
167.43457382953181 0.6537505435432561
167.53061224489795 0.6535040174984649
167.62665066026412 0.6532576281654474
167.72268907563026 0.6530114669906228
167.8187274909964 0.6527656698858745
167.91476590636256 0.6525201062811504
168.0108043217287 0.6522742676496474
168.10684273709484 0.652027531394347
168.202881152461 0.6517795493959625
168.29891956782714 0.6515302215091154
168.39495798319328 0.6512793260579762
168.49099639855942 0.6510263798896521
168.58703481392558 0.6507710230614718
168.68307322929172 0.6505136147673136
168.77911164465786 0.6502551604643476
168.87515006002403 0.6499964697156595
168.97118847539016 0.6497378085186061
169.0672268907563 0.6494791991248416
169.16326530612247 0.6492209095809442
169.2593037214886 0.6489634194568102
169.35534213685474 0.6487068462286609
169.45138055222088 0.6484506973800874
169.54741896758705 0.648194247918872
169.6434573829532 0.6479371882496481
169.73949579831933 0.6476796348095423
169.8355342136855 0.6474217256171455
169.93157262905163 0.6471634334782851
170.02761104441777 0.6469046846613989
170.12364945978393 0.646645574518617
170.21968787515007 0.6463863726819083
170.3157262905162 0.6461273822636899
170.41176470588235 0.6458688692009834
170.50780312124851 0.6456108770050849
170.60384153661465 0.645352875943956
170.6998799519808 0.6450938626423345
170.79591836734696 0.6448335659886977
170.8919567827131 0.6445730622185445
170.98799519807923 0.6443139138864242
171.08403361344537 0.6440564407582607
171.18007202881154 0.6437996417281916
171.27611044417768 0.6435423652502191
171.3721488595438 0.643283945467577
171.46818727490998 0.643024242932073
171.56422569027612 0.6427637179960047
171.66026410564226 0.6425033619654266
171.75630252100842 0.6422439297824629
171.85234093637456 0.6419855022901192
171.9483793517407 0.6417276355368192
172.04441776710684 0.6414697021131701
172.140456182473 0.6412109820326931
172.23649459783914 0.6409511373371128
172.33253301320528 0.6406904957155862
172.42857142857144 0.6404296369211566
172.52460984393758 0.6401684172127853
172.62064825930372 0.6399059593809893
172.7166866746699 0.6396421077862438
172.81272509003603 0.6393783454003228
172.90876350540216 0.6391167510018011
173.0048019207683 0.6388573928631203
173.10084033613447 0.638598133485898
173.1968787515006 0.6383370185830618
173.29291716686674 0.6380738651885779
173.3889555822329 0.6378097622807747
173.48499399759905 0.6375456997290899
173.5810324129652 0.6372823153496999
173.67707082833135 0.6370194671712905
173.7731092436975 0.6367559357457115
173.86914765906363 0.6364901179588562
173.96518607442977 0.636221949269059
174.06122448979593 0.6359531030362924
174.15726290516207 0.6356852289962466
174.2533013205282 0.6354186587843241
174.34933973589438 0.6351527208470976
174.4453781512605 0.6348867381557226
174.54141656662665 0.6346202053913658
174.63745498199282 0.6343527458875694
174.73349339735896 0.634084078368235
174.8295318127251 0.6338141170674988
174.92557022809123 0.6335432822449271
175.0216086434574 0.6332725182471383
175.11764705882354 0.6330026341491944
175.21368547418967 0.6327337687291341
175.30972388955584 0.6324655049203645
175.40576230492198 0.6321972888105212
175.50180072028812 0.63192852611591
175.59783913565425 0.6316587844602366
175.69387755102042 0.6313879657910819
175.78991596638656 0.631116315979895
175.8859543817527 0.6308444403307671
175.98199279711886 0.6305732640230055
176.078031212485 0.6303032244580912
176.17406962785114 0.6300335480349024
176.2701080432173 0.6297626821510333
176.36614645858344 0.6294899511056168
176.46218487394958 0.6292158899138132
176.55822328931572 0.628941411056766
176.6542617046819 0.6286670205773328
176.75030012004802 0.6283928530844998
176.84633853541416 0.6281189213562284
176.94237695078033 0.6278451686258877
177.03841536614647 0.6275712935176823
177.1344537815126 0.6272965770742576
177.23049219687877 0.6270201441232859
177.3265306122449 0.6267420534794296
177.42256902761105 0.626463529398227
177.51860744297718 0.6261858783914054
177.61464585834335 0.6259093651049764
177.7106842737095 0.6256333919237167
177.80672268907563 0.6253574901740405
177.9027611044418 0.6250815711903212
177.99879951980793 0.6248055233686114
178.09483793517407 0.6245287729161281
178.19087635054024 0.6242504780281054
178.28691476590637 0.6239705110868877
178.3829531812725 0.6236897109675391
178.47899159663865 0.6234091167689411
178.57503001200482 0.6231290904572292
178.67106842737095 0.6228494035376434
178.7671068427371 0.6225698820701131
178.86314525810326 0.6222905935446235
178.9591836734694 0.6220116226010447
179.05522208883554 0.6217328012120944
179.1512605042017 0.6214537635207339
179.24729891956784 0.6211743054770991
179.34333733493398 0.6208944924158962
179.43937575030012 0.6206144234966056
179.53541416566628 0.6203339339704735
179.63145258103242 0.6200526481547489
179.72749099639856 0.6197703666870067
179.82352941176472 0.6194871947856558
179.91956782713086 0.6192034817936231
180.015606242497 0.6189197409312167
180.11164465786314 0.6186365805733014
180.2076830732293 0.6183543441796017
180.30372148859544 0.6180729843030841
180.39975990396158 0.6177921237267797
180.49579831932775 0.6175111407301589
180.59183673469389 0.6172292867871699
180.68787515006002 0.616946359669659
180.7839135654262 0.6166629433129349
180.87995198079233 0.6163798098963299
180.97599039615847 0.6160970422125094
181.0720288115246 0.6158140999635752
181.16806722689077 0.6155306897968238
181.2641056422569 0.6152471019278885
181.36014405762305 0.6149638014682707
181.4561824729892 0.6146807969420383
181.55222088835535 0.6143976679453697
181.6482593037215 0.614114117608802
181.74429771908765 0.613830199027987
181.8403361344538 0.6135460597009224
181.93637454981993 0.6132615258254416
182.03241296518607 0.6129761429871505
182.12845138055224 0.6126897429052286
182.22448979591837 0.612402686917357
182.3205282112845 0.6121154415042367
182.41656662665068 0.6118278522145845
182.51260504201682 0.611539222489863
182.60864345738295 0.6112494593750899
182.70468187274912 0.6109595956835687
182.80072028811526 0.6106710356306382
182.8967587034814 0.6103841954951152
182.99279711884753 0.61009845658244
183.0888355342137 0.6098129285239748
183.18487394957984 0.6095268224692466
183.28091236494598 0.6092394760476768
183.37695078031214 0.6089503959723811
183.47298919567828 0.6086593093637561
183.56902761104442 0.608366571873113
183.66506602641059 0.6080733718605491
183.76110444177672 0.607781052491101
183.85714285714286 0.607489759073132
183.953181272509 0.6071984197536888
184.04921968787517 0.6069060356037254
184.1452581032413 0.6066123774573933
184.24129651860744 0.6063177253248067
184.3373349339736 0.6060223084886662
184.43337334933975 0.6057262247079059
184.52941176470588 0.6054293380085727
184.62545018007202 0.6051312220906135
184.7214885954382 0.6048314562571674
184.81752701080433 0.6045302810005132
184.91356542617046 0.604228613574497
185.00960384153663 0.6039272958121719
185.10564225690277 0.6036266434907523
185.2016806722689 0.6033265177853122
185.29771908763507 0.6030265048796931
185.3937575030012 0.6027259775653848
185.48979591836735 0.6024244977746672
185.5858343337335 0.6021220700266801
185.68187274909965 0.6018190515693994
185.7779111644658 0.6015159227254429
185.87394957983193 0.6012132101898731
185.9699879951981 0.6009109805626613
186.06602641056423 0.6006085057225842
186.16206482593037 0.6003046953927217
186.25810324129654 0.5999992337215116
186.35414165666268 0.5996927051912562
186.45018007202881 0.5993858831704255
186.54621848739495 0.5990792338341099
186.64225690276112 0.598772927083978
186.73829531812726 0.5984668932153908
186.8343337334934 0.5981608481028738
186.93037214885956 0.5978545050234302
187.0264105642257 0.597547729754015
187.12244897959184 0.5972404197849333
187.218487394958 0.5969321446977832
187.31452581032414 0.5966221275713011
187.41056422569028 0.5963099287872415
187.50660264105642 0.5959959722395909
187.60264105642258 0.5956812779565827
187.69867947178872 0.5953666058081226
187.79471788715486 0.5950522979732225
187.89075630252103 0.5947383615868603
187.98679471788716 0.5944245357792144
188.0828331332533 0.5941104323777946
188.17887154861947 0.593795983666473
188.2749099639856 0.5934815111640669
188.37094837935174 0.5931673582121806
188.46698679471788 0.5928535777098523
188.56302521008405 0.5925400298259772
188.6590636254502 0.5922267489720726
188.75510204081633 0.5919140104820199
188.8511404561825 0.5916021151136025
188.94717887154863 0.5912911966447669
189.04321728691477 0.5909812297281436
189.1392557022809 0.5906720819547834
189.23529411764707 0.5903635285223763
189.3313325330132 0.590055308847745
189.42737094837935 0.5897471796630872
189.52340936374551 0.5894389171889539
189.61944777911165 0.5891303176805515
189.7154861944778 0.5888212064760607
189.81152460984396 0.5885116390983983
189.9075630252101 0.5882020993364437
190.00360144057623 0.5878934081747388
190.09963985594237 0.5875863234042817
190.19567827130854 0.5872814252886924
190.29171668667468 0.5869787923282479
190.3877551020408 0.5866776657550298
190.48379351740698 0.5863767083874094
190.57983193277312 0.5860751755764255
190.67587034813926 0.5857732105682407
190.77190876350542 0.5854713852516762
190.86794717887156 0.5851702011497976
190.9639855942377 0.5848700013717172
191.06002400960384 0.5845706846973834
191.15606242497 0.584271634157305
191.25210084033614 0.5839719800936191
191.34813925570228 0.5836709003835008
191.44417767106845 0.5833677395508029
191.54021608643458 0.5830625022643859
191.63625450180072 0.5827559810810511
191.7322929171669 0.5824491313788503
191.82833133253303 0.5821423218486347
191.92436974789916 0.5818353880410173
192.0204081632653 0.5815281253204632
192.11644657863147 0.5812204455033337
192.2124849939976 0.5809123982154895
192.30852340936374 0.5806041977960099
192.4045618247299 0.5802961737860545
192.50060024009605 0.57998849656429
192.5966386554622 0.5796810913865396
192.69267707082835 0.5793738660472224
192.7887154861945 0.579067012333039
192.88475390156063 0.578760941177994
192.98079231692677 0.578455797115544
193.07683073229293 0.5781512942223045
193.17286914765907 0.5778470435517968
193.2689075630252 0.5775430088720895
193.36494597839138 0.5772394364262556
193.4609843937575 0.5769362299173388
193.55702280912365 0.5766327284087256
193.6530612244898 0.576328258688638
193.74909963985596 0.5760229436549305
193.8451380552221 0.5757176036893881
193.94117647058823 0.5754127211508635
194.0372148859544 0.5751080410899349
194.13325330132054 0.5748030489325795
194.22929171668667 0.5744977062101259
194.32533013205284 0.5741924288718181
194.42136854741898 0.5738875190082465
194.51740696278512 0.5735829325013758
194.61344537815125 0.5732785250259175
194.70948379351742 0.5729744509791083
194.80552220888356 0.5726711293999315
194.9015606242497 0.5723687390275195
194.99759903961586 0.5720670013865656
195.093637454982 0.5717655000044168
195.18967587034814 0.5714642248568741
195.2857142857143 0.5711635180072332
195.38175270108044 0.5708632551377176
195.47779111644658 0.5705624740601618
195.57382953181272 0.5702599316067447
195.6698679471789 0.5699551037607526
195.76590636254502 0.5696482404421934
195.86194477791116 0.5693399740357028
195.95798319327733 0.5690311263038641
196.05402160864347 0.5687224730625458
196.1500600240096 0.5684143030923425
196.24609843937577 0.5681064340699249
196.3421368547419 0.5677987679721631
196.43817527010805 0.5674915738359106
196.53421368547419 0.5671852429321506
196.63025210084035 0.5668797985701632
196.7262905162065 0.56657488508318
196.82232893157263 0.5662701951348635
196.9183673469388 0.5659656994716464
197.01440576230493 0.5656615136685672
197.11044417767107 0.5653576151692102
197.20648259303724 0.5650538118467472
197.30252100840337 0.5647497800017116
197.3985594237695 0.5644450870895832
197.49459783913565 0.5641393986184101
197.59063625450182 0.5638329336519758
197.68667466986795 0.5635264470422299
197.7827130852341 0.5632204120970361
197.87875150060026 0.5629145335317826
197.9747899159664 0.5626080629429544
198.07082833133254 0.5623005456640535
198.16686674669867 0.5619919172300846
198.26290516206484 0.5616824033366669
198.35894357743098 0.5613724563397848
198.45498199279712 0.5610626267471303
198.55102040816328 0.560753251095247
198.64705882352942 0.5604444068373433
198.74309723889556 0.5601359301109416
198.83913565426172 0.5598274281304153
198.93517406962786 0.5595185008991926
199.031212484994 0.5592093138433012
199.12725090036014 0.5589006237418692
199.2232893157263 0.5585929451288228
199.31932773109244 0.5582859715893562
199.41536614645858 0.5579789046227208
199.51140456182475 0.5576713816100489
199.60744297719089 0.5573635890415151
199.70348139255702 0.5570556656700332
199.7995198079232 0.5567472668319773
199.89555822328933 0.5564378630581415
199.99159663865547 0.5561276289999885
200.0876350540216 0.5558175386568112
200.18367346938777 0.5555084253256676
200.2797118847539 0.5552002602111723
200.37575030012005 0.5548924503643892
200.4717887154862 0.5545848003010784
200.56782713085235 0.5542776617111725
200.6638655462185 0.5539714156042684
200.75990396158466 0.5536660546225265
200.8559423769508 0.5533612504658415
200.95198079231693 0.5530566080438972
201.04801920768307 0.5527517309148505
201.14405762304924 0.5524464700073799
201.24009603841537 0.5521411342728333
201.3361344537815 0.551836249208121
201.43217286914768 0.5515317129405601
201.52821128451382 0.5512266579446475
201.62424969987995 0.5509202100672653
201.72028811524612 0.550612164173273
201.81632653061226 0.5503028989781978
201.9123649459784 0.5499929880868322
202.00840336134453 0.5496830949144453
202.1044417767107 0.5493736191434504
202.20048019207684 0.5490643662061877
202.29651860744298 0.5487546856834077
202.39255702280914 0.548444044562889
202.48859543817528 0.5481321716124935
202.58463385354142 0.5478192370711559
202.68067226890756 0.5475060290924316
202.77671068427372 0.5471936572020462
202.87274909963986 0.5468823287497252
202.968787515006 0.5465710869857994
203.06482593037217 0.5462589103347533
203.1608643457383 0.5459458462646984
203.25690276110444 0.545632778342064
203.3529411764706 0.5453202150206338
203.44897959183675 0.545007990229744
203.54501800720288 0.5446958778553037
203.64105642256902 0.5443842574665564
203.7370948379352 0.5440738549753211
203.83313325330133 0.5437644235306512
203.92917166866746 0.5434544184584369
204.02521008403363 0.5431423409767009
204.12124849939977 0.5428282674367988
204.2172869147659 0.5425136083702233
204.31332533013207 0.5421995694408595
204.4093637454982 0.5418866942484146
204.50540216086435 0.5415749156025349
204.6014405762305 0.5412636166501225
204.69747899159665 0.5409518105811211
204.7935174069628 0.5406390282578114
204.88955582232893 0.5403255871708795
204.9855942376951 0.5400122202835903
205.08163265306123 0.5396996099620082
205.17767106842737 0.5393883092988168
205.27370948379354 0.5390784786269801
205.36974789915968 0.5387698026546079
205.46578631452581 0.538461668958562
205.56182472989195 0.5381534034242029
205.65786314525812 0.5378443684824157
205.75390156062426 0.5375344290788846
205.8499399759904 0.5372241052063789
205.94597839135656 0.5369140774933728
206.0420168067227 0.5366045013451415
206.13805522208884 0.5362950854055174
206.234093637455 0.5359858633253943
206.33013205282114 0.5356774693232208
206.42617046818728 0.5353705726004443
206.52220888355342 0.5350650520852862
206.61824729891958 0.5347600450660035
206.71428571428572 0.534454666416924
206.81032412965186 0.5341482913683251
206.90636254501803 0.5338405809590211
207.00240096038416 0.5335315203405332
207.0984393757503 0.5332213868015513
207.19447779111644 0.5329105148183247
207.2905162064826 0.5325991980006356
207.38655462184875 0.5322876431047208
207.48259303721488 0.5319758962959912
207.57863145258105 0.5316638690349025
207.6746698679472 0.5313515704237304
207.77070828331333 0.5310392071225668
207.8667466986795 0.5307270711625188
207.96278511404563 0.5304153491068024
208.05882352941177 0.530104096431562
208.1548619447779 0.529793181871676
208.25090036014407 0.5294822645071595
208.3469387755102 0.5291710215445918
208.44297719087635 0.528859555054688
208.53901560624251 0.5285483488041818
208.63505402160865 0.5282375813403588
208.7310924369748 0.5279267967098076
208.82713085234096 0.5276152956876182
208.9231692677071 0.527302874356324
209.01920768307323 0.526989853555292
209.11524609843937 0.5266766359659066
209.21128451380554 0.5263634800636682
209.30732292917168 0.5260505460578433
209.4033613445378 0.5257379901817623
209.49939975990398 0.5254259497605943
209.59543817527012 0.5251143035584627
209.69147659063626 0.524802544832923
209.78751500600242 0.524490057054636
209.88355342136856 0.5241766907592685
209.9795918367347 0.5238627868332678
210.07563025210084 0.5235487045542363
210.171668667467 0.5232345546213318
210.26770708283314 0.5229202580223089
210.36374549819928 0.5226056815412384
210.45978391356545 0.5222906801269075
210.55582232893158 0.5219753513219301
210.65186074429772 0.5216601856317243
210.7478991596639 0.5213458108309085
210.84393757503003 0.5210323957108469
210.93997599039616 0.5207196084057946
211.0360144057623 0.5204070841226152
211.13205282112847 0.5200947180909966
211.2280912364946 0.5197825971385827
211.32412965186074 0.5194708221115094
211.4201680672269 0.5191594716756315
211.51620648259305 0.5188484874854336
211.6122448979592 0.5185375989235745
211.70828331332532 0.5182264675778356
211.8043217286915 0.5179150627487878
211.90036014405763 0.5176036936944277
211.99639855942377 0.5172926631542907
212.09243697478993 0.5169820274316207
212.18847539015607 0.5166716844236592
212.2845138055222 0.5163616256729409
212.38055222088838 0.5160519616082474
212.4765906362545 0.5157426855251798
212.57262905162065 0.5154335019588372
212.6686674669868 0.5151240117983489
212.76470588235296 0.5148142549533782
212.8607442977191 0.5145047743788436
212.95678271308523 0.5141961380763389
213.0528211284514 0.5138885732883017
213.14885954381754 0.5135820037263268
213.24489795918367 0.5132761896057996
213.34093637454984 0.5129707720571224
213.43697478991598 0.5126655565933818
213.53301320528212 0.5123607409330356
213.62905162064826 0.5120567442972302
213.72509003601442 0.5117536398658106
213.82112845138056 0.5114510686380089
213.9171668667467 0.5111487063663525
214.01320528211286 0.5108466579866537
214.109243697479 0.5105452254881104
214.20528211284514 0.5102440789827505
214.3013205282113 0.5099421388072812
214.39735894357744 0.509638641971417
214.49339735894358 0.509334088492152
214.58943577430972 0.5090298673194654
214.6854741896759 0.508726800174717
214.78151260504202 0.5084248444991374
214.87755102040816 0.5081236775611931
214.97358943577433 0.5078232409818938
215.06962785114047 0.5075236678459
215.1656662665066 0.5072249277599715
215.26170468187277 0.5069267528365671
215.3577430972389 0.5066288592312808
215.45378151260505 0.5063311640553635
215.54981992797119 0.506033743633604
215.64585834333735 0.5057366301678683
215.7418967587035 0.5054397563027719
215.83793517406963 0.5051428471577087
215.9339735894358 0.5048453092783294
216.03001200480193 0.5045464170699357
216.12605042016807 0.5042461261559738
216.2220888355342 0.5039452593155056
216.31812725090037 0.5036447303215069
216.4141656662665 0.5033447055676981
216.51020408163265 0.5030447208940682
216.60624249699882 0.5027443909866048
216.70228091236496 0.5024436070087008
216.7983193277311 0.5021424884369765
216.89435774309726 0.5018413284676954
216.9903961584634 0.5015405019446162
217.08643457382954 0.5012400417118865
217.18247298919567 0.500939522432196
217.27851140456184 0.5006383606165192
217.37454981992798 0.5003361721894054
217.47058823529412 0.5000328396108985
217.56662665066028 0.49972874657494953
217.66266506602642 0.499424832017662
217.75870348139256 0.49912190470433176
217.85474189675872 0.49881978485696243
217.95078031212486 0.49851745846726925
218.046818727491 0.49821418395367845
218.14285714285714 0.4979098524581629
218.2388955582233 0.4976047086570618
218.33493397358944 0.4972989833360968
218.43097238895558 0.4969928736281798
218.52701080432175 0.4966865729548719
218.62304921968789 0.4963802772344739
218.71908763505402 0.4960739904195453
218.8151260504202 0.4957672554287945
218.91116446578633 0.4954592885607744
219.00720288115247 0.4951498999091674
219.1032412965186 0.4948398204861648
219.19927971188477 0.4945300294330009
219.2953181272509 0.4942207756204422
219.39135654261705 0.49391161705576686
219.4873949579832 0.4936021541833577
219.58343337334935 0.49329231443693133
219.6794717887155 0.4929822210086178
219.77551020408166 0.492671991520088
219.8715486194478 0.49236170046231575
219.96758703481393 0.49205124039993775
220.06362545018007 0.4917402688733202
220.15966386554624 0.49142847220608626
220.25570228091237 0.4911159897653009
220.3517406962785 0.49080338506679627
220.44777911164468 0.49049116958626027
220.54381752701082 0.4901795947716347
220.63985594237695 0.48986859240751
220.7358943577431 0.48955767476423157
220.83193277310926 0.4892460034920483
220.9279711884754 0.48893298187541917
221.02400960384153 0.488618525617904
221.1200480192077 0.4883029995089141
221.21608643457384 0.4879871029953688
221.31212484993998 0.48767176899853404
221.40816326530614 0.48735744539906306
221.50420168067228 0.4870437524278853
221.60024009603842 0.4867299384245702
221.69627851140456 0.4864157367108483
221.79231692677072 0.48610141622942693
221.88835534213686 0.4857874136710928
221.984393757503 0.4854741447708333
222.08043217286917 0.485161855206004
222.1764705882353 0.48485032921912513
222.27250900360144 0.4845389250503546
222.3685474189676 0.48422720549184717
222.46458583433375 0.4839152743706974
222.56062424969988 0.4836035471141884
222.65666266506602 0.4832922682459799
222.7527010804322 0.48298145908256557
222.84873949579833 0.4826709911544397
222.94477791116446 0.4823606282158699
223.04081632653063 0.4820501088252823
223.13685474189677 0.48173932598698427
223.2328931572629 0.4814283338983693
223.32893157262907 0.4811171727906557
223.4249699879952 0.4808057648356112
223.52100840336135 0.48049389535467635
223.6170468187275 0.4801811722469243
223.71308523409365 0.4798670744301347
223.8091236494598 0.4795515529042599
223.90516206482593 0.4792354045313747
224.0012004801921 0.47891983794309334
224.09723889555823 0.47860540440349214
224.19327731092437 0.4782918781539931
224.28931572629054 0.47797872006515696
224.38535414165668 0.477665382690232
224.48139255702282 0.4773514042854973
224.57743097238895 0.47703663677756936
224.67346938775512 0.4767212683063711
224.76950780312126 0.4764056565511663
224.8655462184874 0.47609021325887285
224.96158463385356 0.47577525530485787
225.0576230492197 0.47546060680935387
225.15366146458584 0.4751455852673322
225.24969987995198 0.4748297181990029
225.34573829531814 0.47451326300973345
225.44177671068428 0.4741969375928447
225.53781512605042 0.4738811172770278
225.63385354141658 0.4735657188935049
225.72989195678272 0.4732505905652067
225.82593037214886 0.4729358090314648
225.92196878751503 0.47262153560016895
226.01800720288117 0.472307557950477
226.1140456182473 0.4719932411124914
226.21008403361344 0.4716781130009232
226.3061224489796 0.4713623336620435
226.40216086434575 0.47104653209900765
226.49819927971188 0.47073124437600034
226.59423769507805 0.47041679861514196
226.6902761104442 0.47010326192971813
226.78631452581033 0.46979039584942556
226.8823529411765 0.46947780871262806
226.97839135654263 0.46916547485306076
227.07442977190877 0.46885381336686005
227.1704681872749 0.46854312266965653
227.26650660264107 0.4682330803019897
227.3625450180072 0.46792296487030866
227.45858343337335 0.46761250952609995
227.55462184873952 0.467302063731598
227.65066026410565 0.4669920205253014
227.7466986794718 0.4666822842916981
227.84273709483796 0.4663724174761169
227.9387755102041 0.4660622703905036
228.03481392557023 0.46575211385718557
228.13085234093637 0.465442289472359
228.22689075630254 0.465132868240851
228.32292917166868 0.46482372155084334
228.4189675870348 0.46451486110828366
228.51500600240098 0.46420650728975354
228.61104441776712 0.46389869098152603
228.70708283313326 0.46359084537748807
228.80312124849942 0.46328201327657187
228.89915966386556 0.4629718013886584
228.9951980792317 0.46266061312604045
229.09123649459784 0.462349146614798
229.187274909964 0.46203785420630056
229.28331332533014 0.4617269262362221
229.37935174069628 0.4614163366316846
229.47539015606245 0.46110586127842673
229.57142857142858 0.46079523106016157
229.66746698679472 0.46048430494082404
229.76350540216086 0.4601730779050469
229.85954381752703 0.45986167543466067
229.95558223289316 0.45955034748494483
230.0516206482593 0.45923933369472647
230.14765906362547 0.4589287032321255
230.2436974789916 0.45861838460282706
230.33973589435774 0.45830836110877393
230.4357743097239 0.4579987272340435
230.53181272509005 0.4576895187062451
230.6278511404562 0.4573805003052544
230.72388955582232 0.4570712559753101
230.8199279711885 0.4567617375515157
230.91596638655463 0.45645243504280847
231.01200480192077 0.4561439447507288
231.10804321728693 0.4558364027346082
231.20408163265307 0.455529508317959
231.3001200480192 0.4552228692653177
231.39615846338538 0.454916125789686
231.4921968787515 0.45460909180719616
231.58823529411765 0.45430194961705467
231.6842737094838 0.45399515474985674
231.78031212484996 0.4536887858477239
231.8763505402161 0.453382314955787
231.97238895558223 0.4530751079049928
232.0684273709484 0.45276714975201804
232.16446578631454 0.4524589630405014
232.26050420168067 0.45215073575485754
232.35654261704684 0.45184199321961616
232.45258103241298 0.45153225699306415
232.54861944777912 0.4512220497155252
232.64465786314526 0.4509127486383747
232.74069627851142 0.4506050443321524
232.83673469387756 0.4502983198358646
232.9327731092437 0.4499914613255779
233.02881152460986 0.44968415919249605
233.124849939976 0.44937689873029474
233.22088835534214 0.449070067778209
233.3169267707083 0.44876357442541326
233.41296518607444 0.44845720956869795
233.50900360144058 0.4481512603342653
233.60504201680672 0.44784645593308653
233.7010804321729 0.447543116217111
233.79711884753902 0.44724076867418594
233.89315726290516 0.44693867870368886
233.98919567827133 0.4466367930010824
234.08523409363747 0.44633574116317504
234.1812725090036 0.44603607723848654
234.27731092436974 0.4457379157848805
234.3733493397359 0.44544109357270134
234.46938775510205 0.44514547526539494
234.56542617046819 0.44485096332667756
234.66146458583435 0.4445572962164448
234.7575030012005 0.44426394809646175
234.85354141656663 0.4439703815587505
234.9495798319328 0.4436765459043176
235.04561824729893 0.4433828642272221
235.14165666266507 0.44308959215178023
235.2376950780312 0.44279647727886706
235.33373349339738 0.4425030839137403
235.4297719087635 0.44220947165097263
235.52581032412965 0.4419161895290793
235.62184873949582 0.4416234069941871
235.71788715486196 0.4413304281156171
235.8139255702281 0.4410362433154685
235.90996398559426 0.4407407442310562
236.0060024009604 0.44044478906452095
236.10204081632654 0.4401492317091263
236.19807923169267 0.4398543474257052
236.29411764705884 0.4395599579422156
236.39015606242498 0.43926573524245993
236.48619447779112 0.43897127882033865
236.58223289315728 0.4386764983439753
236.67827130852342 0.4383818506963448
236.77430972388956 0.4380880095604515
236.87034813925573 0.43779505580099204
236.96638655462186 0.4375024138659751
237.062424969988 0.4372095157744283
237.15846338535414 0.4369162356648363
237.2545018007203 0.4366227428872921
237.35054021608644 0.43632910756113763
237.44657863145258 0.4360352542310455
237.54261704681875 0.4357411624986238
237.6386554621849 0.4354470050018781
237.73469387755102 0.43515306387656344
237.8307322929172 0.43485949803757834
237.92677070828333 0.43456629210575115
238.02280912364947 0.43427308696201733
238.1188475390156 0.43397905770643136
238.21488595438177 0.4336832755985864
238.3109243697479 0.43338574831309834
238.40696278511405 0.4330875325508882
238.5030012004802 0.43278969991194105
238.59903961584635 0.43249255045296836
238.6950780312125 0.4321958104937415
238.79111644657863 0.4318992860767738
238.8871548619448 0.4316029781291096
238.98319327731093 0.43130696507477495
239.07923169267707 0.431011308974098
239.17527010804324 0.4307160306786635
239.27130852340937 0.43042103885253535
239.3673469387755 0.4301261357119912
239.46338535414168 0.4298313546727107
239.55942376950782 0.4295372437170605
239.65546218487395 0.4292445635898627
239.7515006002401 0.42895324217178465
239.84753901560626 0.42866221033342533
239.9435774309724 0.4283704151385257
240.03961584633853 0.4280777135141109
240.1356542617047 0.42778464834900165
240.23169267707084 0.42749154464850075
240.32773109243698 0.42719832576959577
240.42376950780314 0.426904860047869
240.51980792316928 0.4266112819473446
240.61584633853542 0.4263179126640099
240.71188475390156 0.4260249160004899
240.80792316926772 0.42573221756225377
240.90396158463386 0.4254395053199882
241.0 0.42514623017144587
