1.00000 0.13218 0.13218
1.09604 0.13203 0.13217
1.19208 0.13189 0.13216
1.28812 0.13174 0.13214
1.38415 0.13159 0.13213
1.48019 0.13145 0.13212
1.57623 0.13130 0.13211
1.67227 0.13116 0.13209
1.76831 0.13101 0.13208
1.86435 0.13087 0.13207
1.96038 0.13073 0.13206
2.05642 0.13059 0.13204
2.15246 0.13045 0.13203
2.24850 0.13031 0.13202
2.34454 0.13017 0.13201
2.44058 0.13004 0.13199
2.53661 0.12990 0.13198
2.63265 0.12977 0.13197
2.72869 0.12964 0.13196
2.82473 0.12951 0.13195
2.92077 0.12938 0.13193
3.01681 0.12925 0.13192
3.11285 0.12913 0.13191
3.20888 0.12901 0.13190
3.30492 0.12889 0.13189
3.40096 0.12877 0.13188
3.49700 0.12866 0.13187
3.59304 0.12855 0.13185
3.68908 0.12844 0.13184
3.78511 0.12833 0.13183
3.88115 0.12822 0.13182
3.97719 0.12812 0.13181
4.07323 0.12802 0.13180
4.16927 0.12792 0.13179
4.26531 0.12782 0.13178
4.36134 0.12773 0.13177
4.45738 0.12763 0.13176
4.55342 0.12754 0.13175
4.64946 0.12746 0.13175
4.74550 0.12737 0.13174
4.84154 0.12729 0.13173
4.93758 0.12721 0.13172
5.03361 0.12713 0.13171
5.12965 0.12705 0.13170
5.22569 0.12698 0.13170
5.32173 0.12691 0.13169
5.41777 0.12684 0.13168
5.51381 0.12677 0.13167
5.60984 0.12670 0.13167
5.70588 0.12664 0.13166
5.80192 0.12658 0.13165
5.89796 0.12652 0.13165
5.99400 0.12646 0.13164
6.09004 0.12640 0.13163
6.18607 0.12634 0.13163
6.28211 0.12629 0.13162
6.37815 0.12624 0.13162
6.47419 0.12619 0.13161
6.57023 0.12614 0.13161
6.66627 0.12609 0.13160
6.76230 0.12605 0.13160
6.85834 0.12601 0.13159
6.95438 0.12597 0.13159
7.05042 0.12594 0.13158
7.14646 0.12590 0.13158
7.24250 0.12587 0.13158
7.33854 0.12584 0.13157
7.43457 0.12582 0.13157
7.53061 0.12579 0.13156
7.62665 0.12577 0.13156
7.72269 0.12575 0.13156
7.81873 0.12574 0.13156
7.91477 0.12573 0.13155
8.01080 0.12572 0.13155
8.10684 0.12571 0.13155
8.20288 0.12571 0.13155
8.29892 0.12570 0.13155
8.39496 0.12570 0.13155
8.49100 0.12570 0.13155
8.58703 0.12570 0.13155
8.68307 0.12571 0.13154
8.77911 0.12572 0.13154
8.87515 0.12573 0.13154
8.97119 0.12574 0.13154
9.06723 0.12576 0.13154
9.16327 0.12577 0.13154
9.25930 0.12579 0.13154
9.35534 0.12581 0.13154
9.45138 0.12583 0.13155
9.54742 0.12586 0.13155
9.64346 0.12588 0.13155
9.73950 0.12591 0.13155
9.83553 0.12594 0.13155
9.93157 0.12597 0.13155
10.02761 0.12600 0.13155
10.12365 0.12604 0.13156
10.21969 0.12608 0.13156
10.31573 0.12611 0.13156
10.41176 0.12615 0.13156
10.50780 0.12619 0.13157
10.60384 0.12623 0.13157
10.69988 0.12628 0.13157
10.79592 0.12632 0.13157
10.89196 0.12637 0.13158
10.98800 0.12642 0.13158
11.08403 0.12647 0.13159
11.18007 0.12652 0.13159
11.27611 0.12658 0.13160
11.37215 0.12663 0.13160
11.46819 0.12669 0.13161
11.56423 0.12676 0.13161
11.66026 0.12682 0.13162
11.75630 0.12689 0.13162
11.85234 0.12696 0.13163
11.94838 0.12703 0.13163
12.04442 0.12710 0.13164
12.14046 0.12717 0.13164
12.23649 0.12724 0.13165
12.33253 0.12731 0.13166
12.42857 0.12738 0.13166
12.52461 0.12746 0.13167
12.62065 0.12753 0.13167
12.71669 0.12760 0.13168
12.81273 0.12768 0.13169
12.90876 0.12776 0.13170
13.00480 0.12784 0.13170
13.10084 0.12792 0.13171
13.19688 0.12800 0.13172
13.29292 0.12808 0.13173
13.38896 0.12817 0.13174
13.48499 0.12826 0.13174
13.58103 0.12835 0.13175
13.67707 0.12844 0.13176
13.77311 0.12853 0.13177
13.86915 0.12862 0.13178
13.96519 0.12871 0.13179
14.06122 0.12880 0.13180
14.15726 0.12890 0.13181
14.25330 0.12899 0.13182
14.34934 0.12909 0.13183
14.44538 0.12919 0.13184
14.54142 0.12928 0.13185
14.63745 0.12938 0.13186
14.73349 0.12949 0.13187
14.82953 0.12959 0.13188
14.92557 0.12969 0.13189
15.02161 0.12979 0.13190
15.11765 0.12990 0.13191
15.21369 0.13000 0.13192
15.30972 0.13011 0.13193
15.40576 0.13023 0.13194
15.50180 0.13034 0.13195
15.59784 0.13046 0.13196
15.69388 0.13058 0.13197
15.78992 0.13070 0.13198
15.88595 0.13082 0.13199
15.98199 0.13094 0.13201
16.07803 0.13106 0.13202
16.17407 0.13118 0.13203
16.27011 0.13130 0.13204
16.36615 0.13143 0.13205
16.46218 0.13156 0.13206
16.55822 0.13169 0.13208
16.65426 0.13182 0.13209
16.75030 0.13195 0.13210
16.84634 0.13208 0.13211
16.94238 0.13221 0.13213
17.03842 0.13234 0.13214
17.13445 0.13248 0.13215
17.23049 0.13261 0.13216
17.32653 0.13275 0.13217
17.42257 0.13289 0.13219
17.51861 0.13303 0.13220
17.61465 0.13316 0.13221
17.71068 0.13330 0.13223
17.80672 0.13343 0.13224
17.90276 0.13357 0.13225
17.99880 0.13371 0.13226
18.09484 0.13385 0.13228
18.19088 0.13399 0.13229
18.28691 0.13413 0.13231
18.38295 0.13428 0.13232
18.47899 0.13442 0.13233
18.57503 0.13457 0.13235
18.67107 0.13471 0.13236
18.76711 0.13486 0.13238
18.86315 0.13501 0.13239
18.95918 0.13515 0.13240
19.05522 0.13530 0.13242
19.15126 0.13545 0.13243
19.24730 0.13560 0.13245
19.34334 0.13576 0.13246
19.43938 0.13591 0.13248
19.53541 0.13607 0.13249
19.63145 0.13622 0.13251
19.72749 0.13637 0.13252
19.82353 0.13653 0.13254
19.91957 0.13668 0.13255
20.01561 0.13684 0.13257
20.11164 0.13700 0.13258
20.20768 0.13716 0.13260
20.30372 0.13731 0.13261
20.39976 0.13747 0.13263
20.49580 0.13762 0.13264
20.59184 0.13778 0.13266
20.68788 0.13794 0.13267
20.78391 0.13810 0.13269
20.87995 0.13827 0.13270
20.97599 0.13843 0.13272
21.07203 0.13859 0.13274
21.16807 0.13875 0.13275
21.26411 0.13892 0.13277
21.36014 0.13908 0.13278
21.45618 0.13925 0.13280
21.55222 0.13942 0.13282
21.64826 0.13959 0.13283
21.74430 0.13975 0.13285
21.84034 0.13992 0.13286
21.93637 0.14009 0.13288
22.03241 0.14025 0.13290
22.12845 0.14042 0.13291
22.22449 0.14059 0.13293
22.32053 0.14076 0.13294
22.41657 0.14093 0.13296
22.51261 0.14110 0.13298
22.60864 0.14128 0.13299
22.70468 0.14145 0.13301
22.80072 0.14163 0.13303
22.89676 0.14180 0.13304
22.99280 0.14197 0.13306
23.08884 0.14214 0.13308
23.18487 0.14232 0.13309
23.28091 0.14249 0.13311
23.37695 0.14266 0.13313
23.47299 0.14284 0.13314
23.56903 0.14302 0.13316
23.66507 0.14320 0.13318
23.76110 0.14338 0.13319
23.85714 0.14356 0.13321
23.95318 0.14373 0.13323
24.04922 0.14391 0.13324
24.14526 0.14409 0.13326
24.24130 0.14427 0.13328
24.33733 0.14445 0.13330
24.43337 0.14463 0.13331
24.52941 0.14481 0.13333
24.62545 0.14499 0.13335
24.72149 0.14517 0.13337
24.81753 0.14535 0.13338
24.91357 0.14553 0.13340
25.00960 0.14571 0.13342
25.10564 0.14590 0.13344
25.20168 0.14608 0.13346
25.29772 0.14627 0.13347
25.39376 0.14645 0.13349
25.48980 0.14664 0.13351
25.58583 0.14682 0.13353
25.68187 0.14701 0.13355
25.77791 0.14720 0.13356
25.87395 0.14739 0.13358
25.96999 0.14757 0.13360
26.06603 0.14776 0.13362
26.16206 0.14795 0.13364
26.25810 0.14814 0.13366
26.35414 0.14833 0.13367
26.45018 0.14852 0.13369
26.54622 0.14871 0.13371
26.64226 0.14890 0.13373
26.73830 0.14909 0.13375
26.83433 0.14928 0.13376
26.93037 0.14948 0.13378
27.02641 0.14967 0.13380
27.12245 0.14987 0.13382
27.21849 0.15006 0.13384
27.31453 0.15026 0.13386
27.41056 0.15046 0.13387
27.50660 0.15066 0.13389
27.60264 0.15086 0.13391
27.69868 0.15106 0.13393
27.79472 0.15127 0.13395
27.89076 0.15148 0.13397
27.98679 0.15168 0.13399
28.08283 0.15189 0.13401
28.17887 0.15210 0.13402
28.27491 0.15231 0.13404
28.37095 0.15251 0.13406
28.46699 0.15272 0.13408
28.56303 0.15294 0.13410
28.65906 0.15315 0.13412
28.75510 0.15336 0.13414
28.85114 0.15357 0.13416
28.94718 0.15379 0.13418
29.04322 0.15401 0.13420
29.13926 0.15422 0.13421
29.23529 0.15444 0.13423
29.33133 0.15465 0.13425
29.42737 0.15487 0.13427
29.52341 0.15509 0.13429
29.61945 0.15531 0.13431
29.71549 0.15553 0.13433
29.81152 0.15574 0.13435
29.90756 0.15596 0.13437
30.00360 0.15618 0.13439
30.09964 0.15640 0.13441
30.19568 0.15663 0.13443
30.29172 0.15685 0.13444
30.38776 0.15707 0.13446
30.48379 0.15730 0.13448
30.57983 0.15753 0.13450
30.67587 0.15776 0.13452
30.77191 0.15798 0.13454
30.86795 0.15821 0.13456
30.96399 0.15844 0.13458
31.06002 0.15866 0.13460
31.15606 0.15890 0.13462
31.25210 0.15912 0.13464
31.34814 0.15935 0.13466
31.44418 0.15958 0.13468
31.54022 0.15981 0.13470
31.63625 0.16004 0.13472
31.73229 0.16027 0.13474
31.82833 0.16050 0.13476
31.92437 0.16073 0.13478
32.02041 0.16096 0.13480
32.11645 0.16119 0.13482
32.21248 0.16142 0.13484
32.30852 0.16166 0.13486
32.40456 0.16189 0.13488
32.50060 0.16212 0.13490
32.59664 0.16235 0.13492
32.69268 0.16259 0.13494
32.78872 0.16282 0.13496
32.88475 0.16306 0.13498
32.98079 0.16330 0.13500
33.07683 0.16354 0.13502
33.17287 0.16378 0.13504
33.26891 0.16402 0.13506
33.36495 0.16426 0.13509
33.46098 0.16450 0.13511
33.55702 0.16474 0.13513
33.65306 0.16498 0.13515
33.74910 0.16522 0.13517
33.84514 0.16546 0.13519
33.94118 0.16571 0.13521
34.03721 0.16595 0.13523
34.13325 0.16619 0.13525
34.22929 0.16643 0.13527
34.32533 0.16668 0.13529
34.42137 0.16692 0.13531
34.51741 0.16716 0.13533
34.61345 0.16741 0.13535
34.70948 0.16765 0.13537
34.80552 0.16789 0.13539
34.90156 0.16814 0.13541
34.99760 0.16838 0.13543
35.09364 0.16863 0.13545
35.18968 0.16887 0.13547
35.28571 0.16912 0.13549
35.38175 0.16936 0.13551
35.47779 0.16961 0.13553
35.57383 0.16985 0.13555
35.66987 0.17010 0.13557
35.76591 0.17035 0.13559
35.86194 0.17060 0.13561
35.95798 0.17084 0.13563
36.05402 0.17109 0.13565
36.15006 0.17134 0.13567
36.24610 0.17159 0.13569
36.34214 0.17184 0.13571
36.43818 0.17208 0.13573
36.53421 0.17233 0.13575
36.63025 0.17258 0.13577
36.72629 0.17283 0.13579
36.82233 0.17309 0.13582
36.91837 0.17334 0.13584
37.01441 0.17359 0.13586
37.11044 0.17384 0.13588
37.20648 0.17410 0.13590
37.30252 0.17435 0.13592
37.39856 0.17461 0.13594
37.49460 0.17486 0.13596
37.59064 0.17511 0.13598
37.68667 0.17537 0.13600
37.78271 0.17562 0.13602
37.87875 0.17588 0.13604
37.97479 0.17613 0.13606
38.07083 0.17639 0.13608
38.16687 0.17664 0.13610
38.26291 0.17690 0.13611
38.35894 0.17715 0.13613
38.45498 0.17741 0.13615
38.55102 0.17766 0.13617
38.64706 0.17791 0.13619
38.74310 0.17817 0.13621
38.83914 0.17842 0.13623
38.93517 0.17868 0.13625
39.03121 0.17893 0.13627
39.12725 0.17919 0.13629
39.22329 0.17945 0.13631
39.31933 0.17971 0.13633
39.41537 0.17996 0.13635
39.51140 0.18022 0.13637
39.60744 0.18048 0.13639
39.70348 0.18074 0.13641
39.79952 0.18100 0.13643
39.89556 0.18126 0.13645
39.99160 0.18152 0.13647
40.08764 0.18178 0.13649
40.18367 0.18204 0.13651
40.27971 0.18230 0.13653
40.37575 0.18256 0.13655
40.47179 0.18282 0.13657
40.56783 0.18308 0.13659
40.66387 0.18334 0.13661
40.75990 0.18360 0.13663
40.85594 0.18386 0.13665
40.95198 0.18412 0.13667
41.04802 0.18438 0.13669
41.14406 0.18463 0.13671
41.24010 0.18489 0.13673
41.33613 0.18515 0.13674
41.43217 0.18541 0.13676
41.52821 0.18567 0.13678
41.62425 0.18593 0.13680
41.72029 0.18619 0.13682
41.81633 0.18645 0.13684
41.91236 0.18672 0.13686
42.00840 0.18698 0.13688
42.10444 0.18724 0.13690
42.20048 0.18750 0.13692
42.29652 0.18776 0.13694
42.39256 0.18802 0.13696
42.48860 0.18828 0.13698
42.58463 0.18854 0.13700
42.68067 0.18880 0.13702
42.77671 0.18907 0.13704
42.87275 0.18933 0.13705
42.96879 0.18959 0.13707
43.06483 0.18985 0.13709
43.16086 0.19012 0.13711
43.25690 0.19038 0.13713
43.35294 0.19064 0.13715
43.44898 0.19090 0.13717
43.54502 0.19116 0.13719
43.64106 0.19143 0.13721
43.73709 0.19169 0.13723
43.83313 0.19195 0.13725
43.92917 0.19222 0.13727
44.02521 0.19248 0.13729
44.12125 0.19274 0.13731
44.21729 0.19301 0.13732
44.31333 0.19327 0.13734
44.40936 0.19353 0.13736
44.50540 0.19379 0.13738
44.60144 0.19405 0.13740
44.69748 0.19431 0.13742
44.79352 0.19457 0.13744
44.88956 0.19484 0.13746
44.98559 0.19510 0.13748
45.08163 0.19537 0.13750
45.17767 0.19563 0.13751
45.27371 0.19590 0.13753
45.36975 0.19616 0.13755
45.46579 0.19643 0.13757
45.56182 0.19670 0.13759
45.65786 0.19696 0.13761
45.75390 0.19723 0.13763
45.84994 0.19750 0.13765
45.94598 0.19776 0.13767
46.04202 0.19803 0.13769
46.13806 0.19829 0.13770
46.23409 0.19856 0.13772
46.33013 0.19882 0.13774
46.42617 0.19909 0.13776
46.52221 0.19936 0.13778
46.61825 0.19962 0.13780
46.71429 0.19989 0.13782
46.81032 0.20015 0.13784
46.90636 0.20042 0.13786
47.00240 0.20068 0.13788
47.09844 0.20095 0.13789
47.19448 0.20122 0.13791
47.29052 0.20148 0.13793
47.38655 0.20175 0.13795
47.48259 0.20202 0.13797
47.57863 0.20229 0.13799
47.67467 0.20255 0.13801
47.77071 0.20282 0.13803
47.86675 0.20308 0.13804
47.96279 0.20335 0.13806
48.05882 0.20361 0.13808
48.15486 0.20388 0.13810
48.25090 0.20414 0.13812
48.34694 0.20441 0.13814
48.44298 0.20467 0.13816
48.53902 0.20493 0.13817
48.63505 0.20520 0.13819
48.73109 0.20546 0.13821
48.82713 0.20572 0.13823
48.92317 0.20598 0.13825
49.01921 0.20624 0.13827
49.11525 0.20650 0.13829
49.21128 0.20676 0.13831
49.30732 0.20702 0.13833
49.40336 0.20728 0.13834
49.49940 0.20754 0.13836
49.59544 0.20780 0.13838
49.69148 0.20806 0.13840
49.78752 0.20832 0.13842
49.88355 0.20858 0.13844
49.97959 0.20884 0.13846
50.07563 0.20909 0.13848
50.17167 0.20935 0.13850
50.26771 0.20961 0.13852
50.36375 0.20988 0.13853
50.45978 0.21014 0.13855
50.55582 0.21040 0.13857
50.65186 0.21066 0.13859
50.74790 0.21093 0.13861
50.84394 0.21119 0.13863
50.93998 0.21145 0.13865
51.03601 0.21172 0.13867
51.13205 0.21198 0.13869
51.22809 0.21224 0.13870
51.32413 0.21250 0.13872
51.42017 0.21276 0.13874
51.51621 0.21303 0.13876
51.61224 0.21329 0.13878
51.70828 0.21355 0.13880
51.80432 0.21382 0.13882
51.90036 0.21408 0.13884
51.99640 0.21434 0.13886
52.09244 0.21460 0.13887
52.18848 0.21486 0.13889
52.28451 0.21512 0.13891
52.38055 0.21538 0.13893
52.47659 0.21564 0.13895
52.57263 0.21590 0.13897
52.66867 0.21616 0.13899
52.76471 0.21642 0.13901
52.86074 0.21668 0.13902
52.95678 0.21694 0.13904
53.05282 0.21720 0.13906
53.14886 0.21746 0.13908
53.24490 0.21772 0.13910
53.34094 0.21798 0.13912
53.43697 0.21824 0.13914
53.53301 0.21849 0.13915
53.62905 0.21875 0.13917
53.72509 0.21901 0.13919
53.82113 0.21926 0.13921
53.91717 0.21952 0.13923
54.01321 0.21977 0.13925
54.10924 0.22003 0.13926
54.20528 0.22029 0.13928
54.30132 0.22054 0.13930
54.39736 0.22080 0.13932
54.49340 0.22105 0.13934
54.58944 0.22131 0.13935
54.68547 0.22156 0.13937
54.78151 0.22181 0.13939
54.87755 0.22207 0.13941
54.97359 0.22232 0.13943
55.06963 0.22257 0.13945
55.16567 0.22283 0.13946
55.26170 0.22308 0.13948
55.35774 0.22333 0.13950
55.45378 0.22358 0.13952
55.54982 0.22383 0.13954
55.64586 0.22409 0.13955
55.74190 0.22434 0.13957
55.83794 0.22459 0.13959
55.93397 0.22484 0.13961
56.03001 0.22509 0.13963
56.12605 0.22534 0.13964
56.22209 0.22558 0.13966
56.31813 0.22583 0.13968
56.41417 0.22608 0.13970
56.51020 0.22633 0.13972
56.60624 0.22658 0.13973
56.70228 0.22683 0.13975
56.79832 0.22708 0.13977
56.89436 0.22733 0.13979
56.99040 0.22758 0.13980
57.08643 0.22783 0.13982
57.18247 0.22807 0.13984
57.27851 0.22832 0.13986
57.37455 0.22857 0.13988
57.47059 0.22882 0.13989
57.56663 0.22906 0.13991
57.66267 0.22931 0.13993
57.75870 0.22956 0.13995
57.85474 0.22980 0.13996
57.95078 0.23005 0.13998
58.04682 0.23030 0.14000
58.14286 0.23055 0.14002
58.23890 0.23079 0.14003
58.33493 0.23104 0.14005
58.43097 0.23129 0.14007
58.52701 0.23153 0.14009
58.62305 0.23178 0.14010
58.71909 0.23203 0.14012
58.81513 0.23227 0.14014
58.91116 0.23252 0.14016
59.00720 0.23277 0.14017
59.10324 0.23301 0.14019
59.19928 0.23326 0.14021
59.29532 0.23350 0.14022
59.39136 0.23375 0.14024
59.48739 0.23399 0.14026
59.58343 0.23424 0.14027
59.67947 0.23449 0.14029
59.77551 0.23474 0.14031
59.87155 0.23498 0.14033
59.96759 0.23523 0.14034
60.06363 0.23547 0.14036
60.15966 0.23572 0.14038
60.25570 0.23596 0.14039
60.35174 0.23620 0.14041
60.44778 0.23645 0.14043
60.54382 0.23669 0.14044
60.63986 0.23694 0.14046
60.73589 0.23718 0.14048
60.83193 0.23742 0.14050
60.92797 0.23767 0.14051
61.02401 0.23791 0.14053
61.12005 0.23816 0.14055
61.21609 0.23841 0.14056
61.31212 0.23865 0.14058
61.40816 0.23890 0.14060
61.50420 0.23914 0.14061
61.60024 0.23938 0.14063
61.69628 0.23963 0.14065
61.79232 0.23987 0.14066
61.88836 0.24011 0.14068
61.98439 0.24035 0.14069
62.08043 0.24059 0.14071
62.17647 0.24083 0.14073
62.27251 0.24107 0.14074
62.36855 0.24131 0.14076
62.46459 0.24155 0.14078
62.56062 0.24179 0.14079
62.65666 0.24203 0.14081
62.75270 0.24227 0.14082
62.84874 0.24251 0.14084
62.94478 0.24274 0.14086
63.04082 0.24298 0.14087
63.13685 0.24322 0.14089
63.23289 0.24345 0.14090
63.32893 0.24369 0.14092
63.42497 0.24392 0.14094
63.52101 0.24416 0.14095
63.61705 0.24440 0.14097
63.71309 0.24463 0.14098
63.80912 0.24486 0.14100
63.90516 0.24510 0.14102
64.00120 0.24533 0.14103
64.09724 0.24556 0.14105
64.19328 0.24579 0.14106
64.28932 0.24603 0.14108
64.38535 0.24626 0.14109
64.48139 0.24649 0.14111
64.57743 0.24672 0.14113
64.67347 0.24695 0.14114
64.76951 0.24718 0.14116
64.86555 0.24741 0.14117
64.96158 0.24764 0.14119
65.05762 0.24787 0.14120
65.15366 0.24810 0.14122
65.24970 0.24833 0.14123
65.34574 0.24856 0.14125
65.44178 0.24879 0.14126
65.53782 0.24902 0.14128
65.63385 0.24924 0.14130
65.72989 0.24947 0.14131
65.82593 0.24970 0.14133
65.92197 0.24993 0.14134
66.01801 0.25015 0.14136
66.11405 0.25038 0.14137
66.21008 0.25061 0.14139
66.30612 0.25083 0.14140
66.40216 0.25106 0.14142
66.49820 0.25129 0.14143
66.59424 0.25151 0.14145
66.69028 0.25174 0.14146
66.78631 0.25196 0.14148
66.88235 0.25219 0.14149
66.97839 0.25241 0.14151
67.07443 0.25264 0.14152
67.17047 0.25286 0.14154
67.26651 0.25309 0.14155
67.36255 0.25331 0.14157
67.45858 0.25353 0.14158
67.55462 0.25376 0.14160
67.65066 0.25398 0.14161
67.74670 0.25420 0.14163
67.84274 0.25443 0.14164
67.93878 0.25465 0.14166
68.03481 0.25487 0.14167
68.13085 0.25510 0.14169
68.22689 0.25532 0.14170
68.32293 0.25554 0.14172
68.41897 0.25576 0.14173
68.51501 0.25599 0.14175
68.61104 0.25621 0.14176
68.70708 0.25643 0.14178
68.80312 0.25665 0.14179
68.89916 0.25687 0.14181
68.99520 0.25709 0.14182
69.09124 0.25731 0.14184
69.18727 0.25754 0.14185
69.28331 0.25776 0.14186
69.37935 0.25798 0.14188
69.47539 0.25820 0.14189
69.57143 0.25842 0.14191
69.66747 0.25864 0.14192
69.76351 0.25886 0.14194
69.85954 0.25908 0.14195
69.95558 0.25930 0.14197
70.05162 0.25952 0.14198
70.14766 0.25974 0.14200
70.24370 0.25996 0.14201
70.33974 0.26018 0.14202
70.43577 0.26040 0.14204
70.53181 0.26062 0.14205
70.62785 0.26084 0.14207
70.72389 0.26106 0.14208
70.81993 0.26128 0.14210
70.91597 0.26150 0.14211
71.01200 0.26171 0.14212
71.10804 0.26193 0.14214
71.20408 0.26215 0.14215
71.30012 0.26237 0.14217
71.39616 0.26259 0.14218
71.49220 0.26281 0.14219
71.58824 0.26302 0.14221
71.68427 0.26324 0.14222
71.78031 0.26346 0.14224
71.87635 0.26367 0.14225
71.97239 0.26389 0.14226
72.06843 0.26410 0.14228
72.16447 0.26432 0.14229
72.26050 0.26453 0.14231
72.35654 0.26475 0.14232
72.45258 0.26496 0.14233
72.54862 0.26518 0.14235
72.64466 0.26539 0.14236
72.74070 0.26560 0.14238
72.83673 0.26582 0.14239
72.93277 0.26603 0.14240
73.02881 0.26624 0.14242
73.12485 0.26645 0.14243
73.22089 0.26666 0.14244
73.31693 0.26687 0.14246
73.41297 0.26709 0.14247
73.50900 0.26730 0.14249
73.60504 0.26751 0.14250
73.70108 0.26772 0.14251
73.79712 0.26793 0.14253
73.89316 0.26814 0.14254
73.98920 0.26835 0.14255
74.08523 0.26856 0.14257
74.18127 0.26877 0.14258
74.27731 0.26898 0.14260
74.37335 0.26919 0.14261
74.46939 0.26940 0.14262
74.56543 0.26961 0.14264
74.66146 0.26982 0.14265
74.75750 0.27002 0.14266
74.85354 0.27023 0.14268
74.94958 0.27044 0.14269
75.04562 0.27065 0.14270
75.14166 0.27086 0.14272
75.23770 0.27107 0.14273
75.33373 0.27128 0.14275
75.42977 0.27149 0.14276
75.52581 0.27170 0.14277
75.62185 0.27191 0.14279
75.71789 0.27212 0.14280
75.81393 0.27233 0.14281
75.90996 0.27254 0.14283
76.00600 0.27275 0.14284
76.10204 0.27295 0.14285
76.19808 0.27316 0.14287
76.29412 0.27336 0.14288
76.39016 0.27357 0.14289
76.48619 0.27377 0.14291
76.58223 0.27398 0.14292
76.67827 0.27418 0.14293
76.77431 0.27438 0.14295
76.87035 0.27458 0.14296
76.96639 0.27478 0.14297
77.06242 0.27498 0.14299
77.15846 0.27518 0.14300
77.25450 0.27538 0.14301
77.35054 0.27558 0.14303
77.44658 0.27578 0.14304
77.54262 0.27598 0.14305
77.63866 0.27617 0.14307
77.73469 0.27637 0.14308
77.83073 0.27657 0.14309
77.92677 0.27676 0.14311
78.02281 0.27696 0.14312
78.11885 0.27716 0.14313
78.21489 0.27735 0.14315
78.31092 0.27755 0.14316
78.40696 0.27775 0.14317
78.50300 0.27794 0.14319
78.59904 0.27814 0.14320
78.69508 0.27834 0.14321
78.79112 0.27854 0.14322
78.88715 0.27874 0.14324
78.98319 0.27894 0.14325
79.07923 0.27913 0.14326
79.17527 0.27933 0.14328
79.27131 0.27953 0.14329
79.36735 0.27973 0.14330
79.46339 0.27993 0.14331
79.55942 0.28013 0.14333
79.65546 0.28033 0.14334
79.75150 0.28053 0.14335
79.84754 0.28073 0.14337
79.94358 0.28093 0.14338
80.03962 0.28113 0.14339
80.13565 0.28133 0.14341
80.23169 0.28153 0.14342
80.32773 0.28173 0.14343
80.42377 0.28193 0.14344
80.51981 0.28212 0.14346
80.61585 0.28232 0.14347
80.71188 0.28252 0.14348
80.80792 0.28271 0.14349
80.90396 0.28291 0.14351
81.00000 0.28311 0.14352
81.09604 0.28331 0.14353
81.19208 0.28350 0.14355
81.28812 0.28370 0.14356
81.38415 0.28389 0.14357
81.48019 0.28408 0.14358
81.57623 0.28427 0.14360
81.67227 0.28447 0.14361
81.76831 0.28466 0.14362
81.86435 0.28485 0.14363
81.96038 0.28504 0.14365
82.05642 0.28522 0.14366
82.15246 0.28541 0.14367
82.24850 0.28560 0.14368
82.34454 0.28578 0.14370
82.44058 0.28597 0.14371
82.53661 0.28615 0.14372
82.63265 0.28634 0.14373
82.72869 0.28652 0.14375
82.82473 0.28670 0.14376
82.92077 0.28689 0.14377
83.01681 0.28707 0.14378
83.11285 0.28725 0.14380
83.20888 0.28743 0.14381
83.30492 0.28761 0.14382
83.40096 0.28780 0.14383
83.49700 0.28798 0.14385
83.59304 0.28816 0.14386
83.68908 0.28834 0.14387
83.78511 0.28852 0.14388
83.88115 0.28870 0.14390
83.97719 0.28888 0.14391
84.07323 0.28906 0.14392
84.16927 0.28923 0.14393
84.26531 0.28941 0.14395
84.36134 0.28959 0.14396
84.45738 0.28977 0.14397
84.55342 0.28996 0.14398
84.64946 0.29014 0.14400
84.74550 0.29032 0.14401
84.84154 0.29050 0.14402
84.93758 0.29068 0.14403
85.03361 0.29086 0.14404
85.12965 0.29104 0.14406
85.22569 0.29122 0.14407
85.32173 0.29140 0.14408
85.41777 0.29157 0.14409
85.51381 0.29175 0.14411
85.60984 0.29192 0.14412
85.70588 0.29210 0.14413
85.80192 0.29227 0.14414
85.89796 0.29244 0.14415
85.99400 0.29262 0.14417
86.09004 0.29279 0.14418
86.18607 0.29296 0.14419
86.28211 0.29313 0.14420
86.37815 0.29331 0.14421
86.47419 0.29348 0.14423
86.57023 0.29365 0.14424
86.66627 0.29382 0.14425
86.76230 0.29399 0.14426
86.85834 0.29416 0.14427
86.95438 0.29433 0.14428
87.05042 0.29450 0.14430
87.14646 0.29467 0.14431
87.24250 0.29483 0.14432
87.33854 0.29500 0.14433
87.43457 0.29516 0.14434
87.53061 0.29533 0.14436
87.62665 0.29550 0.14437
87.72269 0.29566 0.14438
87.81873 0.29583 0.14439
87.91477 0.29599 0.14440
88.01080 0.29615 0.14442
88.10684 0.29632 0.14443
88.20288 0.29648 0.14444
88.29892 0.29664 0.14445
88.39496 0.29680 0.14446
88.49100 0.29696 0.14447
88.58703 0.29712 0.14449
88.68307 0.29728 0.14450
88.77911 0.29745 0.14451
88.87515 0.29761 0.14452
88.97119 0.29777 0.14453
89.06723 0.29793 0.14454
89.16327 0.29809 0.14456
89.25930 0.29825 0.14457
89.35534 0.29841 0.14458
89.45138 0.29857 0.14459
89.54742 0.29873 0.14460
89.64346 0.29889 0.14461
89.73950 0.29905 0.14463
89.83553 0.29921 0.14464
89.93157 0.29937 0.14465
90.02761 0.29953 0.14466
90.12365 0.29969 0.14467
90.21969 0.29985 0.14468
90.31573 0.30001 0.14469
90.41176 0.30017 0.14471
90.50780 0.30032 0.14472
90.60384 0.30048 0.14473
90.69988 0.30064 0.14474
90.79592 0.30080 0.14475
90.89196 0.30096 0.14476
90.98800 0.30111 0.14477
91.08403 0.30127 0.14479
91.18007 0.30143 0.14480
91.27611 0.30158 0.14481
91.37215 0.30174 0.14482
91.46819 0.30190 0.14483
91.56423 0.30205 0.14484
91.66026 0.30221 0.14485
91.75630 0.30237 0.14486
91.85234 0.30252 0.14488
91.94838 0.30268 0.14489
92.04442 0.30284 0.14490
92.14046 0.30299 0.14491
92.23649 0.30315 0.14492
92.33253 0.30331 0.14493
92.42857 0.30346 0.14494
92.52461 0.30362 0.14495
92.62065 0.30377 0.14496
92.71669 0.30392 0.14498
92.81273 0.30408 0.14499
92.90876 0.30423 0.14500
93.00480 0.30438 0.14501
93.10084 0.30454 0.14502
93.19688 0.30469 0.14503
93.29292 0.30484 0.14504
93.38896 0.30500 0.14505
93.48499 0.30515 0.14506
93.58103 0.30530 0.14507
93.67707 0.30546 0.14509
93.77311 0.30561 0.14510
93.86915 0.30576 0.14511
93.96519 0.30592 0.14512
94.06122 0.30607 0.14513
94.15726 0.30622 0.14514
94.25330 0.30637 0.14515
94.34934 0.30652 0.14516
94.44538 0.30667 0.14517
94.54142 0.30682 0.14518
94.63745 0.30698 0.14519
94.73349 0.30713 0.14521
94.82953 0.30728 0.14522
94.92557 0.30743 0.14523
95.02161 0.30758 0.14524
95.11765 0.30773 0.14525
95.21369 0.30788 0.14526
95.30972 0.30803 0.14527
95.40576 0.30818 0.14528
95.50180 0.30833 0.14529
95.59784 0.30848 0.14530
95.69388 0.30862 0.14531
95.78992 0.30877 0.14532
95.88595 0.30891 0.14533
95.98199 0.30906 0.14535
96.07803 0.30920 0.14536
96.17407 0.30934 0.14537
96.27011 0.30949 0.14538
96.36615 0.30963 0.14539
96.46218 0.30977 0.14540
96.55822 0.30991 0.14541
96.65426 0.31005 0.14542
96.75030 0.31019 0.14543
96.84634 0.31032 0.14544
96.94238 0.31046 0.14545
97.03842 0.31060 0.14546
97.13445 0.31074 0.14547
97.23049 0.31088 0.14548
97.32653 0.31102 0.14549
97.42257 0.31115 0.14550
97.51861 0.31129 0.14551
97.61465 0.31143 0.14552
97.71068 0.31157 0.14553
97.80672 0.31170 0.14554
97.90276 0.31184 0.14555
97.99880 0.31197 0.14556
98.09484 0.31210 0.14557
98.19088 0.31224 0.14558
98.28691 0.31237 0.14559
98.38295 0.31251 0.14560
98.47899 0.31264 0.14561
98.57503 0.31277 0.14562
98.67107 0.31291 0.14563
98.76711 0.31304 0.14564
98.86315 0.31317 0.14565
98.95918 0.31330 0.14566
99.05522 0.31343 0.14567
99.15126 0.31356 0.14568
99.24730 0.31369 0.14569
99.34334 0.31382 0.14570
99.43938 0.31395 0.14571
99.53541 0.31408 0.14572
99.63145 0.31420 0.14573
99.72749 0.31433 0.14574
99.82353 0.31446 0.14575
99.91957 0.31459 0.14576
100.01561 0.31471 0.14577
100.11164 0.31484 0.14578
100.20768 0.31497 0.14579
100.30372 0.31509 0.14580
100.39976 0.31522 0.14581
100.49580 0.31534 0.14582
100.59184 0.31546 0.14583
100.68788 0.31559 0.14584
100.78391 0.31571 0.14585
100.87995 0.31584 0.14586
100.97599 0.31596 0.14587
101.07203 0.31608 0.14588
101.16807 0.31620 0.14589
101.26411 0.31632 0.14590
101.36014 0.31644 0.14591
101.45618 0.31656 0.14592
101.55222 0.31668 0.14593
101.64826 0.31679 0.14594
101.74430 0.31691 0.14595
101.84034 0.31703 0.14596
101.93637 0.31714 0.14596
102.03241 0.31726 0.14597
102.12845 0.31737 0.14598
102.22449 0.31748 0.14599
102.32053 0.31760 0.14600
102.41657 0.31771 0.14601
102.51261 0.31783 0.14602
102.60864 0.31794 0.14603
102.70468 0.31805 0.14604
102.80072 0.31816 0.14605
102.89676 0.31828 0.14606
102.99280 0.31839 0.14607
103.08884 0.31850 0.14608
103.18487 0.31861 0.14609
103.28091 0.31872 0.14609
103.37695 0.31883 0.14610
103.47299 0.31894 0.14611
103.56903 0.31905 0.14612
103.66507 0.31916 0.14613
103.76110 0.31926 0.14614
103.85714 0.31937 0.14615
103.95318 0.31948 0.14616
104.04922 0.31959 0.14617
104.14526 0.31970 0.14618
104.24130 0.31981 0.14619
104.33733 0.31991 0.14620
104.43337 0.32002 0.14620
104.52941 0.32012 0.14621
104.62545 0.32023 0.14622
104.72149 0.32034 0.14623
104.81753 0.32044 0.14624
104.91357 0.32055 0.14625
105.00960 0.32065 0.14626
105.10564 0.32076 0.14627
105.20168 0.32086 0.14628
105.29772 0.32097 0.14629
105.39376 0.32107 0.14630
105.48980 0.32118 0.14630
105.58583 0.32128 0.14631
105.68187 0.32139 0.14632
105.77791 0.32149 0.14633
105.87395 0.32159 0.14634
105.96999 0.32170 0.14635
106.06603 0.32180 0.14636
106.16206 0.32190 0.14637
106.25810 0.32201 0.14637
106.35414 0.32211 0.14638
106.45018 0.32222 0.14639
106.54622 0.32232 0.14640
106.64226 0.32242 0.14641
106.73830 0.32252 0.14642
106.83433 0.32263 0.14643
106.93037 0.32273 0.14644
107.02641 0.32283 0.14644
107.12245 0.32293 0.14645
107.21849 0.32303 0.14646
107.31453 0.32313 0.14647
107.41056 0.32323 0.14648
107.50660 0.32333 0.14649
107.60264 0.32343 0.14650
107.69868 0.32353 0.14650
107.79472 0.32363 0.14651
107.89076 0.32373 0.14652
107.98679 0.32382 0.14653
108.08283 0.32392 0.14654
108.17887 0.32402 0.14655
108.27491 0.32411 0.14656
108.37095 0.32421 0.14656
108.46699 0.32431 0.14657
108.56303 0.32440 0.14658
108.65906 0.32450 0.14659
108.75510 0.32459 0.14660
108.85114 0.32468 0.14661
108.94718 0.32478 0.14662
109.04322 0.32487 0.14662
109.13926 0.32496 0.14663
109.23529 0.32505 0.14664
109.33133 0.32514 0.14665
109.42737 0.32523 0.14666
109.52341 0.32532 0.14667
109.61945 0.32541 0.14667
109.71549 0.32550 0.14668
109.81152 0.32559 0.14669
109.90756 0.32568 0.14670
110.00360 0.32577 0.14671
110.09964 0.32585 0.14672
110.19568 0.32594 0.14672
110.29172 0.32603 0.14673
110.38776 0.32612 0.14674
110.48379 0.32620 0.14675
110.57983 0.32629 0.14676
110.67587 0.32638 0.14676
110.77191 0.32647 0.14677
110.86795 0.32655 0.14678
110.96399 0.32664 0.14679
111.06002 0.32672 0.14680
111.15606 0.32681 0.14680
111.25210 0.32689 0.14681
111.34814 0.32698 0.14682
111.44418 0.32706 0.14683
111.54022 0.32714 0.14684
111.63625 0.32722 0.14684
111.73229 0.32731 0.14685
111.82833 0.32739 0.14686
111.92437 0.32747 0.14687
112.02041 0.32755 0.14688
112.11645 0.32763 0.14688
112.21248 0.32771 0.14689
112.30852 0.32779 0.14690
112.40456 0.32787 0.14691
112.50060 0.32795 0.14692
112.59664 0.32803 0.14692
112.69268 0.32811 0.14693
112.78872 0.32819 0.14694
112.88475 0.32827 0.14695
112.98079 0.32834 0.14695
113.07683 0.32842 0.14696
113.17287 0.32850 0.14697
113.26891 0.32858 0.14698
113.36495 0.32865 0.14698
113.46098 0.32873 0.14699
113.55702 0.32881 0.14700
113.65306 0.32889 0.14701
113.74910 0.32896 0.14701
113.84514 0.32904 0.14702
113.94118 0.32912 0.14703
114.03721 0.32920 0.14704
114.13325 0.32928 0.14704
114.22929 0.32935 0.14705
114.32533 0.32943 0.14706
114.42137 0.32951 0.14707
114.51741 0.32959 0.14707
114.61345 0.32966 0.14708
114.70948 0.32974 0.14709
114.80552 0.32982 0.14710
114.90156 0.32989 0.14710
114.99760 0.32997 0.14711
115.09364 0.33004 0.14712
115.18968 0.33011 0.14713
115.28571 0.33019 0.14713
115.38175 0.33026 0.14714
115.47779 0.33033 0.14715
115.57383 0.33040 0.14716
115.66987 0.33048 0.14716
115.76591 0.33055 0.14717
115.86194 0.33062 0.14718
115.95798 0.33069 0.14719
116.05402 0.33076 0.14719
116.15006 0.33084 0.14720
116.24610 0.33091 0.14721
116.34214 0.33098 0.14721
116.43818 0.33104 0.14722
116.53421 0.33111 0.14723
116.63025 0.33118 0.14724
116.72629 0.33125 0.14724
116.82233 0.33132 0.14725
116.91837 0.33139 0.14726
117.01441 0.33145 0.14726
117.11044 0.33152 0.14727
117.20648 0.33159 0.14728
117.30252 0.33165 0.14729
117.39856 0.33172 0.14729
117.49460 0.33179 0.14730
117.59064 0.33186 0.14731
117.68667 0.33192 0.14731
117.78271 0.33199 0.14732
117.87875 0.33205 0.14733
117.97479 0.33212 0.14733
118.07083 0.33218 0.14734
118.16687 0.33225 0.14735
118.26291 0.33231 0.14735
118.35894 0.33237 0.14736
118.45498 0.33243 0.14737
118.55102 0.33250 0.14737
118.64706 0.33256 0.14738
118.74310 0.33262 0.14739
118.83914 0.33268 0.14740
118.93517 0.33275 0.14740
119.03121 0.33281 0.14741
119.12725 0.33287 0.14742
119.22329 0.33293 0.14742
119.31933 0.33299 0.14743
119.41537 0.33306 0.14744
119.51140 0.33312 0.14744
119.60744 0.33318 0.14745
119.70348 0.33324 0.14746
119.79952 0.33330 0.14746
119.89556 0.33336 0.14747
119.99160 0.33342 0.14748
120.08764 0.33348 0.14748
120.18367 0.33354 0.14749
120.27971 0.33360 0.14750
120.37575 0.33365 0.14750
120.47179 0.33371 0.14751
120.56783 0.33377 0.14752
120.66387 0.33383 0.14752
120.75990 0.33389 0.14753
120.85594 0.33394 0.14753
120.95198 0.33400 0.14754
121.04802 0.33406 0.14755
121.14406 0.33412 0.14755
121.24010 0.33417 0.14756
121.33613 0.33423 0.14757
121.43217 0.33428 0.14757
121.52821 0.33433 0.14758
121.62425 0.33439 0.14759
121.72029 0.33444 0.14759
121.81633 0.33449 0.14760
121.91236 0.33454 0.14760
122.00840 0.33460 0.14761
122.10444 0.33465 0.14762
122.20048 0.33470 0.14762
122.29652 0.33475 0.14763
122.39256 0.33480 0.14763
122.48860 0.33485 0.14764
122.58463 0.33489 0.14765
122.68067 0.33494 0.14765
122.77671 0.33499 0.14766
122.87275 0.33504 0.14766
122.96879 0.33508 0.14767
123.06483 0.33513 0.14768
123.16086 0.33518 0.14768
123.25690 0.33523 0.14769
123.35294 0.33527 0.14769
123.44898 0.33532 0.14770
123.54502 0.33537 0.14771
123.64106 0.33541 0.14771
123.73709 0.33546 0.14772
123.83313 0.33550 0.14772
123.92917 0.33555 0.14773
124.02521 0.33559 0.14773
124.12125 0.33564 0.14774
124.21729 0.33568 0.14775
124.31333 0.33573 0.14775
124.40936 0.33577 0.14776
124.50540 0.33582 0.14776
124.60144 0.33586 0.14777
124.69748 0.33590 0.14778
124.79352 0.33595 0.14778
124.88956 0.33599 0.14779
124.98559 0.33603 0.14779
125.08163 0.33608 0.14780
125.17767 0.33612 0.14780
125.27371 0.33616 0.14781
125.36975 0.33620 0.14781
125.46579 0.33624 0.14782
125.56182 0.33628 0.14783
125.65786 0.33632 0.14783
125.75390 0.33636 0.14784
125.84994 0.33639 0.14784
125.94598 0.33643 0.14785
126.04202 0.33647 0.14785
126.13806 0.33651 0.14786
126.23409 0.33654 0.14786
126.33013 0.33658 0.14787
126.42617 0.33662 0.14788
126.52221 0.33665 0.14788
126.61825 0.33669 0.14789
126.71429 0.33673 0.14789
126.81032 0.33676 0.14790
126.90636 0.33680 0.14790
127.00240 0.33684 0.14791
127.09844 0.33688 0.14791
127.19448 0.33691 0.14792
127.29052 0.33695 0.14792
127.38655 0.33698 0.14793
127.48259 0.33702 0.14793
127.57863 0.33706 0.14794
127.67467 0.33709 0.14794
127.77071 0.33713 0.14795
127.86675 0.33716 0.14795
127.96279 0.33720 0.14796
128.05882 0.33723 0.14796
128.15486 0.33726 0.14797
128.25090 0.33729 0.14797
128.34694 0.33732 0.14798
128.44298 0.33735 0.14799
128.53902 0.33738 0.14799
128.63505 0.33741 0.14800
128.73109 0.33744 0.14800
128.82713 0.33747 0.14801
128.92317 0.33749 0.14801
129.01921 0.33752 0.14802
129.11525 0.33755 0.14802
129.21128 0.33757 0.14803
129.30732 0.33760 0.14803
129.40336 0.33762 0.14804
129.49940 0.33764 0.14804
129.59544 0.33767 0.14805
129.69148 0.33769 0.14805
129.78752 0.33771 0.14806
129.88355 0.33773 0.14806
129.97959 0.33775 0.14807
130.07563 0.33777 0.14807
130.17167 0.33779 0.14807
130.26771 0.33781 0.14808
130.36375 0.33783 0.14808
130.45978 0.33785 0.14809
130.55582 0.33787 0.14809
130.65186 0.33788 0.14810
130.74790 0.33790 0.14810
130.84394 0.33792 0.14811
130.93998 0.33794 0.14811
131.03601 0.33795 0.14812
131.13205 0.33797 0.14812
131.22809 0.33799 0.14813
131.32413 0.33800 0.14813
131.42017 0.33802 0.14814
131.51621 0.33803 0.14814
131.61224 0.33805 0.14814
131.70828 0.33807 0.14815
131.80432 0.33808 0.14815
131.90036 0.33810 0.14816
131.99640 0.33811 0.14816
132.09244 0.33813 0.14817
132.18848 0.33814 0.14817
132.28451 0.33816 0.14818
132.38055 0.33817 0.14818
132.47659 0.33818 0.14818
132.57263 0.33819 0.14819
132.66867 0.33821 0.14819
132.76471 0.33822 0.14820
132.86074 0.33823 0.14820
132.95678 0.33824 0.14821
133.05282 0.33825 0.14821
133.14886 0.33826 0.14821
133.24490 0.33827 0.14822
133.34094 0.33828 0.14822
133.43697 0.33830 0.14823
133.53301 0.33831 0.14823
133.62905 0.33832 0.14824
133.72509 0.33833 0.14824
133.82113 0.33834 0.14824
133.91717 0.33835 0.14825
134.01321 0.33836 0.14825
134.10924 0.33836 0.14826
134.20528 0.33837 0.14826
134.30132 0.33838 0.14826
134.39736 0.33839 0.14827
134.49340 0.33839 0.14827
134.58944 0.33840 0.14828
134.68547 0.33841 0.14828
134.78151 0.33841 0.14828
134.87755 0.33842 0.14829
134.97359 0.33842 0.14829
135.06963 0.33842 0.14830
135.16567 0.33843 0.14830
135.26170 0.33843 0.14830
135.35774 0.33843 0.14831
135.45378 0.33843 0.14831
135.54982 0.33844 0.14832
135.64586 0.33844 0.14832
135.74190 0.33844 0.14832
135.83794 0.33844 0.14833
135.93397 0.33844 0.14833
136.03001 0.33844 0.14834
136.12605 0.33844 0.14834
136.22209 0.33844 0.14834
136.31813 0.33843 0.14835
136.41417 0.33843 0.14835
136.51020 0.33843 0.14835
136.60624 0.33843 0.14836
136.70228 0.33843 0.14836
136.79832 0.33842 0.14837
136.89436 0.33842 0.14837
136.99040 0.33842 0.14837
137.08643 0.33842 0.14838
137.18247 0.33841 0.14838
137.27851 0.33841 0.14838
137.37455 0.33841 0.14839
137.47059 0.33840 0.14839
137.56663 0.33840 0.14840
137.66267 0.33839 0.14840
137.75870 0.33839 0.14840
137.85474 0.33838 0.14841
137.95078 0.33838 0.14841
138.04682 0.33837 0.14841
138.14286 0.33837 0.14842
138.23890 0.33836 0.14842
138.33493 0.33835 0.14842
138.43097 0.33835 0.14843
138.52701 0.33834 0.14843
138.62305 0.33833 0.14843
138.71909 0.33832 0.14844
138.81513 0.33831 0.14844
138.91116 0.33831 0.14844
139.00720 0.33830 0.14845
139.10324 0.33829 0.14845
139.19928 0.33828 0.14845
139.29532 0.33827 0.14846
139.39136 0.33826 0.14846
139.48739 0.33825 0.14846
139.58343 0.33824 0.14847
139.67947 0.33823 0.14847
139.77551 0.33822 0.14847
139.87155 0.33821 0.14848
139.96759 0.33820 0.14848
140.06363 0.33819 0.14848
140.15966 0.33818 0.14849
140.25570 0.33817 0.14849
140.35174 0.33816 0.14849
140.44778 0.33815 0.14850
140.54382 0.33814 0.14850
140.63986 0.33812 0.14850
140.73589 0.33811 0.14851
140.83193 0.33810 0.14851
140.92797 0.33808 0.14851
141.02401 0.33807 0.14852
141.12005 0.33806 0.14852
141.21609 0.33805 0.14852
141.31212 0.33803 0.14853
141.40816 0.33802 0.14853
141.50420 0.33801 0.14853
141.60024 0.33799 0.14853
141.69628 0.33798 0.14854
141.79232 0.33796 0.14854
141.88836 0.33794 0.14854
141.98439 0.33793 0.14855
142.08043 0.33791 0.14855
142.17647 0.33790 0.14855
142.27251 0.33788 0.14856
142.36855 0.33787 0.14856
142.46459 0.33785 0.14856
142.56062 0.33783 0.14856
142.65666 0.33782 0.14857
142.75270 0.33780 0.14857
142.84874 0.33779 0.14857
142.94478 0.33777 0.14858
143.04082 0.33775 0.14858
143.13685 0.33773 0.14858
143.23289 0.33772 0.14859
143.32893 0.33770 0.14859
143.42497 0.33768 0.14859
143.52101 0.33767 0.14859
143.61705 0.33765 0.14860
143.71309 0.33763 0.14860
143.80912 0.33761 0.14860
143.90516 0.33759 0.14861
144.00120 0.33757 0.14861
144.09724 0.33755 0.14861
144.19328 0.33753 0.14861
144.28932 0.33751 0.14862
144.38535 0.33749 0.14862
144.48139 0.33748 0.14862
144.57743 0.33746 0.14862
144.67347 0.33744 0.14863
144.76951 0.33742 0.14863
144.86555 0.33740 0.14863
144.96158 0.33738 0.14864
145.05762 0.33736 0.14864
145.15366 0.33734 0.14864
145.24970 0.33732 0.14864
145.34574 0.33729 0.14865
145.44178 0.33727 0.14865
145.53782 0.33725 0.14865
145.63385 0.33723 0.14865
145.72989 0.33721 0.14866
145.82593 0.33718 0.14866
145.92197 0.33716 0.14866
146.01801 0.33714 0.14866
146.11405 0.33712 0.14867
146.21008 0.33709 0.14867
146.30612 0.33707 0.14867
146.40216 0.33705 0.14867
146.49820 0.33702 0.14868
146.59424 0.33700 0.14868
146.69028 0.33697 0.14868
146.78631 0.33695 0.14868
146.88235 0.33692 0.14869
146.97839 0.33689 0.14869
147.07443 0.33687 0.14869
147.17047 0.33684 0.14869
147.26651 0.33681 0.14870
147.36255 0.33678 0.14870
147.45858 0.33676 0.14870
147.55462 0.33673 0.14870
147.65066 0.33670 0.14871
147.74670 0.33667 0.14871
147.84274 0.33664 0.14871
147.93878 0.33661 0.14871
148.03481 0.33658 0.14872
148.13085 0.33655 0.14872
148.22689 0.33652 0.14872
148.32293 0.33649 0.14872
148.41897 0.33646 0.14873
148.51501 0.33643 0.14873
148.61104 0.33640 0.14873
148.70708 0.33637 0.14873
148.80312 0.33634 0.14873
148.89916 0.33631 0.14874
148.99520 0.33628 0.14874
149.09124 0.33625 0.14874
149.18727 0.33621 0.14874
149.28331 0.33618 0.14875
149.37935 0.33615 0.14875
149.47539 0.33612 0.14875
149.57143 0.33608 0.14875
149.66747 0.33605 0.14875
149.76351 0.33602 0.14876
149.85954 0.33598 0.14876
149.95558 0.33595 0.14876
150.05162 0.33591 0.14876
150.14766 0.33588 0.14877
150.24370 0.33584 0.14877
150.33974 0.33580 0.14877
150.43577 0.33577 0.14877
150.53181 0.33573 0.14877
150.62785 0.33569 0.14878
150.72389 0.33565 0.14878
150.81993 0.33562 0.14878
150.91597 0.33558 0.14878
151.01200 0.33554 0.14879
151.10804 0.33550 0.14879
151.20408 0.33546 0.14879
151.30012 0.33542 0.14879
151.39616 0.33538 0.14879
151.49220 0.33534 0.14880
151.58824 0.33530 0.14880
151.68427 0.33527 0.14880
151.78031 0.33523 0.14880
151.87635 0.33519 0.14880
151.97239 0.33515 0.14881
152.06843 0.33511 0.14881
152.16447 0.33507 0.14881
152.26050 0.33503 0.14881
152.35654 0.33499 0.14882
152.45258 0.33495 0.14882
152.54862 0.33491 0.14882
152.64466 0.33487 0.14882
152.74070 0.33483 0.14882
152.83673 0.33479 0.14883
152.93277 0.33475 0.14883
153.02881 0.33471 0.14883
153.12485 0.33467 0.14883
153.22089 0.33463 0.14883
153.31693 0.33459 0.14884
153.41297 0.33455 0.14884
153.50900 0.33451 0.14884
153.60504 0.33446 0.14884
153.70108 0.33442 0.14884
153.79712 0.33438 0.14885
153.89316 0.33434 0.14885
153.98920 0.33430 0.14885
154.08523 0.33425 0.14885
154.18127 0.33421 0.14885
154.27731 0.33416 0.14885
154.37335 0.33412 0.14886
154.46939 0.33408 0.14886
154.56543 0.33403 0.14886
154.66146 0.33399 0.14886
154.75750 0.33395 0.14886
154.85354 0.33390 0.14886
154.94958 0.33386 0.14887
155.04562 0.33381 0.14887
155.14166 0.33376 0.14887
155.23770 0.33372 0.14887
155.33373 0.33367 0.14887
155.42977 0.33362 0.14887
155.52581 0.33358 0.14888
155.62185 0.33353 0.14888
155.71789 0.33348 0.14888
155.81393 0.33344 0.14888
155.90996 0.33339 0.14888
156.00600 0.33334 0.14888
156.10204 0.33329 0.14888
156.19808 0.33324 0.14889
156.29412 0.33319 0.14889
156.39016 0.33314 0.14889
156.48619 0.33309 0.14889
156.58223 0.33304 0.14889
156.67827 0.33299 0.14889
156.77431 0.33294 0.14889
156.87035 0.33290 0.14889
156.96639 0.33285 0.14890
157.06242 0.33280 0.14890
157.15846 0.33275 0.14890
157.25450 0.33270 0.14890
157.35054 0.33265 0.14890
157.44658 0.33260 0.14890
157.54262 0.33255 0.14890
157.63866 0.33250 0.14890
157.73469 0.33245 0.14891
157.83073 0.33241 0.14891
157.92677 0.33236 0.14891
158.02281 0.33231 0.14891
158.11885 0.33226 0.14891
158.21489 0.33220 0.14891
158.31092 0.33215 0.14891
158.40696 0.33210 0.14891
158.50300 0.33205 0.14891
158.59904 0.33200 0.14892
158.69508 0.33194 0.14892
158.79112 0.33189 0.14892
158.88715 0.33183 0.14892
158.98319 0.33177 0.14892
159.07923 0.33172 0.14892
159.17527 0.33166 0.14892
159.27131 0.33160 0.14892
159.36735 0.33154 0.14892
159.46339 0.33149 0.14892
159.55942 0.33143 0.14893
159.65546 0.33137 0.14893
159.75150 0.33131 0.14893
159.84754 0.33125 0.14893
159.94358 0.33120 0.14893
160.03962 0.33114 0.14893
160.13565 0.33108 0.14893
160.23169 0.33102 0.14893
160.32773 0.33096 0.14893
160.42377 0.33091 0.14893
160.51981 0.33085 0.14893
160.61585 0.33079 0.14893
160.71188 0.33073 0.14894
160.80792 0.33067 0.14894
160.90396 0.33061 0.14894
161.00000 0.33055 0.14894
161.09604 0.33049 0.14894
161.19208 0.33043 0.14894
161.28812 0.33037 0.14894
161.38415 0.33030 0.14894
161.48019 0.33024 0.14894
161.57623 0.33018 0.14894
161.67227 0.33012 0.14894
161.76831 0.33006 0.14894
161.86435 0.32999 0.14895
161.96038 0.32993 0.14895
162.05642 0.32987 0.14895
162.15246 0.32980 0.14895
162.24850 0.32974 0.14895
162.34454 0.32968 0.14895
162.44058 0.32962 0.14895
162.53661 0.32955 0.14895
162.63265 0.32949 0.14895
162.72869 0.32943 0.14895
162.82473 0.32937 0.14895
162.92077 0.32930 0.14895
163.01681 0.32924 0.14896
163.11285 0.32918 0.14896
163.20888 0.32911 0.14896
163.30492 0.32905 0.14896
163.40096 0.32899 0.14896
163.49700 0.32892 0.14896
163.59304 0.32886 0.14896
163.68908 0.32880 0.14896
163.78511 0.32873 0.14896
163.88115 0.32867 0.14896
163.97719 0.32860 0.14896
164.07323 0.32854 0.14896
164.16927 0.32847 0.14896
164.26531 0.32841 0.14897
164.36134 0.32835 0.14897
164.45738 0.32828 0.14897
164.55342 0.32822 0.14897
164.64946 0.32815 0.14897
164.74550 0.32809 0.14897
164.84154 0.32802 0.14897
164.93758 0.32796 0.14897
165.03361 0.32789 0.14897
165.12965 0.32782 0.14897
165.22569 0.32776 0.14897
165.32173 0.32769 0.14897
165.41777 0.32762 0.14897
165.51381 0.32755 0.14897
165.60984 0.32749 0.14897
165.70588 0.32742 0.14898
165.80192 0.32735 0.14898
165.89796 0.32728 0.14898
165.99400 0.32721 0.14898
166.09004 0.32714 0.14898
166.18607 0.32707 0.14898
166.28211 0.32700 0.14898
166.37815 0.32693 0.14898
166.47419 0.32686 0.14898
166.57023 0.32679 0.14898
166.66627 0.32671 0.14898
166.76230 0.32664 0.14898
166.85834 0.32657 0.14898
166.95438 0.32650 0.14898
167.05042 0.32642 0.14898
167.14646 0.32635 0.14898
167.24250 0.32628 0.14898
167.33854 0.32620 0.14898
167.43457 0.32613 0.14898
167.53061 0.32605 0.14899
167.62665 0.32598 0.14899
167.72269 0.32590 0.14899
167.81873 0.32583 0.14899
167.91477 0.32576 0.14899
168.01080 0.32568 0.14899
168.10684 0.32561 0.14899
168.20288 0.32553 0.14899
168.29892 0.32546 0.14899
168.39496 0.32539 0.14899
168.49100 0.32531 0.14899
168.58703 0.32523 0.14899
168.68307 0.32516 0.14899
168.77911 0.32508 0.14899
168.87515 0.32501 0.14899
168.97119 0.32493 0.14899
169.06723 0.32486 0.14899
169.16327 0.32478 0.14899
169.25930 0.32470 0.14899
169.35534 0.32463 0.14899
169.45138 0.32455 0.14899
169.54742 0.32448 0.14900
169.64346 0.32440 0.14900
169.73950 0.32433 0.14900
169.83553 0.32425 0.14900
169.93157 0.32417 0.14900
170.02761 0.32410 0.14900
170.12365 0.32402 0.14900
170.21969 0.32394 0.14900
170.31573 0.32386 0.14900
170.41176 0.32379 0.14900
170.50780 0.32371 0.14900
170.60384 0.32363 0.14900
170.69988 0.32355 0.14900
170.79592 0.32347 0.14900
170.89196 0.32339 0.14900
170.98800 0.32332 0.14900
171.08403 0.32324 0.14900
171.18007 0.32316 0.14900
171.27611 0.32309 0.14900
171.37215 0.32301 0.14900
171.46819 0.32293 0.14900
171.56423 0.32285 0.14900
171.66026 0.32278 0.14900
171.75630 0.32270 0.14900
171.85234 0.32262 0.14900
171.94838 0.32254 0.14900
172.04442 0.32247 0.14900
172.14046 0.32239 0.14900
172.23649 0.32231 0.14900
172.33253 0.32223 0.14900
172.42857 0.32215 0.14900
172.52461 0.32207 0.14900
172.62065 0.32199 0.14900
172.71669 0.32192 0.14900
172.81273 0.32184 0.14900
172.90876 0.32176 0.14900
173.00480 0.32168 0.14900
173.10084 0.32160 0.14900
173.19688 0.32152 0.14900
173.29292 0.32144 0.14900
173.38896 0.32136 0.14900
173.48499 0.32128 0.14900
173.58103 0.32120 0.14900
173.67707 0.32112 0.14900
173.77311 0.32104 0.14900
173.86915 0.32096 0.14900
173.96519 0.32088 0.14900
174.06122 0.32080 0.14900
174.15726 0.32072 0.14900
174.25330 0.32064 0.14900
174.34934 0.32056 0.14900
174.44538 0.32048 0.14900
174.54142 0.32040 0.14900
174.63745 0.32032 0.14900
174.73349 0.32024 0.14900
174.82953 0.32016 0.14900
174.92557 0.32008 0.14900
175.02161 0.32000 0.14900
175.11765 0.31992 0.14900
175.21369 0.31984 0.14900
175.30972 0.31976 0.14900
175.40576 0.31968 0.14900
175.50180 0.31960 0.14900
175.59784 0.31952 0.14900
175.69388 0.31944 0.14900
175.78992 0.31936 0.14900
175.88595 0.31928 0.14900
175.98199 0.31920 0.14899
176.07803 0.31912 0.14899
176.17407 0.31903 0.14899
176.27011 0.31895 0.14899
176.36615 0.31887 0.14899
176.46218 0.31879 0.14899
176.55822 0.31871 0.14899
176.65426 0.31862 0.14899
176.75030 0.31854 0.14899
176.84634 0.31846 0.14899
176.94238 0.31837 0.14899
177.03842 0.31829 0.14899
177.13445 0.31821 0.14899
177.23049 0.31812 0.14899
177.32653 0.31804 0.14899
177.42257 0.31795 0.14899
177.51861 0.31787 0.14899
177.61465 0.31778 0.14899
177.71068 0.31769 0.14899
177.80672 0.31761 0.14899
177.90276 0.31752 0.14899
177.99880 0.31744 0.14899
178.09484 0.31735 0.14899
178.19088 0.31726 0.14899
178.28691 0.31718 0.14899
178.38295 0.31709 0.14899
178.47899 0.31700 0.14898
178.57503 0.31691 0.14898
178.67107 0.31683 0.14898
178.76711 0.31674 0.14898
178.86315 0.31665 0.14898
178.95918 0.31656 0.14898
179.05522 0.31647 0.14898
179.15126 0.31638 0.14898
179.24730 0.31629 0.14898
179.34334 0.31620 0.14898
179.43938 0.31611 0.14898
179.53541 0.31602 0.14898
179.63145 0.31593 0.14898
179.72749 0.31584 0.14898
179.82353 0.31575 0.14898
179.91957 0.31566 0.14898
180.01561 0.31556 0.14898
180.11164 0.31547 0.14898
180.20768 0.31538 0.14897
180.30372 0.31528 0.14897
180.39976 0.31519 0.14897
180.49580 0.31510 0.14897
180.59184 0.31500 0.14897
180.68788 0.31491 0.14897
180.78391 0.31482 0.14897
180.87995 0.31472 0.14897
180.97599 0.31463 0.14897
181.07203 0.31453 0.14897
181.16807 0.31444 0.14897
181.26411 0.31434 0.14897
181.36014 0.31425 0.14896
181.45618 0.31415 0.14896
181.55222 0.31405 0.14896
181.64826 0.31396 0.14896
181.74430 0.31386 0.14896
181.84034 0.31377 0.14896
181.93637 0.31367 0.14896
182.03241 0.31357 0.14896
182.12845 0.31348 0.14896
182.22449 0.31338 0.14895
182.32053 0.31329 0.14895
182.41657 0.31319 0.14895
182.51261 0.31309 0.14895
182.60864 0.31300 0.14895
182.70468 0.31290 0.14895
182.80072 0.31280 0.14895
182.89676 0.31270 0.14895
182.99280 0.31260 0.14895
183.08884 0.31251 0.14894
183.18487 0.31241 0.14894
183.28091 0.31231 0.14894
183.37695 0.31221 0.14894
183.47299 0.31212 0.14894
183.56903 0.31202 0.14894
183.66507 0.31192 0.14894
183.76110 0.31182 0.14894
183.85714 0.31172 0.14894
183.95318 0.31162 0.14893
184.04922 0.31152 0.14893
184.14526 0.31142 0.14893
184.24130 0.31132 0.14893
184.33733 0.31122 0.14893
184.43337 0.31112 0.14893
184.52941 0.31102 0.14893
184.62545 0.31092 0.14893
184.72149 0.31082 0.14893
184.81753 0.31071 0.14892
184.91357 0.31061 0.14892
185.00960 0.31051 0.14892
185.10564 0.31041 0.14892
185.20168 0.31031 0.14892
185.29772 0.31020 0.14892
185.39376 0.31010 0.14892
185.48980 0.31000 0.14891
185.58583 0.30990 0.14891
185.68187 0.30979 0.14891
185.77791 0.30969 0.14891
185.87395 0.30959 0.14891
185.96999 0.30949 0.14891
186.06603 0.30938 0.14891
186.16206 0.30928 0.14891
186.25810 0.30918 0.14890
186.35414 0.30907 0.14890
186.45018 0.30897 0.14890
186.54622 0.30886 0.14890
186.64226 0.30876 0.14890
186.73830 0.30866 0.14890
186.83433 0.30855 0.14890
186.93037 0.30845 0.14889
187.02641 0.30835 0.14889
187.12245 0.30824 0.14889
187.21849 0.30814 0.14889
187.31453 0.30803 0.14889
187.41056 0.30793 0.14889
187.50660 0.30783 0.14889
187.60264 0.30772 0.14889
187.69868 0.30762 0.14888
187.79472 0.30751 0.14888
187.89076 0.30741 0.14888
187.98679 0.30731 0.14888
188.08283 0.30720 0.14888
188.17887 0.30710 0.14888
188.27491 0.30700 0.14888
188.37095 0.30689 0.14887
188.46699 0.30679 0.14887
188.56303 0.30669 0.14887
188.65906 0.30658 0.14887
188.75510 0.30648 0.14887
188.85114 0.30638 0.14887
188.94718 0.30627 0.14887
189.04322 0.30617 0.14887
189.13926 0.30607 0.14886
189.23529 0.30597 0.14886
189.33133 0.30586 0.14886
189.42737 0.30576 0.14886
189.52341 0.30566 0.14886
189.61945 0.30556 0.14886
189.71549 0.30545 0.14886
189.81152 0.30535 0.14885
189.90756 0.30524 0.14885
190.00360 0.30514 0.14885
190.09964 0.30503 0.14885
190.19568 0.30493 0.14885
190.29172 0.30483 0.14885
190.38776 0.30472 0.14885
190.48379 0.30462 0.14885
190.57983 0.30451 0.14884
190.67587 0.30441 0.14884
190.77191 0.30430 0.14884
190.86795 0.30420 0.14884
190.96399 0.30410 0.14884
191.06002 0.30399 0.14884
191.15606 0.30389 0.14884
191.25210 0.30379 0.14883
191.34814 0.30368 0.14883
191.44418 0.30358 0.14883
191.54022 0.30347 0.14883
191.63625 0.30337 0.14883
191.73229 0.30326 0.14883
191.82833 0.30316 0.14883
191.92437 0.30306 0.14882
192.02041 0.30295 0.14882
192.11645 0.30285 0.14882
192.21248 0.30274 0.14882
192.30852 0.30264 0.14882
192.40456 0.30253 0.14882
192.50060 0.30243 0.14881
192.59664 0.30232 0.14881
192.69268 0.30222 0.14881
192.78872 0.30211 0.14881
192.88475 0.30201 0.14881
192.98079 0.30190 0.14880
193.07683 0.30180 0.14880
193.17287 0.30170 0.14880
193.26891 0.30159 0.14880
193.36495 0.30148 0.14880
193.46098 0.30138 0.14880
193.55702 0.30127 0.14879
193.65306 0.30117 0.14879
193.74910 0.30106 0.14879
193.84514 0.30095 0.14879
193.94118 0.30085 0.14879
194.03721 0.30074 0.14878
194.13325 0.30063 0.14878
194.22929 0.30053 0.14878
194.32533 0.30042 0.14878
194.42137 0.30031 0.14878
194.51741 0.30021 0.14878
194.61345 0.30010 0.14877
194.70948 0.29999 0.14877
194.80552 0.29988 0.14877
194.90156 0.29978 0.14877
194.99760 0.29967 0.14877
195.09364 0.29956 0.14876
195.18968 0.29945 0.14876
195.28571 0.29934 0.14876
195.38175 0.29924 0.14876
195.47779 0.29913 0.14876
195.57383 0.29902 0.14875
195.66987 0.29891 0.14875
195.76591 0.29880 0.14875
195.86194 0.29869 0.14875
195.95798 0.29858 0.14874
196.05402 0.29848 0.14874
196.15006 0.29837 0.14874
196.24610 0.29826 0.14874
196.34214 0.29815 0.14874
196.43818 0.29804 0.14873
196.53421 0.29793 0.14873
196.63025 0.29782 0.14873
196.72629 0.29771 0.14873
196.82233 0.29760 0.14873
196.91837 0.29749 0.14872
197.01441 0.29738 0.14872
197.11044 0.29727 0.14872
197.20648 0.29716 0.14872
197.30252 0.29705 0.14871
197.39856 0.29694 0.14871
197.49460 0.29683 0.14871
197.59064 0.29672 0.14871
197.68667 0.29661 0.14870
197.78271 0.29650 0.14870
197.87875 0.29639 0.14870
197.97479 0.29628 0.14870
198.07083 0.29617 0.14870
198.16687 0.29606 0.14869
198.26291 0.29595 0.14869
198.35894 0.29584 0.14869
198.45498 0.29573 0.14869
198.55102 0.29562 0.14868
198.64706 0.29551 0.14868
198.74310 0.29540 0.14868
198.83914 0.29529 0.14868
198.93517 0.29518 0.14867
199.03121 0.29507 0.14867
199.12725 0.29496 0.14867
199.22329 0.29484 0.14867
199.31933 0.29473 0.14866
199.41537 0.29462 0.14866
199.51140 0.29451 0.14866
199.60744 0.29440 0.14866
199.70348 0.29428 0.14865
199.79952 0.29417 0.14865
199.89556 0.29406 0.14865
199.99160 0.29395 0.14865
200.08764 0.29383 0.14864
200.18367 0.29372 0.14864
200.27971 0.29361 0.14864
200.37575 0.29349 0.14863
200.47179 0.29338 0.14863
200.56783 0.29326 0.14863
200.66387 0.29315 0.14863
200.75990 0.29304 0.14862
200.85594 0.29292 0.14862
200.95198 0.29281 0.14862
201.04802 0.29270 0.14861
201.14406 0.29258 0.14861
201.24010 0.29247 0.14861
201.33613 0.29235 0.14861
201.43217 0.29224 0.14860
201.52821 0.29212 0.14860
201.62425 0.29201 0.14860
201.72029 0.29189 0.14859
201.81633 0.29178 0.14859
201.91236 0.29166 0.14859
202.00840 0.29155 0.14859
202.10444 0.29143 0.14858
202.20048 0.29131 0.14858
202.29652 0.29120 0.14858
202.39256 0.29108 0.14857
202.48860 0.29096 0.14857
202.58463 0.29085 0.14857
202.68067 0.29073 0.14857
202.77671 0.29062 0.14856
202.87275 0.29050 0.14856
202.96879 0.29039 0.14856
203.06483 0.29027 0.14855
203.16086 0.29015 0.14855
203.25690 0.29004 0.14855
203.35294 0.28992 0.14854
203.44898 0.28981 0.14854
203.54502 0.28969 0.14854
203.64106 0.28958 0.14853
203.73709 0.28946 0.14853
203.83313 0.28934 0.14853
203.92917 0.28923 0.14852
204.02521 0.28911 0.14852
204.12125 0.28900 0.14852
204.21729 0.28888 0.14851
204.31333 0.28877 0.14851
204.40936 0.28865 0.14851
204.50540 0.28853 0.14850
204.60144 0.28842 0.14850
204.69748 0.28830 0.14850
204.79352 0.28818 0.14849
204.88956 0.28807 0.14849
204.98559 0.28795 0.14849
205.08163 0.28784 0.14848
205.17767 0.28772 0.14848
205.27371 0.28760 0.14848
205.36975 0.28748 0.14847
205.46579 0.28736 0.14847
205.56182 0.28725 0.14847
205.65786 0.28713 0.14846
205.75390 0.28701 0.14846
205.84994 0.28689 0.14846
205.94598 0.28677 0.14845
206.04202 0.28666 0.14845
206.13806 0.28654 0.14845
206.23409 0.28642 0.14844
206.33013 0.28630 0.14844
206.42617 0.28618 0.14844
206.52221 0.28606 0.14843
206.61825 0.28595 0.14843
206.71429 0.28583 0.14843
206.81032 0.28571 0.14842
206.90636 0.28559 0.14842
207.00240 0.28547 0.14842
207.09844 0.28536 0.14841
207.19448 0.28524 0.14841
207.29052 0.28512 0.14841
207.38655 0.28500 0.14840
207.48259 0.28489 0.14840
207.57863 0.28477 0.14840
207.67467 0.28465 0.14839
207.77071 0.28453 0.14839
207.86675 0.28442 0.14839
207.96279 0.28430 0.14838
208.05882 0.28418 0.14838
208.15486 0.28406 0.14837
208.25090 0.28394 0.14837
208.34694 0.28383 0.14837
208.44298 0.28371 0.14836
208.53902 0.28359 0.14836
208.63505 0.28347 0.14836
208.73109 0.28335 0.14835
208.82713 0.28323 0.14835
208.92317 0.28311 0.14835
209.01921 0.28299 0.14834
209.11525 0.28287 0.14834
209.21128 0.28275 0.14833
209.30732 0.28263 0.14833
209.40336 0.28251 0.14833
209.49940 0.28239 0.14832
209.59544 0.28227 0.14832
209.69148 0.28215 0.14832
209.78752 0.28203 0.14831
209.88355 0.28191 0.14831
209.97959 0.28179 0.14831
210.07563 0.28167 0.14830
210.17167 0.28155 0.14830
210.26771 0.28143 0.14829
210.36375 0.28131 0.14829
210.45978 0.28119 0.14829
210.55582 0.28107 0.14828
210.65186 0.28095 0.14828
210.74790 0.28083 0.14828
210.84394 0.28071 0.14827
210.93998 0.28059 0.14827
211.03601 0.28047 0.14826
211.13205 0.28035 0.14826
211.22809 0.28023 0.14826
211.32413 0.28011 0.14825
211.42017 0.28000 0.14825
211.51621 0.27988 0.14825
211.61224 0.27976 0.14824
211.70828 0.27964 0.14824
211.80432 0.27952 0.14823
211.90036 0.27940 0.14823
211.99640 0.27928 0.14823
212.09244 0.27916 0.14822
212.18848 0.27904 0.14822
212.28451 0.27893 0.14821
212.38055 0.27881 0.14821
212.47659 0.27869 0.14821
212.57263 0.27857 0.14820
212.66867 0.27845 0.14820
212.76471 0.27833 0.14820
212.86074 0.27821 0.14819
212.95678 0.27809 0.14819
213.05282 0.27797 0.14818
213.14886 0.27785 0.14818
213.24490 0.27773 0.14818
213.34094 0.27761 0.14817
213.43697 0.27749 0.14817
213.53301 0.27737 0.14816
213.62905 0.27724 0.14816
213.72509 0.27712 0.14816
213.82113 0.27700 0.14815
213.91717 0.27688 0.14815
214.01321 0.27676 0.14814
214.10924 0.27664 0.14814
214.20528 0.27651 0.14814
214.30132 0.27639 0.14813
214.39736 0.27627 0.14813
214.49340 0.27615 0.14812
214.58944 0.27602 0.14812
214.68547 0.27590 0.14812
214.78151 0.27578 0.14811
214.87755 0.27566 0.14811
214.97359 0.27554 0.14810
215.06963 0.27542 0.14810
215.16567 0.27530 0.14810
215.26170 0.27517 0.14809
215.35774 0.27505 0.14809
215.45378 0.27493 0.14808
215.54982 0.27480 0.14808
215.64586 0.27468 0.14807
215.74190 0.27456 0.14807
215.83794 0.27443 0.14807
215.93397 0.27431 0.14806
216.03001 0.27419 0.14806
216.12605 0.27406 0.14805
216.22209 0.27394 0.14805
216.31813 0.27382 0.14805
216.41417 0.27369 0.14804
216.51020 0.27357 0.14804
216.60624 0.27345 0.14803
216.70228 0.27332 0.14803
216.79832 0.27320 0.14802
216.89436 0.27307 0.14802
216.99040 0.27295 0.14802
217.08643 0.27282 0.14801
217.18247 0.27270 0.14801
217.27851 0.27257 0.14800
217.37455 0.27245 0.14800
217.47059 0.27232 0.14799
217.56663 0.27220 0.14799
217.66267 0.27207 0.14799
217.75870 0.27195 0.14798
217.85474 0.27182 0.14798
217.95078 0.27170 0.14797
218.04682 0.27157 0.14797
218.14286 0.27145 0.14796
218.23890 0.27132 0.14796
218.33493 0.27119 0.14796
218.43097 0.27107 0.14795
218.52701 0.27094 0.14795
218.62305 0.27082 0.14794
218.71909 0.27069 0.14794
218.81513 0.27056 0.14793
218.91116 0.27044 0.14793
219.00720 0.27031 0.14792
219.10324 0.27018 0.14792
219.19928 0.27006 0.14792
219.29532 0.26993 0.14791
219.39136 0.26980 0.14791
219.48739 0.26967 0.14790
219.58343 0.26954 0.14790
219.67947 0.26942 0.14789
219.77551 0.26929 0.14789
219.87155 0.26916 0.14788
219.96759 0.26903 0.14788
220.06363 0.26890 0.14787
220.15966 0.26877 0.14787
220.25570 0.26864 0.14787
220.35174 0.26851 0.14786
220.44778 0.26838 0.14786
220.54382 0.26825 0.14785
220.63986 0.26813 0.14785
220.73589 0.26800 0.14784
220.83193 0.26787 0.14784
220.92797 0.26774 0.14783
221.02401 0.26761 0.14783
221.12005 0.26748 0.14782
221.21609 0.26735 0.14782
221.31212 0.26722 0.14781
221.40816 0.26709 0.14781
221.50420 0.26696 0.14780
221.60024 0.26683 0.14780
221.69628 0.26670 0.14780
221.79232 0.26657 0.14779
221.88836 0.26644 0.14779
221.98439 0.26631 0.14778
222.08043 0.26618 0.14778
222.17647 0.26605 0.14777
222.27251 0.26593 0.14777
222.36855 0.26580 0.14776
222.46459 0.26567 0.14776
222.56062 0.26554 0.14775
222.65666 0.26541 0.14775
222.75270 0.26528 0.14774
222.84874 0.26516 0.14774
222.94478 0.26503 0.14773
223.04082 0.26490 0.14773
223.13685 0.26477 0.14772
223.23289 0.26464 0.14772
223.32893 0.26451 0.14771
223.42497 0.26438 0.14771
223.52101 0.26425 0.14770
223.61705 0.26413 0.14770
223.71309 0.26400 0.14770
223.80912 0.26387 0.14769
223.90516 0.26374 0.14769
224.00120 0.26361 0.14768
224.09724 0.26348 0.14768
224.19328 0.26335 0.14767
224.28932 0.26322 0.14767
224.38535 0.26310 0.14766
224.48139 0.26297 0.14766
224.57743 0.26284 0.14765
224.67347 0.26271 0.14765
224.76951 0.26258 0.14764
224.86555 0.26245 0.14764
224.96158 0.26232 0.14763
225.05762 0.26220 0.14763
225.15366 0.26207 0.14762
225.24970 0.26194 0.14762
225.34574 0.26181 0.14761
225.44178 0.26168 0.14761
225.53782 0.26155 0.14760
225.63385 0.26142 0.14760
225.72989 0.26129 0.14759
225.82593 0.26116 0.14759
225.92197 0.26103 0.14758
226.01801 0.26090 0.14758
226.11405 0.26077 0.14757
226.21008 0.26064 0.14757
226.30612 0.26051 0.14756
226.40216 0.26038 0.14756
226.49820 0.26025 0.14755
226.59424 0.26012 0.14755
226.69028 0.25999 0.14754
226.78631 0.25986 0.14754
226.88235 0.25973 0.14753
226.97839 0.25960 0.14753
227.07443 0.25947 0.14752
227.17047 0.25934 0.14752
227.26651 0.25921 0.14751
227.36255 0.25908 0.14751
227.45858 0.25895 0.14750
227.55462 0.25882 0.14750
227.65066 0.25869 0.14749
227.74670 0.25856 0.14749
227.84274 0.25843 0.14748
227.93878 0.25830 0.14748
228.03481 0.25817 0.14747
228.13085 0.25804 0.14747
228.22689 0.25791 0.14746
228.32293 0.25778 0.14746
228.41897 0.25765 0.14745
228.51501 0.25752 0.14745
228.61104 0.25739 0.14744
228.70708 0.25726 0.14743
228.80312 0.25714 0.14743
228.89916 0.25701 0.14742
228.99520 0.25688 0.14742
229.09124 0.25675 0.14741
229.18727 0.25662 0.14741
229.28331 0.25649 0.14740
229.37935 0.25636 0.14740
229.47539 0.25623 0.14739
229.57143 0.25610 0.14739
229.66747 0.25597 0.14738
229.76351 0.25584 0.14738
229.85954 0.25571 0.14737
229.95558 0.25558 0.14737
230.05162 0.25545 0.14736
230.14766 0.25532 0.14735
230.24370 0.25519 0.14735
230.33974 0.25506 0.14734
230.43577 0.25493 0.14734
230.53181 0.25480 0.14733
230.62785 0.25467 0.14733
230.72389 0.25454 0.14732
230.81993 0.25441 0.14732
230.91597 0.25428 0.14731
231.01200 0.25415 0.14731
231.10804 0.25402 0.14730
231.20408 0.25390 0.14730
231.30012 0.25377 0.14729
231.39616 0.25364 0.14728
231.49220 0.25351 0.14728
231.58824 0.25338 0.14727
231.68427 0.25325 0.14727
231.78031 0.25312 0.14726
231.87635 0.25299 0.14726
231.97239 0.25286 0.14725
232.06843 0.25273 0.14725
232.16447 0.25261 0.14724
232.26050 0.25248 0.14723
232.35654 0.25235 0.14723
232.45258 0.25222 0.14722
232.54862 0.25209 0.14722
232.64466 0.25196 0.14721
232.74070 0.25183 0.14721
232.83673 0.25170 0.14720
232.93277 0.25157 0.14720
233.02881 0.25143 0.14719
233.12485 0.25130 0.14719
233.22089 0.25117 0.14718
233.31693 0.25104 0.14717
233.41297 0.25091 0.14717
233.50900 0.25078 0.14716
233.60504 0.25065 0.14716
233.70108 0.25052 0.14715
233.79712 0.25039 0.14715
233.89316 0.25026 0.14714
233.98920 0.25013 0.14714
234.08523 0.24999 0.14713
234.18127 0.24986 0.14712
234.27731 0.24973 0.14712
234.37335 0.24960 0.14711
234.46939 0.24947 0.14711
234.56543 0.24934 0.14710
234.66146 0.24921 0.14710
234.75750 0.24908 0.14709
234.85354 0.24895 0.14709
234.94958 0.24882 0.14708
235.04562 0.24869 0.14707
235.14166 0.24856 0.14707
235.23770 0.24843 0.14706
235.33373 0.24830 0.14706
235.42977 0.24817 0.14705
235.52581 0.24804 0.14705
235.62185 0.24791 0.14704
235.71789 0.24778 0.14703
235.81393 0.24765 0.14703
235.90996 0.24752 0.14702
236.00600 0.24739 0.14702
236.10204 0.24726 0.14701
236.19808 0.24713 0.14701
236.29412 0.24700 0.14700
236.39016 0.24686 0.14699
236.48619 0.24673 0.14699
236.58223 0.24660 0.14698
236.67827 0.24647 0.14698
236.77431 0.24634 0.14697
236.87035 0.24621 0.14697
236.96639 0.24608 0.14696
237.06242 0.24594 0.14695
237.15846 0.24581 0.14695
237.25450 0.24568 0.14694
237.35054 0.24555 0.14694
237.44658 0.24542 0.14693
237.54262 0.24529 0.14692
237.63866 0.24516 0.14692
237.73469 0.24503 0.14691
237.83073 0.24490 0.14691
237.92677 0.24477 0.14690
238.02281 0.24464 0.14690
238.11885 0.24450 0.14689
238.21489 0.24437 0.14688
238.31092 0.24424 0.14688
238.40696 0.24411 0.14687
238.50300 0.24398 0.14687
238.59904 0.24385 0.14686
238.69508 0.24372 0.14686
238.79112 0.24359 0.14685
238.88715 0.24346 0.14684
238.98319 0.24333 0.14684
239.07923 0.24320 0.14683
239.17527 0.24307 0.14683
239.27131 0.24294 0.14682
239.36735 0.24281 0.14681
239.46339 0.24268 0.14681
239.55942 0.24254 0.14680
239.65546 0.24241 0.14680
239.75150 0.24228 0.14679
239.84754 0.24215 0.14679
239.94358 0.24202 0.14678
240.03962 0.24189 0.14677
240.13565 0.24176 0.14677
240.23169 0.24163 0.14676
240.32773 0.24150 0.14676
240.42377 0.24136 0.14675
240.51981 0.24123 0.14674
240.61585 0.24110 0.14674
240.71188 0.24097 0.14673
240.80792 0.24084 0.14673
240.90396 0.24071 0.14672
241.00000 0.24057 0.14671
