1.0 0.264367
1.0960384153661464 0.2642038888500914
1.1920768307322929 0.2640412442664694
1.2881152460984393 0.2638792939381469
1.3841536614645857 0.2637181808184724
1.4801920768307322 0.2635579019712662
1.5762304921968788 0.26339836403501027
1.6722689075630253 0.26323946384989294
1.7683073229291717 0.26308111078962537
1.8643457382953181 0.26292332849097155
1.9603841536614646 0.2627662935245234
2.0564225690276112 0.2626102787553135
2.1524609843937577 0.26245556668742087
2.248499399759904 0.2623024180289159
2.3445378151260505 0.26215090946007796
2.440576230492197 0.26200087019725615
2.5366146458583434 0.2618520917010946
2.63265306122449 0.2617046649298782
2.7286914765906363 0.26155894236351707
2.8247298919567827 0.26141505192681097
2.920768307322929 0.26127268930446057
3.0168067226890756 0.26113139935999674
3.112845138055222 0.26099105328607636
3.2088835534213684 0.26085185685207746
3.3049219687875153 0.2607140670402329
3.4009603841536618 0.26057786286566065
3.496998799519808 0.26044343894726807
3.5930372148859546 0.26031117337040915
3.689075630252101 0.26018158979463823
3.7851140456182475 0.2600549128178414
3.881152460984394 0.2599308562799779
3.9771908763505404 0.2598089549326994
4.073229291716687 0.2596891882537117
4.169267707082833 0.259571996606659
4.26530612244898 0.259457836111958
4.3613445378151265 0.25934695187763424
4.4573829531812725 0.2592393983559477
4.5534213685474185 0.2591350825557571
4.649459783913565 0.25903378015154077
4.745498199279712 0.258935235174884
4.841536614645858 0.2588392140696363
4.937575030012005 0.2587455687125274
5.033613445378151 0.2586543664565141
5.129651860744298 0.2585658778685266
5.225690276110444 0.2584803013672955
5.321728691476591 0.2583976079743002
5.417767106842737 0.2583176139222302
5.513805522208884 0.25824014338998913
5.609843937575031 0.2581650490383578
5.705882352941177 0.2580922013588739
5.8019207683073235 0.25802148258291513
5.8979591836734695 0.25795283567341887
5.993997599039616 0.2578863777662106
6.090036014405762 0.2578223983765031
6.186074429771909 0.2577611637564784
6.282112845138055 0.25770279424107906
6.378151260504202 0.25764718433953815
6.474189675870348 0.2575938118014629
6.570228091236495 0.2575417902369208
6.666266506602641 0.25749083652554494
6.762304921968788 0.2574419059972738
6.858343337334934 0.2573964581276936
6.954381752701081 0.2573545381274419
7.050420168067227 0.2573146143266114
7.146458583433374 0.2572753834374878
7.2424969987995205 0.2572370197216192
7.3385354141656665 0.2572006283904456
7.434573829531813 0.25716669340021653
7.530612244897959 0.25713487810352076
7.626650660264106 0.25710487253930253
7.722689075630252 0.2570770099908353
7.818727490996399 0.2570520011590693
7.914765906362545 0.2570301312787603
8.010804321728692 0.2570111557954723
8.106842737094837 0.2569948737454778
8.202881152460986 0.25698156639450614
8.29891956782713 0.25697177087124784
8.394957983193278 0.2569655596078504
8.490996398559425 0.2569624281423032
8.58703481392557 0.25696167561850214
8.683073229291717 0.2569627108352914
8.779111644657863 0.2569651731218213
8.87515006002401 0.2569692927370158
8.971188475390157 0.25697591905024675
9.067226890756302 0.25698576350071867
9.16326530612245 0.25699875984632725
9.259303721488596 0.25701424116114896
9.355342136854743 0.2570316082174675
9.451380552220888 0.2570504669763205
9.547418967587035 0.2570705512568184
9.643457382953182 0.2570916540797361
9.739495798319329 0.25711363652152
9.835534213685474 0.2571364681257604
9.93157262905162 0.2571602372683994
10.027611044417768 0.2571851779964762
10.123649459783914 0.2572116950687463
10.219687875150061 0.25724025817832485
10.315726290516206 0.25727099648079077
10.411764705882353 0.2573036290945888
10.5078031212485 0.25733805820895267
10.603841536614647 0.25737495032708246
10.699879951980792 0.25741538623141924
10.795918367346939 0.2574593557678162
10.891956782713086 0.25750543811387094
10.987995198079233 0.25755222198508787
11.084033613445378 0.2575997678719868
11.180072028811525 0.2576492884627821
11.276110444177672 0.25770150355054855
11.372148859543818 0.25775622615410776
11.468187274909964 0.25781299060500157
11.56422569027611 0.2578717318427547
11.660264105642257 0.2579326440077194
11.756302521008404 0.25799539101156643
11.852340936374551 0.2580589137973211
11.948379351740696 0.258122294626966
12.044417767106843 0.25818573917015464
12.14045618247299 0.2582503601388847
12.236494597839137 0.2583168914584075
12.332533013205282 0.2583853188895996
12.428571428571429 0.25845531293552043
12.524609843937576 0.2585267456551852
12.620648259303723 0.2585996267568234
12.716686674669868 0.2586736282200042
12.812725090036015 0.2587479545293282
12.908763505402161 0.2588220600132849
13.004801920768308 0.2588965486251459
13.100840336134453 0.2589729310070439
13.1968787515006 0.25905201992465443
13.292917166866747 0.2591334133797397
13.388955582232894 0.25921618311341693
13.484993997599041 0.259299782685268
13.581032412965186 0.2593840895957196
13.677070828331333 0.259469291756081
13.77310924369748 0.25955584070834764
13.869147659063627 0.2596441351277499
13.965186074429772 0.25973408239849105
14.061224489795919 0.2598251951800897
14.157262905162066 0.2599173654171433
14.253301320528212 0.2600111420788042
14.349339735894358 0.26010723000009744
14.445378151260504 0.26020575921747613
14.541416566626651 0.26030632949816385
14.637454981992798 0.26040866249005634
14.733493397358943 0.2605128529428999
14.82953181272509 0.2606191073171945
14.925570228091237 0.2607273424297243
15.021608643457384 0.2608372203341677
15.11764705882353 0.2609486143673455
15.213685474189676 0.2610617976630366
15.309723889555823 0.26117714701511746
15.40576230492197 0.2612946647047302
15.501800720288117 0.26141398415088707
15.597839135654262 0.2615347231974171
15.693877551020408 0.26165663957190116
15.789915966386555 0.2617797292564311
15.885954381752702 0.261904391891815
15.981992797118847 0.2620313428386385
16.078031212484994 0.26216081909749733
16.17406962785114 0.2622922197460654
16.270108043217288 0.2624246696446595
16.366146458583433 0.26255802895114233
16.46218487394958 0.2626928857886405
16.558223289315727 0.26282964533684033
16.654261704681872 0.26296809224341244
16.75030012004802 0.2631078545160147
16.846338535414166 0.26324928039997997
16.942376950780314 0.26339337023398157
17.03841536614646 0.26354035043483437
17.134453781512605 0.26368895204584253
17.230492196878753 0.2638374017132812
17.3265306122449 0.26398539399702825
17.422569027611043 0.26413413628049404
17.518607442977192 0.2642846200313008
17.614645858343337 0.26443669398797903
17.710684273709486 0.2645895887114996
17.80672268907563 0.2647430292146422
17.902761104441776 0.26489730421184887
17.998799519807925 0.26505257735796073
18.09483793517407 0.26520849826390225
18.19087635054022 0.2653644470007429
18.286914765906364 0.26552008147893635
18.38295318127251 0.26567540069938794
18.478991596638657 0.26583064116570454
18.575030012004802 0.265986214692874
18.671068427370948 0.2661425603860411
18.767106842737096 0.2662998038391724
18.86314525810324 0.2664577465386912
18.95918367346939 0.26661628937171644
19.055222088835535 0.2667756976660441
19.15126050420168 0.2669364276526589
19.24729891956783 0.26709869231144756
19.343337334933974 0.26726242532011435
19.439375750300123 0.2674276302806505
19.535414165666268 0.26759461039251903
19.631452581032413 0.2677637511923801
19.72749099639856 0.2679349504322709
19.823529411764707 0.2681075714811747
19.91956782713085 0.2682810135201136
20.015606242497 0.2684551062862061
20.111644657863145 0.2686299640920044
20.207683073229294 0.26880556708846987
20.30372148859544 0.26898170094053797
20.399759903961584 0.269158095996921
20.495798319327733 0.2693345285506539
20.591836734693878 0.2695109394446174
20.687875150060023 0.26968776801205385
20.78391356542617 0.26986595009932657
20.879951980792317 0.27004599481671104
20.975990396158466 0.270227277602747
21.07202881152461 0.27040854201548525
21.168067226890756 0.27058948020501655
21.264105642256904 0.270770967928485
21.36014405762305 0.27095402126246637
21.456182472989198 0.2711389570983771
21.552220888355343 0.2713254451418119
21.64825930372149 0.27151275395545105
21.744297719087637 0.27169983584536306
21.840336134453782 0.2718859536351841
21.936374549819927 0.27207121070690377
22.032412965186076 0.2722563536030291
22.12845138055222 0.2724420425116898
22.22448979591837 0.27262869805242457
22.320528211284515 0.2728165284150377
22.41656662665066 0.27300555336028054
22.51260504201681 0.27319563756360876
22.608643457382954 0.27338660823913974
22.704681872749102 0.2735782866767522
22.800720288115247 0.2737705951245758
22.896758703481392 0.273963656623608
22.99279711884754 0.27415771895655267
23.088835534213686 0.2743528502793039
23.18487394957983 0.27454887135818673
23.28091236494598 0.274745463595208
23.376950780312125 0.274942275038029
23.472989195678274 0.27513902455047545
23.56902761104442 0.2753359016284377
23.665066026410564 0.2755336401128785
23.761104441776713 0.27573285892985655
23.857142857142858 0.2759333837824335
23.953181272509003 0.2761344907364771
24.04921968787515 0.2763360762989059
24.145258103241297 0.2765389331787959
24.241296518607445 0.27674379698450835
24.33733493397359 0.2769503156065216
24.433373349339735 0.2771573488250579
24.529411764705884 0.27736455285679745
24.62545018007203 0.2775727933389007
24.721488595438178 0.2777831587293141
24.817527010804323 0.2779958396270372
24.913565426170468 0.2782102397546494
25.009603841536617 0.27842579876668616
25.10564225690276 0.2786422350299601
25.201680672268907 0.2788594855549081
25.297719087635056 0.27907763432545957
25.3937575030012 0.27929685008050614
25.48979591836735 0.2795170923232324
25.585834333733494 0.27973802722283125
25.68187274909964 0.27995934201847406
25.777911164465788 0.2801811393269264
25.873949579831933 0.2804038488284086
25.969987995198082 0.2806276194112759
26.066026410564227 0.2808521249405757
26.162064825930372 0.28107689677852254
26.25810324129652 0.28130176222034
26.354141656662666 0.28152684145749274
26.45018007202881 0.2817523581834227
26.54621848739496 0.2819785704072152
26.642256902761105 0.28220564691506395
26.738295318127253 0.28243349656998973
26.8343337334934 0.28266182264334827
26.930372148859544 0.2828905251846457
27.026410564225692 0.28311984525054956
27.122448979591837 0.2833500978069557
27.218487394957986 0.2835812826041505
27.31452581032413 0.28381308498527513
27.410564225690276 0.28404507966327763
27.506602641056425 0.28427681536663785
27.60264105642257 0.2845080973969633
27.698679471788715 0.2847394190500109
27.794717887154864 0.2849718205827096
27.89075630252101 0.2852056874133087
27.986794717887157 0.28544026631413777
28.082833133253303 0.28567456399778557
28.178871548619448 0.2859087958172259
28.274909963985596 0.2861442758868309
28.37094837935174 0.2863816800178013
28.466986794717887 0.2866202996952212
28.563025210084035 0.2868589527329637
28.65906362545018 0.28709753090551515
28.75510204081633 0.2873369596062133
28.851140456182474 0.28757774162725913
28.94717887154862 0.28781929480779256
29.043217286914768 0.2880605928532671
29.139255702280913 0.288301313696685
29.23529411764706 0.2885418781515408
29.331332533013207 0.28878279574023413
29.42737094837935 0.2890243496226198
29.5234093637455 0.28926674663955965
29.619447779111646 0.289510402552822
29.71548619447779 0.28975588564318083
29.81152460984394 0.2900031600132846
29.907563025210084 0.2902512041447362
30.003601440576233 0.2904986864838296
30.099639855942378 0.29074530610627686
30.195678271308523 0.29099183724587546
30.291716686674672 0.29123908137047483
30.387755102040817 0.2914873056288629
30.483793517406966 0.2917364199111755
30.57983193277311 0.29198635725748223
30.675870348139256 0.2922371094054109
30.771908763505404 0.29248861058262215
30.86794717887155 0.29274067204629284
30.963985594237695 0.29299304057203235
31.060024009603843 0.2932455284348574
31.15606242496999 0.2934980158338787
31.252100840336137 0.2937502957673801
31.348139255702282 0.2940019828688948
31.444177671068427 0.2942528089455482
31.540216086434576 0.2945033080632947
31.63625450180072 0.29475479789559256
31.732292917166866 0.29500808259079836
31.828331332533015 0.295262642724733
31.92436974789916 0.2955172744127004
32.02040816326531 0.2957716793027393
32.116446578631454 0.2960266070551194
32.2124849939976 0.29628270076437135
32.308523409363744 0.29653973779551923
32.404561824729896 0.2967969455506737
32.50060024009604 0.29705384994900774
32.596638655462186 0.2973103968613625
32.69267707082833 0.2975667784396777
32.78871548619448 0.297823313205427
32.88475390156063 0.29808037648009234
32.98079231692677 0.2983382173475846
33.07683073229292 0.2985969276254268
33.172869147659064 0.29885644388915755
33.26890756302521 0.29911654906136503
33.36494597839136 0.2993769656029921
33.460984393757506 0.29963762258870413
33.55702280912365 0.2998986818537477
33.6530612244898 0.3001602163532344
33.74909963985594 0.30042196438455804
33.84513805522209 0.30068351512173985
33.94117647058824 0.30094489023834053
34.037214885954384 0.3012066200393911
34.13325330132053 0.30146919413321976
34.229291716686674 0.3017326202199381
34.32533013205282 0.30199658092780096
34.42136854741897 0.3022609778178781
34.51740696278512 0.30252601951176006
34.61344537815126 0.3027918608048559
34.70948379351741 0.30305829815801516
34.80552220888355 0.30332489497389803
34.901560624249704 0.3035914392495995
34.99759903961585 0.30385802834117
35.093637454981994 0.30412483884287744
35.18967587034814 0.3043919228089056
35.285714285714285 0.304659237853142
35.38175270108044 0.3049267801754737
35.47779111644658 0.3051946156502545
35.57382953181273 0.30546290824501
35.66986794717887 0.3057319466723502
35.76590636254502 0.30600206114898265
35.86194477791116 0.30627330359104893
35.957983193277315 0.30654538274446336
36.05402160864346 0.3068179168958992
36.150060024009605 0.30709068111120685
36.24609843937575 0.3073635879981666
36.342136854741895 0.307636567778591
36.43817527010805 0.30790954885361477
36.53421368547419 0.3081827156658665
36.63025210084034 0.30845677368965263
36.72629051620648 0.308732713018257
36.82232893157263 0.3090107522417981
36.91836734693878 0.309290089277524
37.014405762304925 0.3095697494764559
37.11044417767107 0.3098495004557308
37.206482593037215 0.3101297568242588
37.30252100840336 0.31041094403712155
37.39855942376951 0.31069331983233833
37.49459783913566 0.3109769668468772
37.5906362545018 0.3112617843228598
37.68667466986795 0.31154751384693247
37.78271308523409 0.31183386542434594
37.878751500600245 0.31212055821181006
37.97478991596639 0.3124074264724347
38.070828331332535 0.31269454545049413
38.16686674669868 0.31298218042051906
38.262905162064826 0.3132704923132536
38.35894357743097 0.31355944554896176
38.45498199279712 0.31384881815503446
38.55102040816327 0.3141382146028603
38.64705882352941 0.3144271348011707
38.74309723889556 0.31471533781085403
38.8391356542617 0.3150029604205138
38.935174069627855 0.31529042596286583
39.031212484994 0.31557832442947753
39.127250900360146 0.315867335451261
39.22328931572629 0.31615783766951455
39.319327731092436 0.3164497739870691
39.41536614645859 0.31674277491608027
39.51140456182473 0.3170363297074257
39.60744297719088 0.31732986596280427
39.70348139255702 0.31762315077418113
39.79951980792317 0.3179164342903825
39.89555822328932 0.3182101823721072
39.991596638655466 0.3185046879900665
40.08763505402161 0.3188000435060958
40.183673469387756 0.3190961607549863
40.2797118847539 0.3193927799357087
40.375750300120046 0.31968954391990173
40.4717887154862 0.3199861116340327
40.56782713085234 0.3202822085200222
40.66386554621849 0.32057790102114075
40.759903961584634 0.32087370399259635
40.85594237695078 0.3211701663697323
40.95198079231693 0.32146720554539243
41.048019207683076 0.3217641861240442
41.14405762304922 0.32206091716384866
41.240096038415366 0.32235807822522855
41.33613445378151 0.32265661375113874
41.432172869147664 0.3229567074159679
41.52821128451381 0.323257788063194
41.624249699879954 0.3235593324540471
41.7202881152461 0.3238612314048376
41.816326530612244 0.324163657632678
41.912364945978396 0.32446682730430326
42.00840336134454 0.32477095506339937
42.104441776710686 0.3250760878986594
42.20048019207683 0.32538202604818034
42.29651860744298 0.32568847153880653
42.39255702280912 0.32599530715861674
42.488595438175274 0.3263025952446551
42.58463385354142 0.3266103025647181
42.680672268907564 0.3269181627472088
42.77671068427371 0.3272259896523567
42.872749099639854 0.3275342962074312
42.96878751500601 0.3278442294908327
43.06482593037215 0.3281563077334667
43.1608643457383 0.32846974818699937
43.25690276110444 0.32878323965722467
43.35294117647059 0.3290965592565843
43.44897959183674 0.3294106470242681
43.545018007202884 0.3297263573193117
43.64105642256903 0.3300437560463295
43.737094837935174 0.33036232363120077
43.83313325330132 0.3306814175539393
43.92917166866747 0.33100036531383564
44.02521008403362 0.33131879934366426
44.12124849939976 0.3316368554682332
44.21728691476591 0.33195500714643256
44.31332533013205 0.3322736761972872
44.409363745498204 0.3325931765075504
44.50540216086435 0.332913696373205
44.601440576230495 0.3332352873371356
44.69747899159664 0.33355786180633146
44.793517406962785 0.33388118819672435
44.88955582232893 0.3342049152441302
44.98559423769508 0.3345288736680434
45.08163265306123 0.3348532738347004
45.17767106842737 0.33517848312497367
45.27370948379352 0.33550444578310035
45.36974789915966 0.335830634400995
45.465786314525815 0.33615660818525767
45.56182472989196 0.3364823977177014
45.657863145258105 0.33680835908219864
45.75390156062425 0.33713475758195327
45.849939975990395 0.33746170410574405
45.94597839135655 0.3377892379281332
46.04201680672269 0.3381173864947478
46.13805522208884 0.33844616874152667
46.23409363745498 0.33877560122719247
46.33013205282113 0.3391056863776349
46.42617046818728 0.339436223405603
46.522208883553425 0.33976666418735535
46.61824729891957 0.3400963338216051
46.714285714285715 0.3404251081090815
46.81032412965186 0.3407534897479543
46.906362545018006 0.34108177955657704
47.00240096038416 0.3414094128742944
47.0984393757503 0.34173540208665876
47.19447779111645 0.342059810243451
47.29051620648259 0.34238397141331867
47.38655462184874 0.34270920597380433
47.48259303721489 0.34303573998877646
47.578631452581035 0.3433629253933861
47.67466986794718 0.34369010141617573
47.770708283313326 0.34401678955876314
47.86674669867947 0.3443429462577474
47.96278511404562 0.3446691864216942
48.05882352941177 0.344996506994362
48.15486194477791 0.3453252702362438
48.25090036014406 0.3456550072468741
48.3469387755102 0.34598505305876937
48.442977190876356 0.34631513613980175
48.5390156062425 0.34664530926831255
48.635054021608646 0.3469756023251026
48.73109243697479 0.34730594284469185
48.827130852340936 0.347636208822381
48.92316926770709 0.34796628007145064
49.01920768307323 0.3482960665844964
49.11524609843938 0.34862561343447673
49.21128451380552 0.3489551191475304
49.30732292917167 0.34928474004713406
49.403361344537814 0.34961438974826575
49.499399759903966 0.34994381713001005
49.59543817527011 0.3502729760631943
49.691476590636256 0.3506021144299172
49.7875150060024 0.35093153524458054
49.883553421368546 0.35126133966683487
49.9795918367347 0.3515914012131879
50.075630252100844 0.3519213091208361
50.17166866746699 0.35225036969244283
50.267707082833134 0.35257811662979655
50.36374549819928 0.35290488741505155
50.45978391356543 0.3532315959570512
50.555822328931576 0.3535585057601748
50.65186074429772 0.35388489094709474
50.747899159663866 0.3542098216430434
50.84393757503001 0.35453309590000437
50.939975990396164 0.35485517070887806
51.03601440576231 0.3551765404639027
51.132052821128454 0.35549754538449707
51.2280912364946 0.3558184560871879
51.324129651860744 0.3561395789901103
51.42016806722689 0.3564611978570185
51.51620648259304 0.35678322940129903
51.61224489795919 0.3571051205808834
51.70828331332533 0.35742630811826537
51.80432172869148 0.35774682039489264
51.90036014405762 0.358067207509479
51.996398559423774 0.3583879150080305
52.09243697478992 0.35870906664917335
52.188475390156064 0.35903052446989614
52.28451380552221 0.35935197189983537
52.380552220888354 0.3596729722084966
52.47659063625451 0.3599932822211651
52.57262905162065 0.3603129644425559
52.6686674669868 0.36063219353142295
52.76470588235294 0.36095097578275503
52.86074429771909 0.3612691632974643
52.95678271308524 0.36158668403202976
53.052821128451384 0.36190362981106167
53.14885954381753 0.36222016049543493
53.244897959183675 0.36253635775527526
53.34093637454982 0.36285222845460197
53.43697478991597 0.3631678100229913
53.53301320528212 0.363483212547542
53.62905162064826 0.36379854431168646
53.72509003601441 0.36411379266127153
53.82112845138055 0.3644288453846657
53.9171668667467 0.3647437188499302
54.01320528211285 0.3650586549490455
54.109243697478995 0.3653739805715937
54.20528211284514 0.36568987067309294
54.301320528211285 0.36600633685187284
54.39735894357743 0.3663233135715255
54.49339735894358 0.3666406965653113
54.58943577430973 0.3669582758636113
54.68547418967587 0.3672756172162036
54.78151260504202 0.36759211980464
54.87755102040816 0.36790757836233373
54.973589435774315 0.3682224497628941
55.06962785114046 0.36853741862099254
55.165666266506605 0.3688525847599016
55.26170468187275 0.3691674550522955
55.357743097238895 0.36948163625243524
55.45378151260505 0.36979518491520036
55.54981992797119 0.3701084834271551
55.64585834333734 0.37042199112773455
55.74189675870348 0.3707361732086653
55.83793517406963 0.3710511162994996
55.93397358943577 0.37136632525261337
56.030012004801925 0.37168107162576103
56.12605042016807 0.37199511802354057
56.222088835534215 0.37230874190578667
56.31812725090036 0.37262209174616095
56.414165666266506 0.3729348274575798
56.51020408163266 0.37324649382486574
56.6062424969988 0.37355734197126467
56.70228091236495 0.3738683423778285
56.79831932773109 0.3741801938192304
56.89435774309724 0.37449273927428584
56.99039615846339 0.3748053315170327
57.086434573829536 0.37511769030577974
57.18247298919568 0.3754299855044793
57.278511404561826 0.3757424280451555
57.37454981992797 0.3760550159635848
57.47058823529412 0.37636758036924944
57.56662665066027 0.37667990633332615
57.66266506602641 0.3769917666327495
57.75870348139256 0.377303109190792
57.8547418967587 0.37761417920646906
57.950780312124856 0.37792532790030364
58.046818727491 0.37823651879525955
58.142857142857146 0.3785472940537806
58.23889555822329 0.37885733747407885
58.334933973589436 0.3791668608482074
58.43097238895558 0.3794763216906567
58.52701080432173 0.3797856417118096
58.62304921968788 0.38009413618910254
58.719087635054024 0.38040133518158886
58.81512605042017 0.38070757639153185
58.911164465786314 0.38101369812251495
59.007202881152466 0.3813201265600812
59.10324129651861 0.381626742325087
59.199279711884756 0.3819332954871497
59.2953181272509 0.38223972042963417
59.391356542617046 0.38254609347519847
59.4873949579832 0.38285248153666185
59.583433373349344 0.38315889946113957
59.67947178871549 0.38346508418098124
59.775510204081634 0.3837703145834397
59.87154861944778 0.3840737656258597
59.96758703481393 0.3843756495797456
60.063625450180076 0.38467736520487206
60.15966386554622 0.3849801621589384
60.25570228091237 0.3852840219917625
60.35174069627851 0.38558802380237944
60.44777911164466 0.38589169244083815
60.54381752701081 0.38619525229832835
60.639855942376954 0.38649908072818917
60.7358943577431 0.38680322695303726
60.831932773109244 0.3871074745756534
60.92797118847539 0.38741162324033473
61.02400960384154 0.38771554691575155
61.12004801920769 0.38801910900065995
61.21608643457383 0.3883220838759051
61.31212484993998 0.3886242338902545
61.40816326530612 0.3889256095313312
61.504201680672274 0.38922660780314317
61.60024009603842 0.3895277012668612
61.696278511404564 0.3898291750877589
61.79231692677071 0.3901311290354903
61.888355342136855 0.39043352900640194
61.98439375750301 0.3907362202766441
62.08043217286915 0.39103894486458124
62.1764705882353 0.39134135928261826
62.27250900360144 0.3916430882921629
62.36854741896759 0.3919439479652174
62.46458583433373 0.39224399735259863
62.560624249699885 0.3925433479806474
62.65666266506603 0.39284195970360974
62.752701080432175 0.3931397207287399
62.84873949579832 0.3934368488560168
62.944777911164465 0.39373398354916733
63.04081632653062 0.39403161381215607
63.13685474189676 0.394329434501341
63.23289315726291 0.3946265368869124
63.32893157262905 0.39492247170428485
63.4249699879952 0.3952175456147995
63.52100840336135 0.3955122854598959
63.617046818727495 0.39580680490625986
63.71308523409364 0.39610086905485886
63.809123649459785 0.3963944009226633
63.90516206482593 0.396687632120914
64.00120048019208 0.3969808551676216
64.09723889555823 0.3972741159095283
64.19327731092437 0.39756725064194676
64.28931572629051 0.39786018453290006
64.38535414165666 0.3981530237705472
64.48139255702282 0.39844581761378833
64.57743097238895 0.39873824793828205
64.6734693877551 0.39902974431160443
64.76950780312126 0.3993202458449747
64.8655462184874 0.3996104537038291
64.96158463385353 0.399901272393231
65.05762304921969 0.4001930434436528
65.15366146458584 0.40048558100755305
65.24969987995199 0.4007787146683116
65.34573829531813 0.4010724836716085
65.44177671068428 0.40136689168435846
65.53781512605042 0.4016615529893436
65.63385354141657 0.401955763187975
65.72989195678272 0.4022491187459897
65.82593037214886 0.4025417518275698
65.92196878751501 0.4028340187110941
66.01800720288115 0.4031260267642278
66.1140456182473 0.40341764816659853
66.21008403361344 0.40370887562693847
66.3061224489796 0.4039999651242908
66.40216086434575 0.4042912581333587
66.49819927971188 0.4045828977650997
66.59423769507804 0.4048748242613552
66.69027611044417 0.40516692344364
66.78631452581033 0.40545909118860135
66.88235294117648 0.40575127694902025
66.97839135654262 0.40604355625282507
67.07442977190877 0.4063360898260955
67.1704681872749 0.40662876386423674
67.26650660264106 0.40692103021652654
67.36254501800721 0.4072122498430723
67.45858343337335 0.4075022997573643
67.5546218487395 0.4077915684505399
67.65066026410564 0.40808042156727503
67.74669867947179 0.40836894764853704
67.84273709483794 0.4086571286831153
67.93877551020408 0.40894515954926103
68.03481392557023 0.4092334188344452
68.13085234093637 0.40952192551487615
68.22689075630252 0.40981006815934024
68.32292917166868 0.41009704663526647
68.41896758703481 0.4103827391438324
68.51500600240097 0.410667718356706
68.6110444177671 0.41095248417433855
68.70708283313326 0.4112370576541458
68.80312124849941 0.41152121628001287
68.89915966386555 0.4118049859947628
68.9951980792317 0.41208867314782355
69.09123649459784 0.41237258655803777
69.18727490996399 0.41265688260333633
69.28331332533014 0.412941659229914
69.37935174069628 0.41322716350173316
69.47539015606243 0.41351375871055784
69.57142857142857 0.4138013056368517
69.66746698679472 0.4140888006442869
69.76350540216087 0.4143749814096126
69.85954381752701 0.4146597221431091
69.95558223289316 0.41494410468447285
70.0516206482593 0.41522905488493556
70.14765906362545 0.4155144995506514
70.2436974789916 0.4157997247540357
70.33973589435774 0.4160842707485223
70.4357743097239 0.4163680562322474
70.53181272509003 0.41665128310360566
70.62785114045619 0.416934374111721
70.72388955582232 0.41721777560389517
70.81992797118848 0.4175014587510334
70.91596638655463 0.41778488746040277
71.01200480192077 0.4180676044453613
71.10804321728692 0.41834963209962595
71.20408163265306 0.4186312813669937
71.30012004801921 0.4189126172346504
71.39615846338536 0.419193404577031
71.4921968787515 0.41947357939128693
71.58823529411765 0.4197535876704057
71.68427370948379 0.4200341369476275
71.78031212484994 0.4203154704540115
71.8763505402161 0.42059726569301675
71.97238895558223 0.420879023826661
72.06842737094838 0.42116036406176954
72.16446578631452 0.42144105809355203
72.26050420168067 0.4217211110795711
72.35654261704683 0.4220007658363176
72.45258103241297 0.4222803277815421
72.54861944777912 0.42256002584233165
72.64465786314526 0.42283995649600037
72.74069627851141 0.4231199192528111
72.83673469387756 0.42339940940437476
72.9327731092437 0.4236780504109682
73.02881152460985 0.42395595485533444
73.12484993997599 0.4242335604481372
73.22088835534214 0.42451104341545276
73.31692677070829 0.4247882099679997
73.41296518607443 0.42506475770119767
73.50900360144058 0.4253405047965816
73.60504201680672 0.4256154009861704
73.70108043217287 0.4258895384387197
73.79711884753902 0.4261631430532936
73.89315726290516 0.42643635076745695
73.98919567827132 0.4267090015538817
74.08523409363745 0.42698076775334487
74.1812725090036 0.42725166350845006
74.27731092436976 0.42752214167963154
74.3733493397359 0.42779260613426656
74.46938775510205 0.4280629399693562
74.56542617046819 0.4283326422416418
74.66146458583434 0.42860144712170933
74.75750300120049 0.4288694694164433
74.85354141656663 0.4291370168487738
74.94957983193278 0.4294043992815651
75.04561824729892 0.4296718544115781
75.14165666266507 0.429939272615283
75.23769507803121 0.43020613987988116
75.33373349339736 0.43047193305845266
75.42977190876351 0.43073654163248154
75.52581032412965 0.4310002294651749
75.6218487394958 0.4312633727624151
75.71788715486194 0.4315263832396925
75.8139255702281 0.4317895837334753
75.90996398559425 0.43205306878001637
76.00600240096038 0.43231673048723696
76.10204081632654 0.43258041543798365
76.19807923169267 0.4328439723532628
76.29411764705883 0.4331073067679544
76.39015606242498 0.4333704453966112
76.48619447779112 0.43363348763503695
76.58223289315727 0.43389634606607097
76.6782713085234 0.4341586742169834
76.77430972388956 0.4344201558477582
76.87034813925571 0.43468086278015233
76.96638655462185 0.43494115543585954
77.062424969988 0.4352010421896236
77.15846338535414 0.4354599840044612
77.25450180072029 0.4357174637414137
77.35054021608644 0.43597372607106305
77.44657863145258 0.43622965443545436
77.54261704681873 0.43648580804153775
77.63865546218487 0.43674209588498614
77.73469387755102 0.4369980998145787
77.83073229291718 0.4372535162527449
77.92677070828331 0.437508179850266
78.02280912364947 0.43776201511448076
78.1188475390156 0.4380150189816422
78.21488595438176 0.43826726921229187
78.31092436974791 0.43851893642076173
78.40696278511405 0.4387702450871096
78.5030012004802 0.4390212237287743
78.59903961584634 0.4392716130212692
78.69507803121249 0.439521123640791
78.79111644657864 0.43976982562025346
78.88715486194478 0.4400181088685353
78.98319327731093 0.4402662057166159
79.07923169267707 0.44051399964909527
79.17527010804322 0.44076122864447653
79.27130852340936 0.4410078087571881
79.36734693877551 0.4412538433489679
79.46338535414166 0.4414994860945744
79.5594237695078 0.44174488117442823
79.65546218487395 0.4419900950458554
79.75150060024009 0.4422350042976657
79.84753901560624 0.4424793369765494
79.9435774309724 0.4427230633363247
80.03961584633853 0.44296656908964266
80.13565426170469 0.44321033074516725
80.23169267707082 0.44345434399630457
80.32773109243698 0.4436981479004748
80.42376950780313 0.4439414796183245
80.51980792316927 0.44418458371134845
80.61584633853542 0.44442788960818885
80.71188475390156 0.4446714118740644
80.80792316926771 0.4449147370309109
80.90396158463386 0.4451574623635738
81.0 0.4453994158264481
81.09603841536615 0.4456405799980117
81.19207683073229 0.445880940765254
81.28811524609844 0.4461204820710265
81.3841536614646 0.44635929506350036
81.48019207683073 0.446597634843498
81.57623049219688 0.4468357650812085
81.67226890756302 0.4470736385676216
81.76830732292918 0.4473109080799869
81.86434573829533 0.44754740788041464
81.96038415366147 0.4477834205158899
82.05642256902762 0.4480194015246285
82.15246098439376 0.44825537867263227
82.24849939975991 0.4484909262495107
82.34453781512606 0.44872570557053615
82.4405762304922 0.4489597808931234
82.53661464585835 0.4491934024930394
82.63265306122449 0.4494265037226784
82.72869147659064 0.4496586790453514
82.82472989195679 0.4498897067152222
82.92076830732293 0.4501198703153499
83.01680672268908 0.45034971880535246
83.11284513805522 0.4505794790998028
83.20888355342137 0.4508089922018833
83.30492196878753 0.4510379777032636
83.40096038415366 0.45126620546106955
83.49699879951982 0.45149358081276547
83.59303721488595 0.45172035284305856
83.6890756302521 0.451947103254573
83.78511404561824 0.452174197192878
83.8811524609844 0.4524014091239766
83.97719087635055 0.45262813708677685
84.07322929171669 0.4528539949840378
84.16926770708284 0.45307889563113457
84.26530612244898 0.4533028496189887
84.36134453781513 0.45352582127596364
84.45738295318128 0.4537477938345354
84.55342136854742 0.4539689620772034
84.64945978391357 0.4541897386416173
84.74549819927971 0.45441035547343567
84.84153661464586 0.45463056376054406
84.93757503001201 0.45484983688199004
85.03361344537815 0.45506799766549466
85.1296518607443 0.45528532066821004
85.22569027611044 0.4555023096154232
85.3217286914766 0.4557195212510329
85.41776710684275 0.4559374360968337
85.51380552220888 0.4561560665837798
85.60984393757504 0.45637491023309473
85.70588235294117 0.4565934618234123
85.80192076830733 0.4568116392300845
85.89795918367348 0.45702966772964276
85.99399759903962 0.4572476510480215
86.09003601440577 0.4574654932367618
86.1860744297719 0.4576831018103647
86.28211284513806 0.45790056520514294
86.37815126050421 0.4581181081773631
86.47418967587035 0.4583359133668228
86.5702280912365 0.4585540714552033
86.66626650660264 0.45877237306289154
86.76230492196879 0.4589901178229967
86.85834333733494 0.4592063803708913
86.95438175270108 0.4594210281857275
87.05042016806723 0.45963491566178827
87.14645858343337 0.45984895109649027
87.24249699879952 0.46006319759536224
87.33853541416568 0.4602770462739675
87.43457382953181 0.46049004431346185
87.53061224489797 0.4607020944512352
87.6266506602641 0.46091334631079717
87.72268907563026 0.46112408639500446
87.81872749099641 0.46133466710405013
87.91476590636255 0.4615452309085346
88.0108043217287 0.46175564772723954
88.10684273709484 0.4619657561151317
88.20288115246099 0.4621756196521216
88.29891956782713 0.46238547381825024
88.39495798319328 0.462595436431799
88.49099639855943 0.46280543048856077
88.58703481392557 0.4630152621866046
88.68307322929172 0.4632247080709624
88.77911164465786 0.46343353753667804
88.87515006002401 0.4636415965119943
88.97118847539016 0.4638488303571825
89.0672268907563 0.46405523594547965
89.16326530612245 0.46426080546953186
89.25930372148859 0.46446556518495935
89.35534213685474 0.46466978263366066
89.4513805522209 0.464874019226564
89.54741896758703 0.4650787347707269
89.64345738295319 0.4652838001812245
89.73949579831933 0.46548860053865415
89.83553421368548 0.4656927328175748
89.93157262905163 0.46589622718397605
90.02761104441777 0.4660993033818662
90.12364945978392 0.46630205514551293
90.21968787515006 0.4665044658781075
90.31572629051621 0.466706612067628
90.41176470588236 0.4669087272990469
90.5078031212485 0.4671109385322846
90.60384153661465 0.46731290727862795
90.69987995198079 0.4675139395449872
90.79591836734694 0.46771378319445095
90.8919567827131 0.4679129086591475
90.98799519807923 0.4681120405921051
91.08403361344538 0.4683114875753187
91.18007202881152 0.46851114611814465
91.27611044417768 0.46871084727846124
91.37214885954383 0.4689104895998248
91.46818727490997 0.46911002712116995
91.56422569027612 0.4693094509193388
91.66026410564226 0.4695087814901745
91.75630252100841 0.4697080284297206
91.85234093637456 0.46990717281164396
91.9483793517407 0.47010608653164443
92.04441776710685 0.470304404926788
92.14045618247299 0.4705015934312883
92.23649459783914 0.4706974939735312
92.33253301320529 0.47089255289363874
92.42857142857143 0.47108739170399416
92.52460984393758 0.4712820919869223
92.62064825930372 0.4714762225614584
92.71668667466987 0.47166954546207884
92.81272509003601 0.4718623304857855
92.90876350540216 0.4720550279391611
93.00480192076832 0.4722476934933679
93.10084033613445 0.4724399885678759
93.1968787515006 0.4726316430723785
93.29291716686674 0.4728226735429027
93.3889555822329 0.47301320405500624
93.48499399759905 0.47320313407001746
93.58103241296519 0.4733921435267556
93.67707082833134 0.4735800367303308
93.77310924369748 0.4737669130444071
93.86914765906363 0.4739529886545047
93.96518607442978 0.47413824863939824
94.06122448979592 0.4743224513666878
94.15726290516207 0.4745055254059199
94.25330132052821 0.4746877776915719
94.34933973589436 0.47486973305362035
94.44537815126051 0.47505180277596415
94.54141656662665 0.47523424046374635
94.6374549819928 0.47541710692522143
94.73349339735894 0.47560025115192284
94.8295318127251 0.4757834016384162
94.92557022809125 0.475966363282885
95.02160864345738 0.4761490243565859
95.11764705882354 0.47633116717424334
95.21368547418967 0.4765123585854395
95.30972388955583 0.4766921957449197
95.40576230492198 0.4768708663632872
95.50180072028812 0.4770491619480124
95.59783913565427 0.4772277800010607
95.6938775510204 0.4774068956944655
95.78991596638656 0.4775862731710171
95.88595438175271 0.4777655467089327
95.98199279711885 0.47794428298068936
96.078031212485 0.47812222763396706
96.17406962785114 0.4782994641747269
96.27010804321729 0.47847622923844657
96.36614645858344 0.4786524399087807
96.46218487394958 0.478827666409946
96.55822328931573 0.4790017076869608
96.65426170468187 0.4791749819596605
96.75030012004802 0.4793482603318091
96.84633853541418 0.4795219376858384
96.94237695078031 0.47969593509207487
97.03841536614647 0.4798700008559624
97.1344537815126 0.4800439255127411
97.23049219687876 0.48021757318008385
97.3265306122449 0.4803909566025164
97.42256902761105 0.4805642332491764
97.5186074429772 0.4807374600877772
97.61464585834334 0.4809104096292477
97.71068427370949 0.4810826978071735
97.80672268907563 0.48125417704417384
97.90276110444178 0.4814249959097126
97.99879951980793 0.4815953971672436
98.09483793517407 0.48176555850727704
98.19087635054022 0.48193556349181466
98.28691476590636 0.48210532400458805
98.38295318127251 0.48227457629450643
98.47899159663866 0.4824430694157479
98.5750300120048 0.48261072134164096
98.67106842737095 0.4827775896073029
98.76710684273709 0.4829437582135503
98.86314525810324 0.48310931326284834
98.9591836734694 0.48327432577999174
99.05522208883554 0.4834388367626076
99.15126050420169 0.48360280908114883
99.24729891956783 0.48376596050985543
99.34333733493398 0.4839277479193508
99.43937575030013 0.4840877770900025
99.53541416566627 0.4842461773690747
99.63145258103242 0.48440346271876084
99.72749099639856 0.4845599646588501
99.82352941176471 0.4847157124803381
99.91956782713086 0.48487068494329477
100.015606242497 0.485025051960422
100.11164465786315 0.48517912736621893
100.20768307322929 0.4853331450850127
100.30372148859544 0.4854872035759471
100.3997599039616 0.48564125158610805
100.49579831932773 0.4857950737896569
100.59183673469389 0.48594833913645696
100.68787515006002 0.48610080440902825
100.78391356542618 0.4862523657933473
100.87995198079233 0.4864030257652612
100.97599039615847 0.4865528580139926
101.07202881152462 0.48670201831260007
101.16806722689076 0.48685079967189715
101.26410564225691 0.4869996364795195
101.36014405762306 0.4871487948279426
101.4561824729892 0.48729802798441835
101.55222088835535 0.4874467088502683
101.64825930372149 0.4875945301885978
101.74429771908764 0.4877416993768477
101.84033613445378 0.4878886671628567
101.93637454981993 0.488035810631263
102.03241296518608 0.488183363416537
102.12845138055222 0.48833116061702764
102.22448979591837 0.4884785732900544
102.32052821128451 0.48862495212232715
102.41656662665066 0.48877017218047986
102.51260504201682 0.4889145799598771
102.60864345738295 0.4890585430373011
102.7046818727491 0.48920230258743325
102.80072028811524 0.48934592729739257
102.8967587034814 0.4894892540279918
102.99279711884755 0.48963194594036363
103.08883553421369 0.48977383515914197
103.18487394957984 0.4899150367596496
103.28091236494598 0.49005579309118774
103.37695078031213 0.49019626261004046
103.47298919567828 0.49033652717393056
103.56902761104442 0.49047672266745135
103.66506602641057 0.49061708256136066
103.76110444177671 0.49075775459146126
103.85714285714286 0.4908985394972174
103.95318127250901 0.4910389524695594
104.04921968787515 0.49117872817798003
104.1452581032413 0.4913180080549487
104.24129651860744 0.49145701035288514
104.3373349339736 0.4915955354092725
104.43337334933975 0.49173303282270314
104.52941176470588 0.49186931024367553
104.62545018007204 0.49200481371215643
104.72148859543817 0.4921402543973689
104.81752701080433 0.49227601953045497
104.91356542617048 0.49241213368492054
105.00960384153662 0.4925483499308133
105.10564225690277 0.4926841923593198
105.2016806722689 0.4928192232710802
105.29771908763506 0.49295348549249074
105.39375750300121 0.4930874706405769
105.48979591836735 0.49322157579171244
105.5858343337335 0.49335586071122123
105.68187274909964 0.49349015769850385
105.77791116446579 0.49362426504273144
105.87394957983194 0.4937579819603792
105.96998799519808 0.49389123082568503
106.06602641056423 0.49402411379909994
106.16206482593037 0.4941567894180906
106.25810324129652 0.4942892456245638
106.35414165666266 0.49442130519211736
106.45018007202881 0.4945528747983995
106.54621848739497 0.49468406839376966
106.6422569027611 0.4948151047718598
106.73829531812726 0.494946108024064
106.8343337334934 0.4950770886209228
106.93037214885955 0.4952079777323414
107.0264105642257 0.49533864559673735
107.12244897959184 0.4954689507431462
107.21848739495799 0.4955988397647736
107.31452581032413 0.4957283477185783
107.41056422569028 0.495857486759494
107.50660264105643 0.49598618484595375
107.60264105642257 0.49611433639830727
107.69867947178872 0.49624191223496894
107.79471788715486 0.49636896235084166
107.89075630252101 0.49649550011022614
107.98679471788716 0.4966214351726025
108.0828331332533 0.4967466437027034
108.17887154861945 0.4968711288239963
108.27490996398559 0.49699504126881644
108.37094837935174 0.49711866461392834
108.4669867947179 0.4972424056629542
108.56302521008404 0.4973666267726451
108.65906362545019 0.497491246843051
108.75510204081633 0.49761573259428293
108.85114045618248 0.4977396711616888
108.94717887154863 0.49786313820771383
109.04321728691477 0.49798648849320515
109.13925570228092 0.4981098143483312
109.23529411764706 0.4982328768684759
109.33133253301321 0.49835529082091024
109.42737094837936 0.49847664999357816
109.5234093637455 0.4985966226025844
109.61944777911165 0.4987151980134312
109.71548619447779 0.4988327114485419
109.81152460984394 0.4989496344901518
109.9075630252101 0.49906642580889693
110.00360144057623 0.4991833779887441
110.09963985594239 0.4993001975788973
110.19567827130852 0.4994159966570658
110.29171668667468 0.49953021676584697
110.38775510204083 0.49964331955199826
110.48379351740697 0.4997563921954524
110.57983193277312 0.4998699312862994
110.67587034813926 0.49998365830347136
110.77190876350541 0.5000971247081218
110.86794717887155 0.5002101874228084
110.9639855942377 0.5003229734747209
111.06002400960385 0.500435729513953
111.15606242496999 0.5005487789256625
111.25210084033614 0.5006622958455552
111.34813925570228 0.5007761186076453
111.44417767106843 0.5008898542214567
111.54021608643458 0.50100324204912
111.63625450180072 0.5011162221036226
111.73229291716687 0.5012288139965102
111.82833133253301 0.5013410119437876
111.92436974789916 0.5014527922091712
112.02040816326532 0.5015641512847282
112.11644657863145 0.5016751118848184
112.2124849939976 0.5017856771467718
112.30852340936374 0.5018957889060811
112.4045618247299 0.5020053532143605
112.50060024009605 0.502114340300684
112.59663865546219 0.5022228056501358
112.69267707082834 0.5023308472507314
112.78871548619448 0.502438564682239
112.88475390156063 0.5025460682951888
112.98079231692678 0.5026535215374976
113.07683073229292 0.5027611446058644
113.17286914765907 0.5028690591506422
113.26890756302521 0.5029771321935572
113.36494597839136 0.5030850045911746
113.46098439375751 0.5031922370824211
113.55702280912365 0.5032983566276361
113.6530612244898 0.5034030737150781
113.74909963985594 0.5035065117600603
113.8451380552221 0.5036091234757217
113.94117647058825 0.5037112767677933
114.03721488595438 0.5038131440104414
114.13325330132054 0.5039147742590261
114.22929171668667 0.5040161733176428
114.32533013205283 0.5041173178316398
114.42136854741898 0.5042182012925097
114.51740696278512 0.5043188484580352
114.61344537815127 0.5044193492679181
114.7094837935174 0.5045198983407622
114.80552220888356 0.5046207341812725
114.90156062424971 0.5047218301177357
114.99759903961585 0.5048228086855004
115.093637454982 0.5049232470738363
115.18967587034814 0.505023050888918
115.28571428571429 0.5051224252206438
115.38175270108043 0.5052216062668965
115.47779111644658 0.5053207738524136
115.57382953181273 0.5054200273884232
115.66986794717887 0.505519355017478
115.76590636254502 0.5056186346633549
115.86194477791116 0.5057176508805141
115.95798319327731 0.5058161045129558
116.05402160864347 0.5059137779116758
116.1500600240096 0.5060107581274194
116.24609843937576 0.506107385426118
116.3421368547419 0.506203861386082
116.43817527010805 0.5063001097828326
116.5342136854742 0.506395892482746
116.63025210084034 0.5064909742530347
116.72629051620649 0.5065851590205543
116.82232893157263 0.5066784363152803
116.91836734693878 0.5067710338217413
117.01440576230493 0.5068632399451412
117.11044417767107 0.5069551388266963
117.20648259303722 0.5070466291097024
117.30252100840336 0.5071376884193839
117.39855942376951 0.5072284773343996
117.49459783913566 0.5073191871072262
117.5906362545018 0.5074098002288647
117.68667466986795 0.5075001043773727
117.78271308523409 0.5075899347095976
117.87875150060025 0.5076792758478053
117.9747899159664 0.5077681998228338
118.07082833133254 0.5078567630314711
118.16686674669869 0.5079450048625594
118.26290516206483 0.5080330087334183
118.35894357743098 0.5081209286637114
118.45498199279713 0.5082089274641142
118.55102040816327 0.508297069171677
118.64705882352942 0.5083853076697427
118.74309723889556 0.5084734816001009
118.83913565426171 0.5085613133078141
118.93517406962786 0.5086485391853897
119.031212484994 0.5087351479256443
119.12725090036015 0.5088213712167289
119.22328931572629 0.5089073945946789
119.31932773109244 0.5089932140266569
119.4153661464586 0.5090786694376571
119.51140456182473 0.509163511176407
119.60744297719089 0.50924744212076
119.70348139255702 0.509330424524727
119.79951980792318 0.5094128385956773
119.89555822328931 0.5094951987406224
119.99159663865547 0.5095775757429478
120.08763505402162 0.5096595868157092
120.18367346938776 0.5097409619419769
120.27971188475391 0.5098218547306484
120.37575030012005 0.5099026331887826
120.4717887154862 0.5099834261280203
120.56782713085235 0.5100640803880564
120.66386554621849 0.5101443174217621
120.75990396158464 0.510223824609329
120.85594237695078 0.5103023634657944
120.95198079231693 0.5103800106568713
121.04801920768308 0.5104571575080133
121.14405762304922 0.5105341501680916
121.24009603841537 0.5106110703626724
121.33613445378151 0.5106878133378256
121.43217286914766 0.5107642801872495
121.52821128451382 0.510840404650922
121.62424969987995 0.5109161403126068
121.7202881152461 0.5109914524397511
121.81632653061224 0.5110663392041718
121.9123649459784 0.5111408851506885
122.00840336134455 0.5112152514119243
122.10444177671069 0.511289453288953
122.20048019207684 0.5113632105470092
122.29651860744298 0.5114361166968464
122.39255702280913 0.5115080935828505
122.48859543817528 0.5115794356615133
122.58463385354142 0.5116504141076113
122.68067226890757 0.5117209961955342
122.77671068427371 0.5117909427559437
122.87274909963986 0.5118600965391301
122.96878751500601 0.5119284193317472
123.06482593037215 0.5119958099918626
123.1608643457383 0.51206196897696
123.25690276110444 0.5121265788937914
123.3529411764706 0.5121898460938864
123.44897959183675 0.5122525516911101
123.54501800720288 0.5123153126545986
123.64105642256904 0.5123780032583518
123.73709483793517 0.5124399963032751
123.83313325330133 0.5125009620574384
123.92917166866746 0.5125610099947304
124.02521008403362 0.5126204691115976
124.12124849939977 0.5126797071278877
124.21728691476591 0.5127390553507986
124.31332533013206 0.5127985790114372
124.4093637454982 0.512858042746071
124.50540216086435 0.5129171364724997
124.6014405762305 0.5129756706435343
124.69747899159664 0.5130335589798874
124.79351740696279 0.5130907360367075
124.88955582232893 0.5131471428649184
124.98559423769508 0.5132027971165427
125.08163265306123 0.5132578566978584
125.17767106842737 0.5133125776604534
125.27370948379352 0.5133671507110256
125.36974789915966 0.5134216641323966
125.46578631452581 0.5134761150539648
125.56182472989197 0.5135304202074997
125.6578631452581 0.5135844283722784
125.75390156062426 0.5136379670974222
125.8499399759904 0.5136908580352056
125.94597839135655 0.5137430079000236
126.0420168067227 0.5137944995696169
126.13805522208884 0.5138455673780908
126.23409363745499 0.5138964791145435
126.33013205282113 0.5139475018455792
126.42617046818728 0.513998806901197
126.52220888355343 0.5140503699103753
126.61824729891957 0.514101981865467
126.71428571428572 0.5141533178457143
126.81032412965186 0.5142039622017278
126.90636254501801 0.5142535863749703
127.00240096038416 0.5143021454036102
127.0984393757503 0.5143498185348201
127.19447779111646 0.514396688506485
127.2905162064826 0.5144426562061628
127.38655462184875 0.5144876583861178
127.4825930372149 0.514531920396905
127.57863145258104 0.5145758750347103
127.67466986794719 0.5146196971084109
127.77070828331333 0.5146631713750783
127.86674669867948 0.5147060241486386
127.96278511404563 0.5147483277113218
128.05882352941177 0.5147904421235809
128.1548619447779 0.5148325878024999
128.25090036014404 0.5148747102069583
128.3469387755102 0.5149165716731403
128.44297719087635 0.514957869137998
128.53901560624251 0.5149982924423309
128.63505402160865 0.5150378014578123
128.7310924369748 0.515076713657266
128.82713085234093 0.5151154195106628
128.92316926770707 0.5151539992399221
129.01920768307323 0.5151922573855761
129.11524609843937 0.5152300796461223
129.21128451380554 0.5152675582695282
129.30732292917168 0.5153048497300496
129.4033613445378 0.5153419731167472
129.49939975990398 0.5153788188226578
129.59543817527012 0.5154152956990015
129.69147659063626 0.5154513863732018
129.7875150060024 0.5154871158071257
129.88355342136856 0.5155225043860769
129.9795918367347 0.5155575631392822
130.07563025210084 0.5155922873974224
130.171668667467 0.5156266547110193
130.26770708283314 0.515660653175681
130.36374549819928 0.5156943257501644
130.45978391356545 0.5157277480545579
130.55582232893158 0.5157608480556071
130.65186074429772 0.5157933329648635
130.74789915966386 0.5158249101546188
130.84393757503003 0.515855650987794
130.93997599039616 0.5158859655738768
131.0360144057623 0.5159161691352911
131.13205282112847 0.5159462902665619
131.2280912364946 0.5159762055279367
131.32412965186074 0.5160058738440065
131.42016806722688 0.516035327321897
131.51620648259305 0.5160644175810366
131.6122448979592 0.5160926996829933
131.70828331332532 0.5161197324727778
131.8043217286915 0.5161456267791316
131.90036014405763 0.5161710152140513
131.99639855942377 0.5161963199515343
132.09243697478993 0.5162213930700528
132.18847539015607 0.5162458514577813
132.2845138055222 0.5162697237594301
132.38055222088835 0.5162934633839444
132.4765906362545 0.5163174177976619
132.57262905162065 0.5163415527741617
132.6686674669868 0.5163655958656574
132.76470588235296 0.5163893308067675
132.8607442977191 0.5164126283122983
132.95678271308523 0.5164354024206661
133.0528211284514 0.5164575867353453
133.14885954381754 0.5164791729020233
133.24489795918367 0.5165002930232192
133.3409363745498 0.5165212090764227
133.43697478991598 0.5165421011167518
133.53301320528212 0.5165629453266158
133.62905162064826 0.5165836014848816
133.72509003601442 0.516604012313846
133.82112845138056 0.5166242196678417
133.9171668667467 0.5166442474590764
134.01320528211286 0.5166640308146031
134.109243697479 0.5166835068799731
134.20528211284514 0.5167028318904369
134.30132052821128 0.5167223838483136
134.39735894357744 0.5167424340861546
134.49339735894358 0.5167629374818217
134.58943577430972 0.5167836032201459
134.6854741896759 0.5168040795739001
134.78151260504202 0.5168239978830678
134.87755102040816 0.5168431648194332
134.97358943577433 0.5168616913520006
135.06962785114047 0.5168798550688944
135.1656662665066 0.5168977315840166
135.26170468187274 0.5169151612430782
135.3577430972389 0.5169320999651468
135.45378151260505 0.5169488668739108
135.54981992797119 0.5169659008630222
135.64585834333735 0.5169830695644704
135.7418967587035 0.5169996110533521
135.83793517406963 0.5170149931140586
135.93397358943577 0.5170295511546485
136.03001200480193 0.5170441282574381
136.12605042016807 0.517058974620596
136.2220888355342 0.5170735933518454
136.31812725090037 0.5170874503956677
136.4141656662665 0.5171005285934906
136.51020408163265 0.5171131748482944
136.60624249699882 0.5171255807824682
136.70228091236496 0.517137690459141
136.7983193277311 0.5171493335759961
136.89435774309723 0.5171603347255439
136.9903961584634 0.5171705426688066
137.08643457382954 0.5171799157676152
137.18247298919567 0.5171885334034996
137.27851140456184 0.517196488806117
137.37454981992798 0.5172037967353044
137.47058823529412 0.5172104484917461
137.56662665066028 0.517216613155693
137.66266506602642 0.5172226666611216
137.75870348139256 0.5172289123855671
137.8547418967587 0.5172353283035456
137.95078031212486 0.5172416506940609
138.046818727491 0.5172477143243741
138.14285714285714 0.5172535250527804
138.2388955582233 0.5172591472153198
138.33493397358944 0.5172645965774769
138.43097238895558 0.5172698511442583
138.52701080432175 0.5172749095411441
138.62304921968789 0.5172798029608046
138.71908763505402 0.517284544347111
138.81512605042016 0.5172890776491013
138.91116446578633 0.5172932945833039
139.00720288115247 0.517297112471958
139.1032412965186 0.5173004952593676
139.19927971188477 0.5173034794573987
139.2953181272509 0.517306201338834
139.39135654261705 0.5173088567076838
139.4873949579832 0.517311520640879
139.58343337334935 0.5173140984298809
139.6794717887155 0.517316320936444
139.77551020408163 0.5173177394643245
139.8715486194478 0.5173178363400265
139.96758703481393 0.5173165345267693
140.06362545018007 0.5173143299031315
140.15966386554624 0.5173118687759952
140.25570228091237 0.5173094591064191
140.3517406962785 0.5173070925801929
140.44777911164465 0.5173046839228133
140.54381752701082 0.5173021441277497
140.63985594237695 0.5172993969532685
140.7358943577431 0.5172963989787867
140.83193277310926 0.5172931293043906
140.9279711884754 0.5172895301888786
141.02400960384153 0.5172854902282964
141.1200480192077 0.5172809283113461
141.21608643457384 0.5172759008558833
141.31212484993998 0.517270582250983
141.40816326530611 0.5172651203580014
141.50420168067228 0.5172595884189248
141.60024009603842 0.5172540244130847
141.69627851140456 0.5172484839031761
141.79231692677072 0.5172430376508603
141.88835534213686 0.5172377364647789
141.984393757503 0.5172325987181692
142.08043217286917 0.5172276153665709
142.1764705882353 0.5172227570354115
142.27250900360144 0.5172179740946969
142.36854741896758 0.5172131937285064
142.46458583433375 0.5172083194572468
142.56062424969988 0.5172032649170456
142.65666266506602 0.5171980039621493
142.7527010804322 0.5171925632846042
142.84873949579833 0.5171869482449509
142.94477791116446 0.5171811135785449
143.04081632653063 0.5171749836113458
143.13685474189677 0.5171684838774168
143.2328931572629 0.5171615593452749
143.32893157262905 0.5171542812780264
143.4249699879952 0.5171468899898783
143.52100840336135 0.5171396387818656
143.6170468187275 0.5171325378447658
143.71308523409365 0.5171253670105089
143.8091236494598 0.5171179420473571
143.90516206482593 0.5171102322771405
144.0012004801921 0.5171023011029978
144.09723889555823 0.5170942025555089
144.19327731092437 0.5170859792286047
144.2893157262905 0.5170777259727795
144.38535414165668 0.5170696183067308
144.48139255702282 0.5170617776866457
144.57743097238895 0.5170540266088341
144.67346938775512 0.5170459210533491
144.76950780312126 0.5170372318955907
144.8655462184874 0.5170281804358906
144.96158463385353 0.5170192096959959
145.0576230492197 0.5170105443440395
145.15366146458584 0.5170021590967028
145.24969987995198 0.5169939360285587
145.34573829531814 0.5169857464270536
145.44177671068428 0.5169774566103359
145.53781512605042 0.5169689382151258
145.63385354141658 0.5169600680132669
145.72989195678272 0.5169507146399644
145.82593037214886 0.51694073174627
145.921968787515 0.5169300278179596
146.01800720288117 0.5169187144074117
146.1140456182473 0.5169070953741828
146.21008403361344 0.5168953709537876
146.3061224489796 0.5168834680189754
146.40216086434575 0.516871183887386
146.49819927971188 0.5168585121502345
146.59423769507805 0.516845663325163
146.6902761104442 0.5168328144218088
146.78631452581033 0.5168199574404944
146.88235294117646 0.5168069651933541
146.97839135654263 0.5167937512650275
147.07442977190877 0.5167802848693067
147.1704681872749 0.5167664977202846
147.26650660264107 0.516752224927657
147.3625450180072 0.5167372868447552
147.45858343337335 0.5167216948395428
147.55462184873952 0.5167056688179986
147.65066026410565 0.516689468397127
147.7466986794718 0.5166732796945916
147.84273709483793 0.5166571788421115
147.9387755102041 0.5166410415842563
148.03481392557023 0.5166245449184059
148.13085234093637 0.5166073796141801
148.22689075630254 0.516589399937434
148.32292917166868 0.5165706286941654
148.4189675870348 0.5165512627571872
148.51500600240098 0.516531656622423
148.61104441776712 0.5165120782641897
148.70708283313326 0.5164925284763173
148.8031212484994 0.5164728344909496
148.89915966386556 0.5164529360283612
148.9951980792317 0.516432922895357
149.09123649459784 0.5164128163074072
149.187274909964 0.5163923988019504
149.28331332533014 0.5163713008376862
149.37935174069628 0.5163492821456678
149.47539015606242 0.5163262802392197
149.57142857142858 0.5163023180376555
149.66746698679472 0.5162774283257878
149.76350540216086 0.5162516873869134
149.85954381752703 0.5162253323308539
149.95558223289316 0.5161987684144642
150.0516206482593 0.5161722755557695
150.14765906362547 0.516145756315447
150.2436974789916 0.5161188514785168
150.33973589435774 0.516091367327352
150.43577430972388 0.5160633603217886
150.53181272509005 0.5160349935019262
150.6278511404562 0.5160064069394206
150.72388955582232 0.51597771726019
150.8199279711885 0.5159490328629189
150.91596638655463 0.5159204552398617
151.01200480192077 0.5158920336722572
151.10804321728693 0.5158637223113387
151.20408163265307 0.5158354135152946
151.3001200480192 0.5158070731503551
151.39615846338535 0.5157787694756578
151.4921968787515 0.5157505872996551
151.58823529411765 0.5157225425677778
151.6842737094838 0.515694580155805
151.78031212484996 0.5156665796783915
151.8763505402161 0.5156383587289062
151.97238895558223 0.5156097155872997
152.0684273709484 0.5155804738480501
152.16446578631454 0.5155504859727558
152.26050420168067 0.515519639742779
152.3565426170468 0.5154878602377769
152.45258103241298 0.5154551162043116
152.54861944777912 0.5154214270255668
152.64465786314526 0.5153868816509048
152.74069627851142 0.5153517240026115
152.83673469387756 0.5153163702289009
152.9327731092437 0.5152811940816289
153.02881152460984 0.5152462793874296
153.124849939976 0.5152114425163353
153.22088835534214 0.5151764071417195
153.31692677070828 0.5151408617670341
153.41296518607444 0.5151046121896413
153.50900360144058 0.5150677662200204
153.60504201680672 0.5150306653156256
153.7010804321729 0.5149934774163005
153.79711884753902 0.5149560718760416
153.89315726290516 0.5149182105333507
153.9891956782713 0.5148797909548019
154.08523409363747 0.5148408418044961
154.1812725090036 0.5148014124035595
154.27731092436974 0.5147615350043419
154.3733493397359 0.514721209526011
154.46938775510205 0.5146803831557426
154.56542617046819 0.5146389636862532
154.66146458583435 0.514596904413452
154.7575030012005 0.5145542342983771
154.85354141656663 0.5145110510595892
154.94957983193277 0.5144675114250824
155.04561824729893 0.5144238183026588
155.14165666266507 0.5143801472335437
155.2376950780312 0.5143366181817982
155.33373349339738 0.514293269531119
155.4297719087635 0.514250019690943
155.52581032412965 0.5142066882886145
155.62184873949582 0.5141631528939187
155.71788715486196 0.5141194104375133
155.8139255702281 0.5140755194539418
155.90996398559423 0.5140315101183375
156.0060024009604 0.5139873639575012
156.10204081632654 0.5139429276858296
156.19807923169267 0.5138978800918801
156.29411764705884 0.5138519408905304
156.39015606242498 0.5138052122219905
156.48619447779112 0.513758152519386
156.58223289315728 0.513711157747939
156.67827130852342 0.5136643763284788
156.77430972388956 0.5136177387596134
156.8703481392557 0.5135710097921908
156.96638655462186 0.5135238386585362
157.062424969988 0.5134761077632554
157.15846338535414 0.5134280927592684
157.2545018007203 0.5133802156488452
157.35054021608644 0.5133325965879743
157.44657863145258 0.5132850306163279
157.54261704681872 0.513237182856372
157.6386554621849 0.5131886859231292
157.73469387755102 0.5131392909522643
157.83073229291716 0.5130891540744713
157.92677070828333 0.5130388032908701
158.02280912364947 0.5129885683157609
158.1188475390156 0.5129382872074753
158.21488595438177 0.5128875667789469
158.3109243697479 0.5128363096347601
158.40696278511405 0.5127847500886252
158.50300120048018 0.5127332034895132
158.59903961584635 0.5126819290766063
158.6950780312125 0.5126310649403825
158.79111644657863 0.5125804933807905
158.8871548619448 0.5125298468723212
158.98319327731093 0.5124787361585794
159.07923169267707 0.5124268813904127
159.17527010804324 0.5123741548002743
159.27130852340937 0.5123206724683358
159.3673469387755 0.5122667804963386
159.46338535414165 0.5122127777003949
159.55942376950782 0.5121587483812264
159.65546218487395 0.5121046228194746
159.7515006002401 0.5120503245523286
159.84753901560626 0.5119957893690752
159.9435774309724 0.5119409411568887
160.03961584633853 0.5118856766982933
160.1356542617047 0.511829909219099
160.23169267707084 0.5117736768536327
160.32773109243698 0.5117171479026708
160.42376950780312 0.5116604848465229
160.51980792316928 0.5116037535980965
160.61584633853542 0.5115469658957219
160.71188475390156 0.5114901943983136
160.80792316926772 0.511433581061831
160.90396158463386 0.5113772039717661
161.0 0.5113209839090707
161.09603841536617 0.5112647337363458
161.1920768307323 0.5112082998868218
161.28811524609844 0.5111515864294356
161.38415366146458 0.5110945535668361
161.48019207683075 0.5110372165254119
161.57623049219688 0.5109796479179971
161.67226890756302 0.5109219847829011
161.7683073229292 0.5108644203888816
161.86434573829533 0.5108070617496104
161.96038415366147 0.5107498192038096
162.0564225690276 0.5106924838248369
162.15246098439377 0.5106349744813427
162.2484993997599 0.5105773770197255
162.34453781512605 0.5105198114411651
162.4405762304922 0.5104623236713735
162.53661464585835 0.5104048648586569
162.6326530612245 0.5103472339994223
162.72869147659065 0.510289079085881
162.8247298919568 0.5102301215133762
162.92076830732293 0.5101703481784243
163.01680672268907 0.5101099709988981
163.11284513805523 0.5100492666289156
163.20888355342137 0.5099885324746503
163.3049219687875 0.5099279060224136
163.40096038415368 0.5098672024263662
163.49699879951982 0.5098060158349018
163.59303721488595 0.5097441089350213
163.68907563025212 0.5096814973250795
163.78511404561826 0.5096183626322647
163.8811524609844 0.5095549704235673
163.97719087635053 0.5094915960694153
164.0732292917167 0.5094282515597437
164.16926770708284 0.5093646325173756
164.26530612244898 0.5093004037359485
164.36134453781514 0.5092354824096708
164.45738295318128 0.5091700041666426
164.55342136854742 0.5091041357536654
164.64945978391358 0.5090380234089921
164.74549819927972 0.5089716969859006
164.84153661464586 0.5089049700656257
164.937575030012 0.5088375227805259
165.03361344537817 0.5087692788070619
165.1296518607443 0.5087004958625199
165.22569027611044 0.5086314673027665
165.3217286914766 0.5085621955722025
165.41776710684275 0.5084924618395728
165.51380552220888 0.5084222190659123
165.60984393757505 0.5083516968595321
165.7058823529412 0.5082811871798063
165.80192076830733 0.5082107979845906
165.89795918367346 0.5081404528909548
165.99399759903963 0.5080699546110152
166.09003601440577 0.5079990077094317
166.1860744297719 0.5079273355623615
166.28211284513807 0.5078548215820657
166.3781512605042 0.5077815136652157
166.47418967587035 0.50770760455222
166.5702280912365 0.5076334212323907
166.66626650660265 0.5075592683844645
166.7623049219688 0.507485229716449
166.85834333733493 0.5074111849029074
166.9543817527011 0.5073369699419846
167.05042016806723 0.5072624333402154
167.14645858343337 0.5071875227261853
167.24249699879954 0.5071124002979835
167.33853541416568 0.5070373759548261
167.43457382953181 0.5069624781787646
167.53061224489795 0.5068873087840627
167.62665066026412 0.506811383566937
167.72268907563026 0.5067346098297351
167.8187274909964 0.5066572523452135
167.91476590636256 0.5065795110357427
168.0108043217287 0.5065013654277237
168.10684273709484 0.5064227408540065
168.202881152461 0.5063437535983473
168.29891956782714 0.506264684995595
168.39495798319328 0.5061856886065044
168.49099639855942 0.506106677011962
168.58703481392558 0.5060274938569426
168.68307322929172 0.5059481806545597
168.77911164465786 0.5058689476315299
168.87515006002403 0.5057898182333779
168.97118847539016 0.5057104840237118
169.0672268907563 0.5056305519527091
169.16326530612247 0.5055499478349498
169.2593037214886 0.5054689187613225
169.35534213685474 0.5053877829785405
169.45138055222088 0.5053068187822588
169.54741896758705 0.505226212077981
169.6434573829532 0.5051459672802052
169.73949579831933 0.5050659174107515
169.8355342136855 0.5049858685015276
169.93157262905163 0.504905666914743
170.02761104441777 0.5048252083178104
170.12364945978393 0.5047444531932113
170.21968787515007 0.504663429031246
170.3157262905162 0.5045822357648708
170.41176470588235 0.504501047445869
170.50780312124851 0.504420002097391
170.60384153661465 0.5043389924921953
170.6998799519808 0.5042576846311909
170.79591836734696 0.5041758820864459
170.8919567827131 0.5040937127030187
170.98799519807923 0.5040114447223368
171.08403361344537 0.5039291162354191
171.18007202881154 0.5038465198156372
171.27611044417768 0.5037634681739013
171.3721488595438 0.5036799383353328
171.46818727490998 0.5035960346090298
171.56422569027612 0.5035119077492332
171.66026410564226 0.5034277252434319
171.75630252100842 0.5033434780940593
171.85234093637456 0.5032588713017917
171.9483793517407 0.5031735174190168
172.04441776710684 0.503087368848479
172.140456182473 0.5030007376412161
172.23649459783914 0.5029138919758275
172.33253301320528 0.5028268137493284
172.42857142857144 0.5027393217608151
172.52460984393758 0.5026513675053167
172.62064825930372 0.5025630703407181
172.7166866746699 0.5024746384885862
172.81272509003603 0.50238631869547
172.90876350540216 0.5022982983813598
173.0048019207683 0.502210465979368
173.10084033613447 0.5021224106932112
173.1968787515006 0.5020338575642369
173.29291716686674 0.5019449566427623
173.3889555822329 0.5018560857529308
173.48499399759905 0.5017673235226754
173.5810324129652 0.5016783982768396
173.67707082833135 0.501589122458351
173.7731092436975 0.5014996963871986
173.86914765906363 0.5014105408331222
173.96518607442977 0.5013218198581213
174.06122448979593 0.5012333712108312
174.15726290516207 0.5011448667822564
174.2533013205282 0.5010559307774234
174.34933973589438 0.5009662367919068
174.4453781512605 0.5008757819522828
174.54141656662665 0.500784913255342
174.63745498199282 0.5006939828806712
174.73349339735896 0.5006030817653904
174.8295318127251 0.5005121067205051
174.92557022809123 0.5004209872718978
175.0216086434574 0.5003297266145393
175.11764705882354 0.5002383623720009
175.21368547418967 0.5001469346979265
175.30972388955584 0.5000554650977083
175.40576230492198 0.49996389068490876
175.50180072028812 0.49987206072463236
175.59783913565425 0.4997799085739069
175.69387755102042 0.49968759836061816
175.78991596638656 0.49959543360608394
175.8859543817527 0.49950352795340525
175.98199279711886 0.499411744090128
176.078031212485 0.49931987110449316
176.17406962785114 0.4992277834548602
176.2701080432173 0.4991354363318581
176.36614645858344 0.49904282862378235
176.46218487394958 0.4989499912231626
176.55822328931572 0.498856919748465
176.6542617046819 0.49876351121925366
176.75030012004802 0.49866962320059116
176.84633853541416 0.4985753102086916
176.94237695078033 0.49848086763224264
177.03841536614647 0.498386546622173
177.1344537815126 0.4982922721687898
177.23049219687877 0.49819774498556213
177.3265306122449 0.4981029035029262
177.42256902761105 0.4980080274793024
177.51860744297718 0.4979134050406231
177.61464585834335 0.49781898687289183
177.7106842737095 0.4977244561956824
177.80672268907563 0.4976295977288999
177.9027611044418 0.49753439300899105
177.99879951980793 0.4974389196689808
178.09483793517407 0.4973432415760922
178.19087635054024 0.49724740932449984
178.28691476590637 0.49715148776252394
178.3829531812725 0.49705556243728777
178.47899159663865 0.4969596988106375
178.57503001200482 0.49686389552063126
178.67106842737095 0.4967681065283802
178.7671068427371 0.4966723599202424
178.86314525810326 0.49657678906044533
178.9591836734694 0.49648148423027066
179.05522208883554 0.4963863140121142
179.1512605042017 0.49629097484702756
179.24729891956784 0.4961952970035388
179.34333733493398 0.49609933813172197
179.43937575030012 0.4960032520776201
179.53541416566628 0.49590712294059114
179.63145258103242 0.495810956667292
179.72749099639856 0.4957146928691746
179.82352941176472 0.4956182113111071
179.91956782713086 0.49552143293946593
180.015606242497 0.4954244541560653
180.11164465786314 0.49532750640067463
180.2076830732293 0.49523067264063225
180.30372148859544 0.4951337908320239
180.39975990396158 0.4950366354817418
180.49579831932775 0.49493917138704957
180.59183673469389 0.49484153934001324
180.68787515006002 0.4947438559105686
180.7839135654262 0.49464613908913
180.87995198079233 0.49454834258848024
180.97599039615847 0.4944504063908426
181.0720288115246 0.4943522634110096
181.16806722689077 0.49425385620374374
181.2641056422569 0.4941551440137811
181.36014405762305 0.49405613002455806
181.4561824729892 0.4939569034356207
181.55222088835535 0.4938576279968593
181.6482593037215 0.4937584397639465
181.74429771908765 0.4936594042816099
181.8403361344538 0.4935605041174416
181.93637454981993 0.4934616187826125
182.03241296518607 0.49336254773583776
182.12845138055224 0.49326318964605137
182.22448979591837 0.4931636197197468
182.3205282112845 0.49306397293160664
182.41656662665068 0.4929642440652223
182.51260504201682 0.4928642946286609
182.60864345738295 0.49276405561689607
182.70468187274912 0.49266362016528853
182.80072028811526 0.4925631200110323
182.8967587034814 0.49246250258710345
182.99279711884753 0.49236154244592745
183.0888355342137 0.49226012367918337
183.18487394957984 0.49215837649363847
183.28091236494598 0.49205652860479127
183.37695078031214 0.49195462243552546
183.47298919567828 0.491852511018369
183.56902761104442 0.4917500948912651
183.66506602641059 0.49164744326752174
183.76110444177672 0.4915446970997609
183.85714285714286 0.4914418740191051
183.953181272509 0.49133886214323064
184.04921968787517 0.49123557607357543
184.1452581032413 0.4911320412364247
184.24129651860744 0.49102836438963504
184.3373349339736 0.49092467005864826
184.43337334933975 0.490821080974743
184.52941176470588 0.4907176040980924
184.62545018007202 0.4906140661797081
184.7214885954382 0.4905102112869679
184.81752701080433 0.4904059180314151
184.91356542617046 0.49030121548926076
185.00960384153663 0.49019614542995726
185.10564225690277 0.4900906798564678
185.2016806722689 0.48998477430195464
185.29771908763507 0.48987849470934197
185.3937575030012 0.4897720204545448
185.48979591836735 0.4896654758066642
185.5858343337335 0.4895588236812879
185.68187274909965 0.4894518953833602
185.7779111644658 0.48934446761743505
185.87394957983193 0.48923628558659416
185.9699879951981 0.48912720108101154
186.06602641056423 0.48901726395637274
186.16206482593037 0.4889066681096602
186.25810324129654 0.4887956072620371
186.35414165666268 0.48868424757204687
186.45018007202881 0.48857267209081623
186.54621848739495 0.48846084212038793
186.64225690276112 0.4883486453959686
186.73829531812726 0.4882360301246295
186.8343337334934 0.4881230280162369
186.93037214885956 0.48800975889002096
187.0264105642257 0.4878964339124425
187.12244897959184 0.487783258644349
187.218487394958 0.4876701522077024
187.31452581032414 0.48755672420777496
187.41056422569028 0.48744268195554097
187.50660264105642 0.4873281441397549
187.60264105642258 0.48721351443314964
187.69867947178872 0.4870990709509444
187.79471788715486 0.4869848939198004
187.89075630252103 0.4868709587859539
187.98679471788716 0.486757211613124
188.0828331332533 0.48664357603256037
188.17887154861947 0.48652996866699927
188.2749099639856 0.4864163045537362
188.37094837935174 0.4863025371501707
188.46698679471788 0.4861886923179518
188.56302521008405 0.4860748177238253
188.6590636254502 0.48596080629788674
188.75510204081633 0.4858463728174062
188.8511404561825 0.4857313211760954
188.94717887154863 0.4856157831313197
189.04321728691477 0.4855001307688239
189.1392557022809 0.48538463045563995
189.23529411764707 0.48526936559251876
189.3313325330132 0.48515425356957975
189.42737094837935 0.485039061673169
189.52340936374551 0.4849234641425958
189.61944777911165 0.48480725779807704
189.7154861944778 0.4846904104243011
189.81152460984396 0.4845729921354129
189.9075630252101 0.48445510771745415
190.00360144057623 0.48433688825142923
190.09963985594237 0.48421846893229525
190.19567827130854 0.4840999826710588
190.29171668667468 0.4839815410962186
190.3877551020408 0.48386321489411876
190.48379351740698 0.4837450249071352
190.57983193277312 0.4836269076378653
190.67587034813926 0.48350870993834416
190.77190876350542 0.4833902923692454
190.86794717887156 0.4832716415897548
190.9639855942377 0.48315285006588665
191.06002400960384 0.48303399898402344
191.15606242497 0.48291512479373344
191.25210084033614 0.48279620958437497
191.34813925570228 0.4826771700716476
191.44417767106845 0.48255788914343123
191.54021608643458 0.48243836992061107
191.63625450180072 0.48231877707638304
191.7322929171669 0.4821992826365212
191.82833133253303 0.48207988094918364
191.92436974789916 0.48196040703158427
192.0204081632653 0.4818406844830634
192.11644657863147 0.48172057393064904
192.2124849939976 0.4816000315519754
192.30852340936374 0.4814791828772809
192.4045618247299 0.4813582868867107
192.50060024009605 0.48123751833269757
192.5966386554622 0.4811168968376152
192.69267707082835 0.4809963628778466
192.7887154861945 0.4808758784638215
192.88475390156063 0.48075541864723753
192.98079231692677 0.48063488370464225
193.07683073229293 0.48051407162356563
193.17286914765907 0.48039283598004295
193.2689075630252 0.4802713057853104
193.36494597839138 0.4801498272662714
193.4609843937575 0.48002851557648735
193.55702280912365 0.47990709304683254
193.6530612244898 0.4797851684584443
193.74909963985596 0.4796626460653399
193.8451380552221 0.4795397183521931
193.94117647058823 0.47941661334258245
194.0372148859544 0.47929349468258475
194.13325330132054 0.4791704447028996
194.22929171668667 0.4790474387132403
194.32533013205284 0.4789243550445209
194.42136854741898 0.4788010570839614
194.51740696278512 0.4786774278162037
194.61344537815125 0.4785534009975765
194.70948379351742 0.4784290115217169
194.80552220888356 0.478304391646442
194.9015606242497 0.47817971133323794
194.99759903961586 0.4780551512907422
195.093637454982 0.4779308434678332
195.18967587034814 0.47780676991109644
195.2857142857143 0.4776827713227213
195.38175270108044 0.47755868688377157
195.47779111644658 0.4774344188495293
195.57382953181272 0.47730993003028555
195.6698679471789 0.47718523872878105
195.76590636254502 0.47706040433054275
195.86194477791116 0.47693541455950117
195.95798319327733 0.4768101317663711
196.05402160864347 0.476684419365335
196.1500600240096 0.4765583809703907
196.24609843937577 0.4764323422626514
196.3421368547419 0.47630646597129234
196.43817527010805 0.47618055615894567
196.53421368547419 0.4760542757816509
196.63025210084035 0.47592758166790916
196.7262905162065 0.47580074149492557
196.82232893157263 0.4756740192415307
196.9183673469388 0.475547505497111
197.01440576230493 0.47542114610045316
197.11044417767107 0.4752948052894108
197.20648259303724 0.4751682985699339
197.30252100840337 0.47504163762492224
197.3985594237695 0.474915168136656
197.49459783913565 0.4747893159923171
197.59063625450182 0.4746640243992597
197.68667466986795 0.4745387370187119
197.7827130852341 0.4744130054818176
197.87875150060026 0.47428685193398606
197.9747899159664 0.4741605821149635
198.07082833133254 0.4740343400815291
198.16686674669867 0.4739080641379355
198.26290516206484 0.4737816992147722
198.35894357743098 0.47365533028336326
198.45498199279712 0.4735291242249566
198.55102040816328 0.4734031824275956
198.64705882352942 0.47327751498690485
198.74309723889556 0.4731519958403284
198.83913565426172 0.47302633338246636
198.93517406962786 0.47290018558831903
199.031212484994 0.4727734591360422
199.12725090036014 0.4726463372550542
199.2232893157263 0.47251902626449527
199.31932773109244 0.4723915793570019
199.41536614645858 0.4722639426005112
199.51140456182475 0.47213609007790047
199.60744297719089 0.4720080477694622
199.70348139255702 0.47187990819541625
199.7995198079232 0.4717518410149564
199.89555822328933 0.47162402185857755
199.99159663865547 0.47149642638439915
200.0876350540216 0.47136881000264524
200.18367346938777 0.4712409527701021
200.2797118847539 0.471112847439663
200.37575030012005 0.47098463599579543
200.4717887154862 0.4708564019947755
200.56782713085235 0.4707281352882607
200.6638655462185 0.4705997978009978
200.75990396158466 0.4704713766282543
200.8559423769508 0.4703428813260447
200.95198079231693 0.47021433035515475
201.04801920768307 0.4700857470964318
201.14405762304924 0.4699571379086759
201.24009603841537 0.4698284735085109
201.3361344537815 0.4696997106622957
201.43217286914768 0.469570868132006
201.52821128451382 0.4694420376054269
201.62424969987995 0.46931328609044254
201.72028811524612 0.4691845689848938
201.81632653061226 0.469055798376914
201.9123649459784 0.46892709996275894
202.00840336134453 0.46879885073027017
202.1044417767107 0.4686712702799228
202.20048019207684 0.46854403849582194
202.29651860744298 0.46841647429823796
202.39255702280914 0.46828827181936483
202.48859543817528 0.46815965757585143
202.58463385354142 0.4680309922749457
202.68067226890756 0.4679023795172026
202.77671068427372 0.46777371443834637
202.87274909963986 0.46764494568045145
202.968787515006 0.46751613587092533
203.06482593037217 0.4673873265815359
203.1608643457383 0.46725839892764853
203.25690276110444 0.4671291308678248
203.3529411764706 0.4669994687746882
203.44897959183675 0.46686959141315726
203.54501800720288 0.4667396880360944
203.64105642256902 0.4666097178253775
203.7370948379352 0.46647946259334305
203.83313325330133 0.46634881839245956
203.92917166866746 0.46621787251846725
204.02521008403363 0.46608675130963406
204.12124849939977 0.46595544683573764
204.2172869147659 0.4658238586427499
204.31332533013207 0.4656920379541638
204.4093637454982 0.46556025316804006
204.50540216086435 0.4654287539235571
204.6014405762305 0.4652974888457493
204.69747899159665 0.4651661589579798
204.7935174069628 0.4650345707052399
204.88955582232893 0.46490274286556554
204.9855942376951 0.46477074826123665
205.08163265306123 0.4646385148151242
205.17767106842737 0.4645058529896396
205.27370948379354 0.4643726698903566
205.36974789915968 0.4642390390019693
205.46578631452581 0.4641051371039341
205.56182472989195 0.4639711609559193
205.65786314525812 0.46383729129006956
205.75390156062426 0.46370352084100463
205.8499399759904 0.4635695991547214
205.94597839135656 0.4634352684054621
206.0420168067227 0.46330059072283325
206.13805522208884 0.4631659015141557
206.234093637455 0.4630313854028304
206.33013205282114 0.4628969223790155
206.42617046818728 0.4627622818519311
206.52220888355342 0.4626274060233938
206.61824729891958 0.4624924041303823
206.71428571428572 0.46235737385706066
206.81032412965186 0.4622223318509079
206.90636254501803 0.46208725057226796
207.00240096038416 0.4619521150112118
207.0984393757503 0.4618169255888667
207.19447779111644 0.4616816853624792
207.2905162064826 0.46154639470093506
207.38655462184875 0.46141104986171266
207.48259303721488 0.46127564072520455
207.57863145258105 0.4611401557407261
207.6746698679472 0.46100461884784727
207.77070828331333 0.46086910495383615
207.8667466986795 0.46073369215774496
207.96278511404563 0.46059838059068636
208.05882352941177 0.46046309373261773
208.1548619447779 0.46032774787313796
208.25090036014407 0.46019228456695954
208.3469387755102 0.46005671127663494
208.44297719087635 0.4599211736981798
208.53901560624251 0.45978593455221817
208.63505402160865 0.4596511419706668
208.7310924369748 0.4595167180649878
208.82713085234096 0.45938245537133005
208.9231692677071 0.4592481993323937
209.01920768307323 0.4591138689150652
209.11524609843937 0.4589794612118663
209.21128451380554 0.45884505329037184
209.30732292917168 0.4587107442266001
209.4033613445378 0.45857654036952566
209.49939975990398 0.4584423531070743
209.59543817527012 0.45830810149460516
209.69147659063626 0.45817376734482596
209.78751500600242 0.4580393713122751
209.88355342136856 0.45790492198653354
209.9795918367347 0.45777041174462213
210.07563025210084 0.4576358384154666
210.171668667467 0.4575012174778096
210.26770708283314 0.4573665662384546
210.36374549819928 0.4572318687416186
210.45978391356545 0.4570970714323369
210.55582232893158 0.45696208631231217
210.65186074429772 0.45682679308761576
210.7478991596639 0.45669109840862165
210.84393757503003 0.4565550730800624
210.93997599039616 0.4564189540324043
211.0360144057623 0.45628295150135056
211.13205282112847 0.45614712823948983
211.2280912364946 0.45601143637589625
211.32412965186074 0.455875811795177
211.4201680672269 0.4557401894494614
211.51620648259305 0.45560451702970917
211.6122448979592 0.4554687639803963
211.70828331332532 0.45533292694625405
211.8043217286915 0.4551970434905318
211.90036014405763 0.45506119079767016
211.99639855942377 0.4549254414499983
212.09243697478993 0.4547898327623706
212.18847539015607 0.45465436445592294
212.2845138055222 0.45451899390833117
212.38055222088838 0.4543836448008408
212.4765906362545 0.4542483371009317
212.57262905162065 0.4541132815985136
212.6686674669868 0.4539787352890039
212.76470588235296 0.453844579558242
212.8607442977191 0.45371027963151656
212.95678271308523 0.45357539555223203
213.0528211284514 0.45343997335099817
213.14885954381754 0.45330436144935243
213.24489795918367 0.4531686235914107
213.34093637454984 0.45303245417341076
213.43697478991598 0.4528955962926815
213.53301320528212 0.4527581780662113
213.62905162064826 0.4526205936549495
213.72509003601442 0.45248309146757987
213.82112845138056 0.45234570062075885
213.9171668667467 0.4522083833189784
214.01320528211286 0.45207116370123646
214.109243697479 0.4519340943728426
214.20528211284514 0.4517971289905873
214.3013205282113 0.4516601058945583
214.39735894357744 0.45152294628250766
214.49339735894358 0.4513858301751211
214.58943577430972 0.4512490844849193
214.6854741896759 0.4511127596293398
214.78151260504202 0.450976547690756
214.87755102040816 0.4508400440379724
214.97358943577433 0.450702991341312
215.06962785114047 0.4505652851319381
215.1656662665066 0.45042696008454236
215.26170468187277 0.45028818306819496
215.3577430972389 0.45014917487221473
215.45378151260505 0.4500101335271999
215.54981992797119 0.449871208870381
215.64585834333735 0.44973241300752487
215.7418967587035 0.4495936034344814
215.83793517406963 0.44945461549399474
215.9339735894358 0.44931539866403625
216.03001200480193 0.4491759957470667
216.12605042016807 0.449036428256789
216.2220888355342 0.4488966685043916
216.31812725090037 0.44875670679657353
216.4141656662665 0.44861662404850583
216.51020408163265 0.4484765498501835
216.60624249699882 0.4483364577404909
216.70228091236496 0.4481961148534338
216.7983193277311 0.44805528778080556
216.89435774309726 0.4479139762528334
216.9903961584634 0.44777237558769656
217.08643457382954 0.4476306387109074
217.18247298919567 0.447488807921134
217.27851140456184 0.44734689569012365
217.37454981992798 0.44720498101555284
217.47058823529412 0.44706318348454177
217.56662665066028 0.4469215042492732
217.66266506602642 0.44677978085732656
217.75870348139256 0.44663785595064875
217.85474189675872 0.4464957886093779
217.95078031212486 0.44635380619571186
218.046818727491 0.4462119770023308
218.14285714285714 0.4460701064714446
218.2388955582233 0.44592793079313464
218.33493397358944 0.4457853717922455
218.43097238895558 0.44564252788884595
218.52701080432175 0.445499525828709
218.62304921968789 0.4453564690260108
218.71908763505402 0.44521345712322025
218.8151260504202 0.445070613128899
218.91116446578633 0.4449280613169177
219.00720288115247 0.44478578278953596
219.1032412965186 0.4446435653469861
219.19927971188477 0.44450117038584236
219.2953181272509 0.4443585756993951
219.39135654261705 0.44421596103695427
219.4873949579832 0.44407349631789084
219.58343337334935 0.4439312585065803
219.6794717887155 0.4437892173133731
219.77551020408166 0.4436472135225471
219.8715486194478 0.44350498953327344
219.96758703481393 0.4433624067484753
220.06362545018007 0.4432195339804518
220.15966386554624 0.4430765634930651
220.25570228091237 0.4429336756635158
220.3517406962785 0.44279101616992134
220.44777911164468 0.4426486202423551
220.54381752701082 0.4425063808767651
220.63985594237695 0.4423641323033217
220.7358943577431 0.4422217912996572
220.83193277310926 0.4420793648825834
220.9279711884754 0.4419369057332023
221.02400960384153 0.441794491232092
221.1200480192077 0.44165218336953554
221.21608643457384 0.44150995759964906
221.31212484993998 0.4413677122260031
221.40816326530614 0.441225402661394
221.50420168067228 0.4410831055373329
221.60024009603842 0.4409409347278354
221.69627851140456 0.44079888330071515
221.79231692677072 0.44065682734421796
221.88835534213686 0.440514707201602
221.984393757503 0.44037261876695827
222.08043217286917 0.4402306854179058
222.1764705882353 0.44008880399713535
222.27250900360144 0.43994664837529496
222.3685474189676 0.4398039721583501
222.46458583433375 0.43966077052064967
222.56062424969988 0.4395171965215172
222.65666266506602 0.4393733842323448
222.7527010804322 0.43922942868462955
222.84873949579833 0.43908540545420277
222.94477791116446 0.4389413816109804
223.04081632653063 0.4387973829537767
223.13685474189677 0.43865332181038375
223.2328931572629 0.438509005729926
223.32893157262907 0.4383643268295331
223.4249699879952 0.43821937377609677
223.52100840336135 0.43807430724370255
223.6170468187275 0.43792906905923934
223.71308523409365 0.4377833701088276
223.8091236494598 0.4376370091378918
223.90516206482593 0.43749007171591003
224.0012004801921 0.4373428398428046
224.09723889555823 0.4371955648243184
224.19327731092437 0.4370484264355629
224.28931572629054 0.43690145005005826
224.38535414165668 0.4367544525244411
224.48139255702282 0.4366071556623294
224.57743097238895 0.43645947995327666
224.67346938775512 0.43631157719639213
224.76950780312126 0.43616365540328195
224.8655462184874 0.43601585773761387
224.96158463385356 0.4358682691092559
225.0576230492197 0.4357209405682297
225.15366146458584 0.4355738890669848
225.24969987995198 0.4354270364106554
225.34573829531814 0.43528016497151606
225.44177671068428 0.43513299834448405
225.53781512605042 0.4349854352751529
225.63385354141658 0.4348375794658859
225.72989195678272 0.4346895670797012
225.82593037214886 0.4345414350200968
225.92196878751503 0.4343931453078193
226.01800720288117 0.43424466879361195
226.1140456182473 0.43409600076002297
226.21008403361344 0.43394715803536954
226.3061224489796 0.43379817666393666
226.40216086434575 0.4336491139697628
226.49819927971188 0.43350005545637443
226.59423769507805 0.43335111065551757
226.6902761104442 0.43320231849754437
226.78631452581033 0.43305356761847696
226.8823529411765 0.43290466401907984
226.97839135654263 0.4327555680172979
227.07442977190877 0.43260643408555866
227.1704681872749 0.4324574239289909
227.26650660264107 0.4323085410523816
227.3625450180072 0.43215967084664086
227.45858343337335 0.43201074395388384
227.55462184873952 0.43186176975458
227.65066026410565 0.43171277599126895
227.7466986794718 0.43156375262875485
227.84273709483796 0.4314146678164994
227.9387755102041 0.43126553634460907
228.03481392557023 0.4311164332981258
228.13085234093637 0.430967438882464
228.22689075630254 0.4308185845256793
228.32292917166868 0.43066985842459055
228.4189675870348 0.4305212365922775
228.51500600240098 0.43037269222742225
228.61104441776712 0.4302242337812089
228.70708283313326 0.43007594400045845
228.80312124849942 0.4299279418110724
228.89915966386556 0.429780213423951
228.9951980792317 0.4296325746849232
229.09123649459784 0.4294848546348883
229.187274909964 0.42933709330109004
229.28331332533014 0.429189479667171
229.37935174069628 0.429042030174436
229.47539015606245 0.42889450706839294
229.57142857142858 0.4287466586672616
229.66746698679472 0.4285984912885534
229.76350540216086 0.428450220613127
229.85954381752703 0.4283019725189078
229.95558223289316 0.4281536975373911
230.0516206482593 0.42800526814583845
230.14765906362547 0.4278565944397271
230.2436974789916 0.42770763116080246
230.33973589435774 0.42755837923228046
230.4357743097239 0.42740888549355216
230.53181272509005 0.42725921894184105
230.6278511404562 0.4271094411026931
230.72388955582232 0.42695960599877814
230.8199279711885 0.42680976978541096
230.91596638655463 0.4266599920920227
231.01200480192077 0.4265102630889861
231.10804321728693 0.42636040777208667
231.20408163265307 0.4262101380800932
231.3001200480192 0.4260593822366686
231.39615846338538 0.4259083941892381
231.4921968787515 0.425757506244432
231.58823529411765 0.4256067878660972
231.6842737094838 0.42545606129265257
231.78031212484996 0.4253051416595143
231.8763505402161 0.4251539256133369
231.97238895558223 0.425002385903146
232.0684273709484 0.42485056342185734
232.16446578631454 0.4246985516152552
232.26050420168067 0.42454640214678885
232.35654261704684 0.42439408936596146
232.45258103241298 0.42424158104045173
232.54861944777912 0.42408894628799243
232.64465786314526 0.4239363446524719
232.74069627851142 0.42378389248359705
232.83673469387756 0.4236316084814373
232.9327731092437 0.42347944733683374
233.02881152460986 0.42332735388371684
233.124849939976 0.42317527089833196
233.22088835534214 0.42302315968361437
233.3169267707083 0.42287100884365614
233.41296518607444 0.4227188251397604
233.50900360144058 0.4225666180741379
233.60504201680672 0.42241439812384823
233.7010804321729 0.4222621744767112
233.79711884753902 0.4221099539035668
233.89315726290516 0.4219577341162737
233.98919567827133 0.42180549200830314
234.08523409363747 0.42165319114172684
234.1812725090036 0.42150085157656814
234.27731092436974 0.42134858258893537
234.3733493397359 0.4211964873949626
234.46938775510205 0.42104448482773604
234.56542617046819 0.4208923199073955
234.66146458583435 0.42073981978377417
234.7575030012005 0.4205870230973716
234.85354141656663 0.4204341093781856
234.9495798319328 0.4202812584867244
235.04561824729893 0.4201286183936056
235.14165666266507 0.41997616049792547
235.2376950780312 0.41982360359866927
235.33373349339738 0.4196706015095198
235.4297719087635 0.41951713304410976
235.52581032412965 0.4193635142236796
235.62184873949582 0.41921005010909534
235.71788715486196 0.4190568390444851
235.8139255702281 0.41890381696575363
235.90996398559426 0.41875085855767347
236.0060024009604 0.4185978021023865
236.10204081632654 0.418444568069264
236.19807923169267 0.4182912290489464
236.29411764705884 0.4181379509573636
236.39015606242498 0.4179848558741961
236.48619447779112 0.4178319984124614
236.58223289315728 0.41767931596046604
236.67827130852342 0.4175265980866625
236.77430972388956 0.41737359424522846
236.87034813925573 0.41722027621509683
236.96638655462186 0.4170668582704736
237.062424969988 0.41691357623875114
237.15846338535414 0.4167605427394997
237.2545018007203 0.41660776550444256
237.35054021608644 0.41645520052442
237.44657863145258 0.4163027618402134
237.54261704681875 0.41615033790516565
237.6386554621849 0.4159978028963206
237.73469387755102 0.4158450604943892
237.8307322929172 0.4156921618234517
237.92677070828333 0.4155393033754962
238.02280912364947 0.41538653069643255
238.1188475390156 0.4152335241119842
238.21488595438177 0.41507980431920244
238.3109243697479 0.41492533252059216
238.40696278511405 0.41477058116440896
238.5030012004802 0.41461601724389485
238.59903961584635 0.4144617091834514
238.6950780312125 0.4143074418509918
238.79111644657863 0.41415309229241115
238.8871548619448 0.4139986918975356
238.98319327731093 0.4138442946019144
239.07923169267707 0.41368987148955777
239.17527010804324 0.4135353338553153
239.27130852340937 0.41338061596670816
239.3673469387755 0.4132256926443593
239.46338535414168 0.41307059887511144
239.55942376950782 0.4129154462501401
239.65546218487395 0.4127603863977448
239.7515006002401 0.4126054861848116
239.84753901560626 0.41245070708897713
239.9435774309724 0.4122960081319049
240.03961584633853 0.4121414367287548
240.1356542617047 0.4119870755588253
240.23169267707084 0.41183284204660936
240.32773109243698 0.4116784572586817
240.42376950780314 0.4115237157698698
240.51980792316928 0.41136873580063194
240.61584633853542 0.4112138708602025
240.71188475390156 0.41105934187204496
240.80792316926772 0.41090515065359245
240.90396158463386 0.41075108035016994
241.0 0.410596695867653
