1.0 0.247688
1.0960384153661464 0.24766360431383008
1.1920768307322929 0.2476392581124565
1.2881152460984393 0.24761491317653267
1.3841536614645857 0.2475905584553379
1.4801920768307322 0.24756624578160444
1.5762304921968788 0.24754204059611434
1.6722689075630253 0.24751795001055168
1.7683073229291717 0.24749393325862803
1.8643457382953181 0.24747000454058143
1.9603841536614646 0.2474462719900243
2.0564225690276112 0.24742285575706086
2.1524609843937577 0.24739976223823318
2.248499399759904 0.2473768958028472
2.3445378151260505 0.24735421008930772
2.440576230492197 0.24733176962979297
2.5366146458583434 0.24730967987288718
2.63265306122449 0.2472879740066384
2.7286914765906363 0.24726661215901727
2.8247298919567827 0.2472455493027234
2.920768307322929 0.24722476495948376
3.0168067226890756 0.24720426598668593
3.112845138055222 0.24718409109929837
3.2088835534213684 0.24716430394384478
3.3049219687875153 0.24714493696286938
3.4009603841536618 0.24712596576552934
3.496998799519808 0.24710732926695955
3.5930372148859546 0.2470889658828054
3.689075630252101 0.24707082780026127
3.7851140456182475 0.2470529663378752
3.881152460984394 0.24703557254864766
3.9771908763505404 0.2470188893927975
4.073229291716687 0.24700304617498187
4.169267707082833 0.246988049687547
4.26530612244898 0.24697386531301815
4.3613445378151265 0.24696045822538473
4.4573829531812725 0.24694775910144123
4.5534213685474185 0.24693559559313216
4.649459783913565 0.24692371128640264
4.745498199279712 0.24691201396717224
4.841536614645858 0.24690070811128145
4.937575030012005 0.24689011358654042
5.033613445378151 0.2468802850046721
5.129651860744298 0.24687099707525015
5.225690276110444 0.24686206746001474
5.321728691476591 0.2468535392170545
5.417767106842737 0.24684558437109058
5.513805522208884 0.24683828747275227
5.609843937575031 0.24683162583101195
5.705882352941177 0.24682556371191205
5.8019207683073235 0.2468201083925288
5.8979591836734695 0.24681528264265745
5.993997599039616 0.24681105924428048
6.090036014405762 0.24680736480775073
6.186074429771909 0.24680422593252857
6.282112845138055 0.24680186050544062
6.378151260504202 0.24680055540162388
6.474189675870348 0.24680036420647483
6.570228091236495 0.2468010868436556
6.666266506602641 0.24680256822597155
6.762304921968788 0.2468048949567078
6.858343337334934 0.24680826996290642
6.954381752701081 0.24681268026950395
7.050420168067227 0.24681786469505534
7.146458583433374 0.2468235774640197
7.2424969987995205 0.24682977091952937
7.3385354141656665 0.2468365375319827
7.434573829531813 0.24684394203827967
7.530612244897959 0.2468519962664117
7.626650660264106 0.24686070218713166
7.722689075630252 0.24687008331592455
7.818727490996399 0.24688020586421464
7.914765906362545 0.2468912375020954
8.010804321728692 0.2469034437305147
8.106842737094837 0.24691697801509338
8.202881152460986 0.246931721091359
8.29891956782713 0.2469474061886343
8.394957983193278 0.2469640119099869
8.490996398559425 0.24698181366411226
8.58703481392557 0.24700101657707463
8.683073229291717 0.24702146004498737
8.779111644657863 0.24704275972246562
8.87515006002401 0.24706479049987876
8.971188475390157 0.24708776434244584
9.067226890756302 0.24711190227819865
9.16326530612245 0.24713715700110098
9.259303721488596 0.24716329203081314
9.355342136854743 0.24719018027169834
9.451380552220888 0.24721786194011902
9.547418967587035 0.2472464431957656
9.643457382953182 0.2472760060818964
9.739495798319329 0.24730659864415333
9.835534213685474 0.24733821069995743
9.93157262905162 0.24737077562428794
10.027611044417768 0.24740431771624324
10.123649459783914 0.24743908973943454
10.219687875150061 0.24747548619147597
10.315726290516206 0.24751369356943304
10.411764705882353 0.2475536138716221
10.5078031212485 0.24759501143996038
10.603841536614647 0.24763765691199538
10.699879951980792 0.24768133118640012
10.795918367346939 0.24772581711423738
10.891956782713086 0.2477709047125543
10.987995198079233 0.24781656823720427
11.084033613445378 0.2478631485319481
11.180072028811525 0.24791121943721822
11.276110444177672 0.24796098345904855
11.372148859543818 0.24801212369278572
11.468187274909964 0.2480641431890256
11.56422569027611 0.24811673205397125
11.660264105642257 0.24816979847919854
11.756302521008404 0.24822352577059617
11.852340936374551 0.24827837787676446
11.948379351740696 0.2483347888296184
12.044417767106843 0.24839280985923837
12.14045618247299 0.24845216765821834
12.236494597839137 0.248512633687102
12.332533013205282 0.24857413105510714
12.428571428571429 0.2486366358663066
12.524609843937576 0.2487000594259307
12.620648259303723 0.24876427434535986
12.716686674669868 0.2488292811850468
12.812725090036015 0.24889525687534111
12.908763505402161 0.24896240832322997
13.004801920768308 0.2490307887739689
13.100840336134453 0.24910031795072504
13.1968787515006 0.24917095210269968
13.292917166866747 0.2492427399971134
13.388955582232894 0.2493157992474533
13.484993997599041 0.2493902850529398
13.581032412965186 0.2494663736872714
13.677070828331333 0.24954418103290077
13.77310924369748 0.24962373454526288
13.869147659063627 0.24970500131228415
13.965186074429772 0.24978792697903848
14.061224489795919 0.24987244253857488
14.157262905162066 0.2499584879895027
14.253301320528212 0.2500460202172602
14.349339735894358 0.2501349669895358
14.445378151260504 0.2502251599556897
14.541416566626651 0.2503163493232259
14.637454981992798 0.25040833114714217
14.733493397358943 0.25050099793362457
14.82953181272509 0.2505943791021622
14.925570228091237 0.25068870269816607
15.021608643457384 0.2507843272396813
15.11764705882353 0.2508812460443125
15.213685474189676 0.2509788890561233
15.309723889555823 0.2510765869910343
15.40576230492197 0.2511743198026942
15.501800720288117 0.2512726860264453
15.597839135654262 0.25137219520199994
15.693877551020408 0.25147295993495083
15.789915966386555 0.25157474932800233
15.885954381752702 0.2516770818559321
15.981992797118847 0.2517793064340576
16.078031212484994 0.25188115198441235
16.17406962785114 0.25198297704294176
16.270108043217288 0.252085475198067
16.366146458583433 0.25218914744785204
16.46218487394958 0.2522942451556683
16.558223289315727 0.2524007504572958
16.654261704681872 0.25250836864399057
16.75030012004802 0.25261674336002604
16.846338535414166 0.2527258605497891
16.942376950780314 0.25283603434112195
17.03841536614646 0.25294740071194144
17.134453781512605 0.25305966132118274
17.230492196878753 0.2531723849170314
17.3265306122449 0.25328560706818815
17.422569027611043 0.2533998331097061
17.518607442977192 0.25351541722819654
17.614645858343337 0.2536322297744109
17.710684273709486 0.2537498279643402
17.80672268907563 0.2538678181749412
17.902761104441776 0.25398591110270563
17.998799519807925 0.2541040186297197
18.09483793517407 0.2542223078503327
18.19087635054022 0.2543410312974763
18.286914765906364 0.2544601530812952
18.38295318127251 0.25457934125294407
18.478991596638657 0.25469840801160615
18.575030012004802 0.25481757102149627
18.671068427370948 0.25493725662865563
18.767106842737096 0.2550576364917739
18.86314525810324 0.25517859339527854
18.95918367346939 0.2553000704596931
19.055222088835535 0.2554222892835576
19.15126050420168 0.25554556980463183
19.24729891956783 0.25566988261091655
19.343337334933974 0.255794816024409
19.439375750300123 0.2559199861083012
19.535414165666268 0.2560453065668777
19.631452581032413 0.2561709404502
19.72749099639856 0.2562971632193982
19.823529411764707 0.2564243252619708
19.91956782713085 0.2565526488692324
20.015606242497 0.25668208771104983
20.111644657863145 0.25681237988750827
20.207683073229294 0.2569432001203202
20.30372148859544 0.2570742017312403
20.399759903961584 0.2572052426421485
20.495798319327733 0.2573365497706442
20.591836734693878 0.25746857591307737
20.687875150060023 0.2576015779266197
20.78391356542617 0.25773555749832744
20.879951980792317 0.2578704997195823
20.975990396158466 0.2580065555010661
21.07202881152461 0.25814396302391535
21.168067226890756 0.2582827953781323
21.264105642256904 0.25842291948193774
21.36014405762305 0.2585641032668861
21.456182472989198 0.2587061017911472
21.552220888355343 0.2588486529519764
21.64825930372149 0.2589914560188371
21.744297719087637 0.25913418296888807
21.840336134453782 0.25927674842805815
21.936374549819927 0.2594195376345759
22.032412965186076 0.2595632839544236
22.12845138055222 0.25970862856600174
22.22448979591837 0.25985601254461854
22.320528211284515 0.2600054033373605
22.41656662665066 0.26015605205635
22.51260504201681 0.2603067778130553
22.608643457382954 0.2604570185737235
22.704681872749102 0.26060703974595845
22.800720288115247 0.2607573784524796
22.896758703481392 0.2609083257454663
22.99279711884754 0.2610598854677953
23.088835534213686 0.261211693988364
23.18487394957983 0.2613630250808895
23.28091236494598 0.26151332574843383
23.376950780312125 0.2616627406407004
23.472989195678274 0.26181195568350135
23.56902761104442 0.2619614807504755
23.665066026410564 0.262111473833667
23.761104441776713 0.2622618432497724
23.857142857142858 0.2624123527092249
23.953181272509003 0.2625627136003591
24.04921968787515 0.26271295670973815
24.145258103241297 0.26286351452246737
24.241296518607445 0.26301478117709026
24.33733493397359 0.2631666373537344
24.433373349339735 0.2633185555014135
24.529411764705884 0.26347018032702846
24.62545018007203 0.26362148895555465
24.721488595438178 0.26377270465322744
24.817527010804323 0.26392419892243485
24.913565426170468 0.26407638854148235
25.009603841536617 0.26422927085527265
25.10564225690276 0.26438230571906146
25.201680672268907 0.26453506881678096
25.297719087635056 0.26468803001315533
25.3937575030012 0.2648423246343725
25.48979591836735 0.2649983702849767
25.585834333733494 0.2651554565394593
25.68187274909964 0.2653126235989918
25.777911164465788 0.26546976239187364
25.873949579831933 0.26562747487311006
25.969987995198082 0.26578595592340737
26.066026410564227 0.2659446391727243
26.162064825930372 0.266102883979149
26.25810324129652 0.2662608793190308
26.354141656662666 0.26641949448826874
26.45018007202881 0.2665790854420973
26.54621848739496 0.26673908931937884
26.642256902761105 0.2668986282571288
26.738295318127253 0.2670573447755051
26.8343337334934 0.26721537938020257
26.930372148859544 0.26737286802205285
27.026410564225692 0.26752975885523345
27.122448979591837 0.2676859559022899
27.218487394957986 0.2678415282337997
27.31452581032413 0.2679967202061088
27.410564225690276 0.26815191106989156
27.506602641056425 0.26830759555103434
27.60264105642257 0.2684641688866127
27.698679471788715 0.2686215986237532
27.794717887154864 0.26877947270325064
27.89075630252101 0.26893751149047024
27.986794717887157 0.2690957762655906
28.082833133253303 0.26925448526397616
28.178871548619448 0.2694137170070098
28.274909963985596 0.26957339991580687
28.37094837935174 0.26973343014758594
28.466986794717887 0.2698937226899691
28.563025210084035 0.27005420090298793
28.65906362545018 0.27021477848862213
28.75510204081633 0.27037537758719254
28.851140456182474 0.2705360791447389
28.94717887154862 0.2706971894487328
29.043217286914768 0.27085901352186575
29.139255702280913 0.27102145160080904
29.23529411764706 0.2711840220111643
29.331332533013207 0.27134638354415264
29.42737094837935 0.27150858659272253
29.5234093637455 0.27167092441780255
29.619447779111646 0.27183365145281274
29.71548619447779 0.2719969454844078
29.81152460984394 0.27216084879759206
29.907563025210084 0.27232523845857826
30.003601440576233 0.27248986916525364
30.099639855942378 0.2726544583226665
30.195678271308523 0.2728187260727444
30.291716686674672 0.27298267032455675
30.387755102040817 0.2731467125517157
30.483793517406966 0.2733114182635197
30.57983193277311 0.27347691367025484
30.675870348139256 0.27364285324089915
30.771908763505404 0.2738088147981796
30.86794717887155 0.2739745223561656
30.963985594237695 0.27413984025408955
31.060024009603843 0.27430475462240345
31.15606242496999 0.27446935758623225
31.252100840336137 0.2746337071766302
31.348139255702282 0.27479774455463435
31.444177671068427 0.2749613949582887
31.540216086434576 0.27512480302330383
31.63625450180072 0.2752883302685745
31.732292917166866 0.27545215747622265
31.828331332533015 0.2756160369207789
31.92436974789916 0.27577949656952555
32.02040816326531 0.27594234631452236
32.116446578631454 0.27610473522559814
32.2124849939976 0.2762669314005904
32.308523409363744 0.27642917737284733
32.404561824729896 0.27659165871794006
32.50060024009604 0.2767544300751954
32.596638655462186 0.27691740898042483
32.69267707082833 0.2770804481516166
32.78871548619448 0.27724338543384136
32.88475390156063 0.2774060834189714
32.98079231692677 0.27756853403363324
33.07683073229292 0.27773087604353386
33.172869147659064 0.27789339275840075
33.26890756302521 0.2780565102122725
33.36494597839136 0.2782206001793099
33.460984393757506 0.2783854168961349
33.55702280912365 0.2785500588998886
33.6530612244898 0.2787138903207201
33.74909963985594 0.2788772433920154
33.84513805522209 0.27904102155848715
33.94117647058824 0.2792054450011909
34.037214885954384 0.2793698727935801
34.13325330132053 0.27953373839135137
34.229291716686674 0.27969729924087694
34.32533013205282 0.27986130333392256
34.42136854741897 0.28002585543350533
34.51740696278512 0.2801902373758538
34.61344537815126 0.28035371196556885
34.70948379351741 0.28051619979077513
34.80552220888355 0.2806781378836507
34.901560624249704 0.28083992954672127
34.99759903961585 0.28100182598157913
35.093637454981994 0.2811638836380786
35.18967587034814 0.2813259264682971
35.285714285714285 0.28148766553095256
35.38175270108044 0.28164913129934316
35.47779111644658 0.2818107465853117
35.57382953181273 0.28197284470584283
35.66986794717887 0.2821352218553381
35.76590636254502 0.282297325864197
35.86194477791116 0.2824590348656295
35.957983193277315 0.2826208133862252
36.05402160864346 0.28278309179282873
36.150060024009605 0.2829456607751462
36.24609843937575 0.2831078823918052
36.342136854741895 0.2832696361127852
36.43817527010805 0.28343152611168315
36.53421368547419 0.28359416991371406
36.63025210084034 0.28375746934562907
36.72629051620648 0.28392077914218383
36.82232893157263 0.2840837624190904
36.91836734693878 0.28424660158136345
37.014405762304925 0.2844095877112696
37.11044417767107 0.28457267853495016
37.206482593037215 0.2847355838670176
37.30252100840336 0.2848982469571528
37.39855942376951 0.2850609699939266
37.49459783913566 0.28522414271742214
37.5906362545018 0.28538793553067626
37.68667466986795 0.28555230207598903
37.78271308523409 0.28571707040597816
37.878751500600245 0.2858819741350362
37.97478991596639 0.28604678952492496
38.070828331332535 0.2862114983039097
38.16686674669868 0.28637625070334016
38.262905162064826 0.2865411317759171
38.35894357743097 0.28670609393252294
38.45498199279712 0.28687115960993825
38.55102040816327 0.28703667418857165
38.64705882352941 0.2872031808560336
38.74309723889556 0.2873706706587586
38.8391356542617 0.2875383493575525
38.935174069627855 0.2877052461145427
39.031212484994 0.2878710119134556
39.127250900360146 0.28803589810385455
39.22328931572629 0.28820032837134335
39.319327731092436 0.2883647464282336
39.41536614645859 0.28852948798838657
39.51140456182473 0.28869460462996005
39.60744297719088 0.28885988514482225
39.70348139255702 0.2890250608232454
39.79951980792317 0.28918988194140033
39.89555822328932 0.2893541566811596
39.991596638655466 0.2895178072912305
40.08763505402161 0.2896808654916259
40.183673469387756 0.28984341497388383
40.2797118847539 0.2900055683223584
40.375750300120046 0.2901674260287683
40.4717887154862 0.2903290141716721
40.56782713085234 0.29049029439974333
40.66386554621849 0.29065126629590354
40.759903961584634 0.2908120085767244
40.85594237695078 0.2909726198668743
40.95198079231693 0.2911331236477894
41.048019207683076 0.291293466474816
41.14405762304922 0.2914535665150328
41.240096038415366 0.29161333488318114
41.33613445378151 0.29177269931044436
41.432172869147664 0.2919316438510369
41.52821128451381 0.2920901882848284
41.624249699879954 0.29224820342491914
41.7202881152461 0.29240533003023433
41.816326530612244 0.2925612815596212
41.912364945978396 0.292716381378022
42.00840336134454 0.2928715173480487
42.104441776710686 0.29302733085879684
42.20048019207683 0.2931838288706797
42.29651860744298 0.2933406752331159
42.39255702280912 0.29349773907342674
42.488595438175274 0.2936551244598159
42.58463385354142 0.2938129102465806
42.680672268907564 0.2939710184511003
42.77671068427371 0.2941292622427973
42.872749099639854 0.29428744234545223
42.96878751500601 0.294445372685586
43.06482593037215 0.29460301168189346
43.1608643457383 0.2947605315005866
43.25690276110444 0.29491816989701153
43.35294117647059 0.2950759222666066
43.44897959183674 0.2952335374953007
43.545018007202884 0.2953908498619532
43.64105642256903 0.29554796512829723
43.737094837935174 0.2957051463566307
43.83313325330132 0.2958625602527991
43.92917166866747 0.2960202530178553
44.02521008403362 0.29617824711696245
44.12124849939976 0.29633659830341685
44.21728691476591 0.2964953412130784
44.31332533013205 0.2966543626592386
44.409363745498204 0.29681340598458034
44.50540216086435 0.29697231686238135
44.601440576230495 0.2971311959060967
44.69747899159664 0.29729025817141547
44.793517406962785 0.2974494868459779
44.88955582232893 0.2976086119827361
44.98559423769508 0.2977674702572004
45.08163265306123 0.2979262400804358
45.17767106842737 0.2980852542143917
45.27370948379352 0.2982445098770794
45.36974789915966 0.2984036297291344
45.465786314525815 0.2985623503243697
45.56182472989196 0.29872085801944565
45.657863145258105 0.2988796007666448
45.75390156062425 0.29903876167915966
45.849939975990395 0.2991981829478756
45.94597839135655 0.2993575307242908
46.04201680672269 0.29951641444802574
46.13805522208884 0.29967448368071226
46.23409363745498 0.29983169651523317
46.33013205282113 0.2999883467879924
46.42617046818728 0.3001447622929559
46.522208883553425 0.3003010753832661
46.61824729891957 0.3004572662887768
46.714285714285715 0.3006133111735443
46.81032412965186 0.30076920373245936
46.906362545018006 0.30092485789526824
47.00240096038416 0.30108003012966933
47.0984393757503 0.3012344448644234
47.19447779111645 0.30138820070470174
47.29051620648259 0.30154182271156904
47.38655462184874 0.3016957725841887
47.48259303721489 0.30185003759737045
47.578631452581035 0.30200427699864174
47.67466986794718 0.3021583583920434
47.770708283313326 0.3023124545438009
47.86674669867947 0.3024667458478618
47.96278511404562 0.30262115802055295
48.05882352941177 0.3027754495339198
48.15486194477791 0.30292955525021187
48.25090036014406 0.30308365144267957
48.3469387755102 0.3032379238256145
48.442977190876356 0.3033923527391485
48.5390156062425 0.3035467260091484
48.635054021608646 0.303700718410696
48.73109243697479 0.30385392431505753
48.827130852340936 0.3040061643973374
48.92316926770709 0.3041577839670664
49.01920768307323 0.30430950986939215
49.11524609843938 0.3044618300311813
49.21128451380552 0.3046148448501481
49.30732292917167 0.3047684126141316
49.403361344537814 0.3049222980676455
49.499399759903966 0.30507622516690214
49.59543817527011 0.30523007141459935
49.691476590636256 0.30538391304649165
49.7875150060024 0.305537864324797
49.883553421368546 0.3056919050856982
49.9795918367347 0.30584592422218027
50.075630252100844 0.3059999517932427
50.17166866746699 0.3061542141676865
50.267707082833134 0.306308855820361
50.36374549819928 0.30646362576643976
50.45978391356543 0.30661797024805476
50.555822328931576 0.3067715505451193
50.65186074429772 0.30692439023428036
50.747899159663866 0.3070766975104501
50.84393757503001 0.3072286547449847
50.939975990396164 0.3073803827545941
51.03601440576231 0.30753182326606987
51.132052821128454 0.30768271042700274
51.2280912364946 0.30783286298931456
51.324129651860744 0.3079825477353186
51.42016806722689 0.308132377189293
51.51620648259304 0.3082826467514102
51.61224489795919 0.30843312507350407
51.70828331332533 0.30858340969283915
51.80432172869148 0.30873339205545003
51.90036014405762 0.3088832308869774
51.996398559423774 0.30903302619561657
52.09243697478992 0.3091827081415372
52.188475390156064 0.30933214367297
52.28451380552221 0.30948128316694856
52.380552220888354 0.3096301739861714
52.47659063625451 0.30977897739476534
52.57262905162065 0.30992797112274506
52.6686674669868 0.31007736361465965
52.76470588235294 0.310227025904762
52.86074429771909 0.3103765421930334
52.95678271308524 0.31052566115698177
53.052821128451384 0.31067446810209975
53.14885954381753 0.3108232061904576
53.244897959183675 0.31097200445144957
53.34093637454982 0.3111208620526152
53.43697478991597 0.3112696955782039
53.53301320528212 0.3114183596673858
53.62905162064826 0.3115667328281066
53.72509003601441 0.3117148542810179
53.82112845138055 0.31186291789952025
53.9171668667467 0.3120111416709253
54.01320528211285 0.31215971050035074
54.109243697478995 0.31230871542142685
54.20528211284514 0.31245805199275106
54.301320528211285 0.3126074490303605
54.39735894357743 0.31275675903079864
54.49339735894358 0.3129060888936457
54.58943577430973 0.31305565630918564
54.68547418967587 0.3132055348190759
54.78151260504202 0.3133556401059642
54.87755102040816 0.31350582941795335
54.973589435774315 0.31365594962187
55.06962785114046 0.3138058744171516
55.165666266506605 0.31395557293770265
55.26170468187275 0.31410510442168155
55.357743097238895 0.3142545086560498
55.45378151260505 0.3144037508415681
55.54981992797119 0.3145527556562224
55.64585834333734 0.3147014748121532
55.74189675870348 0.31484989921655626
55.83793517406963 0.31499809795861794
55.93397358943577 0.31514623870434955
56.030012004801925 0.31529452667830843
56.12605042016807 0.3154430784149549
56.222088835534215 0.31559190865673037
56.31812725090036 0.3157409549920968
56.414165666266506 0.3158900918558761
56.51020408163266 0.31603917327124664
56.6062424969988 0.3161881254094922
56.70228091236495 0.3163369601402339
56.79831932773109 0.3164857888990457
56.89435774309724 0.3166348304407497
56.99039615846339 0.31678429886295423
57.086434573829536 0.31693414690928856
57.18247298919568 0.3170840565634752
57.278511404561826 0.3172337319714517
57.37454981992797 0.31738308104341434
57.47058823529412 0.3175321679902431
57.56662665066027 0.3176810918897905
57.66266506602641 0.31782996258212076
57.75870348139256 0.31797882795617316
57.8547418967587 0.3181276265698941
57.950780312124856 0.31827622504677655
58.046818727491 0.31842451557090407
58.142857142857146 0.31857243432420307
58.23889555822329 0.3187200008259258
58.334933973589436 0.3188673448409604
58.43097238895558 0.3190146425822622
58.52701080432173 0.3191619435941513
58.62304921968788 0.31930915113255776
58.719087635054024 0.3194561482335099
58.81512605042017 0.31960288859302893
58.911164465786314 0.319749375941636
59.007202881152466 0.3198955996631234
59.10324129651861 0.32004152958042476
59.199279711884756 0.3201872057110183
59.2953181272509 0.3203328062446446
59.391356542617046 0.3204785618062655
59.4873949579832 0.3206244929840155
59.583433373349344 0.3207703779081581
59.67947178871549 0.32091601608777154
59.775510204081634 0.3210614384758454
59.87154861944778 0.32120682321748234
59.96758703481393 0.32135220965441813
60.063625450180076 0.32149745420133863
60.15966386554622 0.32164244362058636
60.25570228091237 0.32178727343368996
60.35174069627851 0.3219321455318285
60.44777911164466 0.32207700616000606
60.54381752701081 0.32222149006136147
60.639855942376954 0.3223652909392416
60.7358943577431 0.3225084870320251
60.831932773109244 0.32265142953942527
60.92797118847539 0.3227943069615631
61.02400960384154 0.32293705991219807
61.12004801920769 0.3230796103040034
61.21608643457383 0.32322207291091687
61.31212484993998 0.3233646801613558
61.40816326530612 0.3235074699384675
61.504201680672274 0.32365022288132844
61.60024009603842 0.323792693950974
61.696278511404564 0.3239348369558079
61.79231692677071 0.32407676755337855
61.888355342136855 0.32421857933287884
61.98439375750301 0.324360300776368
62.08043217286915 0.32450195725487846
62.1764705882353 0.3246436341648023
62.27250900360144 0.32478545825550226
62.36854741896759 0.32492750717469016
62.46458583433373 0.3250697851448533
62.560624249699885 0.32521220891653824
62.65666266506603 0.32535459274913625
62.752701080432175 0.3254966860420758
62.84873949579832 0.325638344083973
62.944777911164465 0.32577957381828476
63.04081632653062 0.3259204841995054
63.13685474189676 0.3260612303999397
63.23289315726291 0.32620198218256086
63.32893157262905 0.3263427890004145
63.4249699879952 0.32648354540916136
63.52100840336135 0.3266241528984862
63.617046818727495 0.3267647108971871
63.71308523409364 0.32690547665895303
63.809123649459785 0.3270466102526965
63.90516206482593 0.3271880967191739
64.00120048019208 0.32732979659165556
64.09723889555823 0.3274715085975781
64.19327731092437 0.3276130109152374
64.28931572629051 0.32775425822474535
64.38535414165666 0.32789543964852236
64.48139255702282 0.32803671010819857
64.57743097238895 0.32817784029850955
64.6734693877551 0.3283183060622503
64.76950780312126 0.3284579196866227
64.8655462184874 0.3285970401608028
64.96158463385353 0.32873617948843953
65.05762304921969 0.32887546336092377
65.15366146458584 0.3290146608097235
65.24969987995199 0.3291535913821511
65.34573829531813 0.3292922720558106
65.44177671068428 0.32943080227824395
65.53781512605042 0.329569198186098
65.63385354141657 0.32970738567092517
65.72989195678272 0.3298452378783298
65.82593037214886 0.32998259123881246
65.92196878751501 0.33011933260463633
66.01800720288115 0.3302555309944176
66.1140456182473 0.33039141837101965
66.21008403361344 0.3305271881493009
66.3061224489796 0.3306629136734911
66.40216086434575 0.3307985965859951
66.49819927971188 0.33093424419537665
66.59423769507804 0.3310698715809601
66.69027611044417 0.3312054678111614
66.78631452581033 0.3313409817563655
66.88235294117648 0.3314763497176931
66.97839135654262 0.3316115417585797
67.07442977190877 0.33174656758971893
67.1704681872749 0.33188148742969226
67.26650660264106 0.3320164159451444
67.36254501800721 0.3321514342865081
67.45858343337335 0.3322864352071143
67.5546218487395 0.3324211432870999
67.65066026410564 0.33255540248587223
67.74669867947179 0.33268931263624496
67.84273709483794 0.33282311355671546
67.93877551020408 0.33295696862243085
68.03481392557023 0.33309094256660376
68.13085234093637 0.33322501265835475
68.22689075630252 0.3333590748837329
68.32292917166868 0.3334930159200666
68.41896758703481 0.33362685347914534
68.51500600240097 0.3337607273951682
68.6110444177671 0.33389467212592
68.70708283313326 0.3340284969452356
68.80312124849941 0.3341619309332073
68.89915966386555 0.33429492326881655
68.9951980792317 0.3344276562952262
69.09123649459784 0.33456031468392217
69.18727490996399 0.3346929567210174
69.28331332533014 0.3348255588747868
69.37935174069628 0.3349581154183198
69.47539015606243 0.3350906467337653
69.57142857142857 0.33522315078852444
69.66746698679472 0.33535557466755295
69.76350540216087 0.335487830037333
69.85954381752701 0.33561982931292944
69.95558223289316 0.3357514948411132
70.0516206482593 0.3358828045478743
70.14765906362545 0.3360138200120015
70.2436974789916 0.3361446332033781
70.33973589435774 0.33627523723591873
70.4357743097239 0.3364055154375153
70.53181272509003 0.33653533745784775
70.62785114045619 0.33666462179483725
70.72388955582232 0.336793346308559
70.81992797118848 0.3369215721452441
70.91596638655463 0.33704944094631856
71.01200480192077 0.337177091970072
71.10804321728692 0.33730460541386476
71.20408163265306 0.3374319985438277
71.30012004801921 0.337559218350286
71.39615846338536 0.3376861458476908
71.4921968787515 0.337812671224804
71.58823529411765 0.3379387478564881
71.68427370948379 0.3380643877331572
71.78031212484994 0.3381896450863141
71.8763505402161 0.33831461221218195
71.97238895558223 0.33843940020179847
72.06842737094838 0.338564124361725
72.16446578631452 0.3386888661464211
72.26050420168067 0.33881356044679173
72.35654261704683 0.3389379855955637
72.45258103241297 0.3390619367285792
72.54861944777912 0.3391853633741301
72.64465786314526 0.3393083373796218
72.74069627851141 0.3394309393828744
72.83673469387756 0.3395532388916444
72.9327731092437 0.3396753356569546
73.02881152460985 0.33979739416373317
73.12484993997599 0.3399195709102972
73.22088835534214 0.340041767910435
73.31692677070829 0.3401636014314658
73.41296518607443 0.34028477377574795
73.50900360144058 0.34040539895519584
73.60504201680672 0.3405258759393922
73.70108043217287 0.34064640129545976
73.79711884753902 0.34076687272785783
73.89315726290516 0.34088711279035955
73.98919567827132 0.3410070747254741
74.08523409363745 0.34112682251931603
74.1812725090036 0.34124642748954176
74.27731092436976 0.34136594290530853
74.3733493397359 0.3414853775597776
74.46938775510205 0.34160467022797864
74.56542617046819 0.34172372267113016
74.66146458583434 0.34184253439030127
74.75750300120049 0.34196122993231204
74.85354141656663 0.3420799158224301
74.94957983193278 0.3421985353374053
75.04561824729892 0.34231691300480394
75.14165666266507 0.34243496823466923
75.23769507803121 0.3425527679000567
75.33373349339736 0.34267043965308885
75.42977190876351 0.3427880794994712
75.52581032412965 0.34290575181879834
75.6218487394958 0.34302350942568177
75.71788715486194 0.3431413983653687
75.8139255702281 0.34325943660354413
75.90996398559425 0.34337759016315866
76.00600240096038 0.34349578623414523
76.10204081632654 0.3436139806273286
76.19807923169267 0.3437321748893839
76.29411764705883 0.34385033330637516
76.39015606242498 0.3439682852672018
76.48619447779112 0.34408577650327915
76.58223289315727 0.3442027512442962
76.6782713085234 0.3443194322124337
76.77430972388956 0.34443606160379003
76.87034813925571 0.3445525809351693
76.96638655462185 0.3446686977563989
77.062424969988 0.3447843407786282
77.15846338535414 0.3448998010584488
77.25450180072029 0.3450154279553493
77.35054021608644 0.3451312342014375
77.44657863145258 0.3452469456952933
77.54261704681873 0.3453624259932574
77.63865546218487 0.3454778175448082
77.73469387755102 0.345593298809696
77.83073229291718 0.34570875262588857
77.92677070828331 0.3458238180170705
78.02280912364947 0.3459383367566116
78.1188475390156 0.3460525117710039
78.21488595438176 0.3461666740927372
78.31092436974791 0.34628094823202443
78.40696278511405 0.3463952554887845
78.5030012004802 0.34650949667943043
78.59903961584634 0.3466236224497147
78.69507803121249 0.3467376266084025
78.79111644657864 0.3468515358356495
78.88715486194478 0.3469653995454307
78.98319327731093 0.3470792282622317
79.07923169267707 0.34719296887574286
79.17527010804322 0.3473065262989678
79.27130852340936 0.34741979794062405
79.36734693877551 0.34753269488978494
79.46338535414166 0.3476452693686275
79.5594237695078 0.34775776699902505
79.65546218487395 0.34787044443464654
79.75150060024009 0.34798326487684683
79.84753901560624 0.34809592092082586
79.9435774309724 0.3482082218183607
80.03961584633853 0.3483202669336526
80.13565426170469 0.3484322921326126
80.23169267707082 0.3485443986687695
80.32773109243698 0.3486565438428394
80.42376950780313 0.3487686852499544
80.51980792316927 0.348880848959985
80.61584633853542 0.3489930692917514
80.71188475390156 0.34910527680657877
80.80792316926771 0.3492173108034801
80.90396158463386 0.34932912734907756
81.0 0.3494409025702962
81.09603841536615 0.3495528827497721
81.19207683073229 0.34966509127829193
81.28811524609844 0.3497773239488386
81.3841536614646 0.34988941073704516
81.48019207683073 0.3500013536143121
81.57623049219688 0.3501132290953759
81.67226890756302 0.3502249860336548
81.76830732292918 0.3503364432515974
81.86434573829533 0.35044750467241753
81.96038415366147 0.3505582785609057
82.05642256902762 0.35066897374490963
82.15246098439376 0.3507796728092218
82.24849939975991 0.3508903157126147
82.34453781512606 0.35100083484851835
82.4405762304922 0.3511112340014971
82.53661464585835 0.3512215477193886
82.63265306122449 0.3513317465983824
82.72869147659064 0.3514417346927631
82.82472989195679 0.3515514647017123
82.92076830732293 0.35166100882387225
83.01680672268908 0.3517705114856595
83.11284513805522 0.3518800733819168
83.20888355342137 0.3519897349550079
83.30492196878753 0.3520994825695752
83.40096038415366 0.352209252589146
83.49699879951982 0.35231896665106505
83.59303721488595 0.3524286207847164
83.6890756302521 0.3525382920791713
83.78511404561824 0.352648047801066
83.8811524609844 0.3527578834919059
83.97719087635055 0.35286774699770335
84.07322929171669 0.35297760588998495
84.16926770708284 0.353087457632904
84.26530612244898 0.3531973164135664
84.36134453781513 0.3533072036755779
84.45738295318128 0.35341711918026264
84.55342136854742 0.353526959981984
84.64945978391357 0.3536365213878051
84.74549819927971 0.3537457167273361
84.84153661464586 0.35385474275275636
84.93757503001201 0.35396394498620026
85.03361344537815 0.35407340422438993
85.1296518607443 0.35418288263791425
85.22569027611044 0.3542921807741517
85.3217286914766 0.35440141996995467
85.41776710684275 0.3545109103248002
85.51380552220888 0.35462071035055387
85.60984393757504 0.3547305575548889
85.70588235294117 0.35484015750276254
85.80192076830733 0.35494942409193964
85.89795918367348 0.35505844298321465
85.99399759903962 0.35516732529507244
86.09003601440577 0.35527617509012416
86.1860744297719 0.35538505087924016
86.28211284513806 0.35549393200295204
86.37815126050421 0.3556027396833598
86.47418967587035 0.35571141522824107
86.5702280912365 0.35581993455886296
86.66626650660264 0.3559282551003943
86.76230492196879 0.3560362670658738
86.85834333733494 0.3561438363110618
86.95438175270108 0.35625097073285256
87.05042016806723 0.3563578506292259
87.14645858343337 0.3564646470332416
87.24249699879952 0.3565713466872258
87.33853541416568 0.35667778807638706
87.43457382953181 0.35678383171772377
87.53061224489797 0.3568894030353832
87.6266506602641 0.3569945138336827
87.72268907563026 0.35709928402489993
87.81872749099641 0.35720390078014014
87.91476590636255 0.35730844402063977
88.0108043217287 0.35741284643589943
88.10684273709484 0.35751703619964376
88.20288115246099 0.35762108865798486
88.29891956782713 0.35772519269106307
88.39495798319328 0.35782946967101115
88.49099639855943 0.3579339248677183
88.58703481392557 0.3580384858834126
88.68307322929172 0.3581430455689927
88.77911164465786 0.3582474875764845
88.87515006002401 0.3583517951833456
88.97118847539016 0.3584560791765675
89.0672268907563 0.3585604561644286
89.16326530612245 0.358664905863167
89.25930372148859 0.3587692958001981
89.35534213685474 0.35887354386626247
89.4513805522209 0.3589776662052226
89.54741896758703 0.3590816986972177
89.64345738295319 0.35918560020368034
89.73949579831933 0.3592892788620106
89.83553421368548 0.35939276100567186
89.93157262905163 0.359496240970379
90.02761104441777 0.3595998761929924
90.12364945978392 0.3597035219427173
90.21968787515006 0.3598067997422485
90.31572629051621 0.35990957489885755
90.41176470588236 0.3600121137275538
90.5078031212485 0.36011476421671196
90.60384153661465 0.3602175214183877
90.69987995198079 0.3603200671795407
90.79591836734694 0.360422186839929
90.8919567827131 0.36052391794965977
90.98799519807923 0.36062540626154876
91.08403361344538 0.36072669950237013
91.18007202881152 0.3608277520333626
91.27611044417768 0.36092855276243613
91.37214885954383 0.36102917340893526
91.46818727490997 0.361129719338682
91.56422569027612 0.361230255505998
91.66026410564226 0.3613308034867637
91.75630252100841 0.36143136231478784
91.85234093637456 0.36153191658657935
91.9483793517407 0.36163241531821233
92.04441776710685 0.36173273850448173
92.14045618247299 0.3618327175037799
92.23649459783914 0.3619322987052263
92.33253301320529 0.3620316122495258
92.42857142857143 0.3621308764420862
92.52460984393758 0.36223023838267243
92.62064825930372 0.3623297500987942
92.71668667466987 0.36242930318796734
92.81272509003601 0.36252860157694655
92.90876350540216 0.3626273553963318
93.00480192076832 0.3627256203122703
93.10084033613445 0.362823775371074
93.1968787515006 0.36292207616803424
93.29291716686674 0.36302044405734385
93.3889555822329 0.3631186250973279
93.48499399759905 0.36321648508477283
93.58103241296519 0.36331402764665843
93.67707082833134 0.36341127912082377
93.77310924369748 0.36350823130139676
93.86914765906363 0.36360488584245093
93.96518607442978 0.36370134113750563
94.06122448979592 0.36379778435469234
94.15726290516207 0.3638943306189274
94.25330132052821 0.3639909386500565
94.34933973589436 0.36408747482658615
94.44537815126051 0.3641838455593179
94.54141656662665 0.3642800093654775
94.6374549819928 0.36437593787293593
94.73349339735894 0.3644715942548546
94.8295318127251 0.3645669463896708
94.92557022809125 0.36466199565704827
95.02160864345738 0.36475678057642846
95.11764705882354 0.3648513756825549
95.21368547418967 0.3649458907582976
95.30972388955583 0.36504044381450806
95.40576230492198 0.36513509984815645
95.50180072028812 0.36522986127380663
95.59783913565427 0.36532465587212615
95.6938775510204 0.3654193295837052
95.78991596638656 0.36551370993822185
95.88595438175271 0.3656077579641585
95.98199279711885 0.3657015763402973
96.078031212485 0.36579524493139903
96.17406962785114 0.36588871467751766
96.27010804321729 0.3659818732690821
96.36614645858344 0.3660747153211482
96.46218487394958 0.36616735784857485
96.55822328931573 0.36625990328787317
96.65426170468187 0.36635234650724763
96.75030012004802 0.36644461671916995
96.84633853541418 0.36653669383374865
96.94237695078031 0.3666286225552401
97.03841536614647 0.36672044447090596
97.1344537815126 0.3668121495869645
97.23049219687876 0.36690370661630284
97.3265306122449 0.3669951510773575
97.42256902761105 0.36708659380519304
97.5186074429772 0.36717812188257054
97.61464585834334 0.36726972429744525
97.71068427370949 0.367361317543307
97.80672268907563 0.3674528270706229
97.90276110444178 0.36754420164431406
97.99879951980793 0.3676354025668717
98.09483793517407 0.36772639518672784
98.19087635054022 0.3678171643210006
98.28691476590636 0.3679077633573551
98.38295318127251 0.3679983170703709
98.47899159663866 0.3680889074513773
98.5750300120048 0.36817947910762117
98.67106842737095 0.3682698786583271
98.76710684273709 0.3683599950269243
98.86314525810324 0.36844978903787196
98.9591836734694 0.3685393028847186
99.05522208883554 0.36862866837309133
99.15126050420169 0.36871805310944816
99.24729891956783 0.3688074706707066
99.34333733493398 0.3688967480672732
99.43937575030013 0.36898570536711073
99.53541416566627 0.3690743199388092
99.63145258103242 0.3691626949873689
99.72749099639856 0.36925092017947553
99.82352941176471 0.3693390408165085
99.91956782713086 0.3694270901324416
100.015606242497 0.36951512031309935
100.11164465786315 0.36960318440785134
100.20768307322929 0.3696912603742972
100.30372148859544 0.3697792379633441
100.3997599039616 0.36986704842640633
100.49579831932773 0.369954795358561
100.59183673469389 0.37004269884902874
100.68787515006002 0.37013083922736095
100.78391356542618 0.3702190963421373
100.87995198079233 0.370307299928797
100.97599039615847 0.37039538893268487
101.07202881152462 0.37048340658280754
101.16806722689076 0.3705714448617481
101.26410564225691 0.37065962562650945
101.36014405762306 0.370747998442993
101.4561824729892 0.37083642688835244
101.55222088835535 0.37092463898437206
101.64825930372149 0.3710124897866482
101.74429771908764 0.3711000344082612
101.84033613445378 0.3711874243400964
101.93637454981993 0.371274786224303
102.03241296518608 0.371362208967961
102.12845138055222 0.37144971417939937
102.22448979591837 0.37153724853940095
102.32052821128451 0.37162473466332246
102.41656662665066 0.37171213357340455
102.51260504201682 0.3717994464244827
102.60864345738295 0.3718867034603041
102.7046818727491 0.37197395922974047
102.80072028811524 0.3720612464917012
102.8967587034814 0.3721485167401141
102.99279711884755 0.3722356557432843
103.08883553421369 0.3723225912200615
103.18487394957984 0.3724093285756485
103.28091236494598 0.3724958974647713
103.37695078031213 0.3725822792822273
103.47298919567828 0.3726684163618711
103.56902761104442 0.3727542960896232
103.66506602641057 0.372839980708218
103.76110444177671 0.37292557290972117
103.85714285714286 0.3730111667293253
103.95318127250901 0.37309683620916956
104.04921968787515 0.37318258843107455
104.1452581032413 0.3732683464923254
104.24129651860744 0.3733540031011822
104.3373349339736 0.3734395009378745
104.43337334933975 0.37352483727628294
104.52941176470588 0.3736100508750533
104.62545018007204 0.37369521564930563
104.72148859543817 0.37378037533697944
104.81752701080433 0.37386544060313937
104.91356542617048 0.37395020905713183
105.00960384153662 0.3740345684002155
105.10564225690277 0.37411858172237833
105.2016806722689 0.3742023926016604
105.29771908763506 0.37428606729586705
105.39375750300121 0.3743695939481446
105.48979591836735 0.37445298685364337
105.5858343337335 0.3745363326961629
105.68187274909964 0.37461973774452373
105.77791116446579 0.37470323540143924
105.87394957983194 0.37478678485336514
105.96998799519808 0.3748703337557458
106.06602641056423 0.3749538478906539
106.16206482593037 0.37503730820605224
106.25810324129652 0.37512070505180084
106.35414165666266 0.37520403297803095
106.45018007202881 0.375287252305198
106.54621848739497 0.3753702703133472
106.6422569027611 0.37545298547200845
106.73829531812726 0.3755353731554735
106.8343337334934 0.37561748976768145
106.93037214885955 0.3756994220353891
107.0264105642257 0.3757812601474673
107.12244897959184 0.3758630659347857
107.21848739495799 0.3759448086272341
107.31452581032413 0.3760263660183435
107.41056422569028 0.3761076100334494
107.50660264105643 0.37618845408217394
107.60264105642257 0.3762688562564552
107.69867947178872 0.37634882509083145
107.79471788715486 0.37642842027015166
107.89075630252101 0.37650775207925347
107.98679471788716 0.37658698086252146
108.0828331332533 0.37666626564751987
108.17887154861945 0.3767456480727337
108.27490996398559 0.3768250472128059
108.37094837935174 0.3769043765837436
108.4669867947179 0.3769836156722902
108.56302521008404 0.3770627726838009
108.65906362545019 0.37714179330730335
108.75510204081633 0.3772205599056646
108.85114045618248 0.37729903651431024
108.94717887154863 0.37737736203609346
109.04321728691477 0.3774557669253978
109.13925570228092 0.37753435981295363
109.23529411764706 0.37761310000492077
109.33133253301321 0.3776918662117746
109.42737094837936 0.37777050317602046
109.5234093637455 0.37784887185328697
109.61944777911165 0.3779269801965249
109.71548619447779 0.378004990787568
109.81152460984394 0.37808303604774657
109.9075630252101 0.37816108675925375
110.00360144057623 0.37823901848865527
110.09963985594239 0.3783168056266083
110.19567827130852 0.37839454525813343
110.29171668667468 0.37847231553237237
110.38775510204083 0.37855006973269373
110.48379351740697 0.3786276928710207
110.57983193277312 0.37870517677567384
110.67587034813926 0.37878264095761754
110.77190876350541 0.3788601565839627
110.86794717887155 0.3789376081096558
110.9639855942377 0.3790147731380235
111.06002400960385 0.37909158392880143
111.15606242496999 0.3791681670936132
111.25210084033614 0.3792446546672795
111.34813925570228 0.3793210280529181
111.44417767106843 0.3793971680137019
111.54021608643458 0.3794730355137455
111.63625450180072 0.37954870356111176
111.73229291716687 0.37962425793314314
111.82833133253301 0.3796997110299368
111.92436974789916 0.3797750264544387
112.02040816326532 0.379850214997368
112.11644657863145 0.3799253519000285
112.2124849939976 0.3800005041146411
112.30852340936374 0.3800756639991237
112.4045618247299 0.38015077171507405
112.50060024009605 0.38022580709453374
112.59663865546219 0.3803008083999524
112.69267707082834 0.38037581938725484
112.78871548619448 0.38045083862131546
112.88475390156063 0.38052581675920066
112.98079231692678 0.3806006539312036
113.07683073229292 0.3806752040931333
113.17286914765907 0.3807493912873867
113.26890756302521 0.3808233265599908
113.36494597839136 0.3808972436451209
113.46098439375751 0.3809712112461912
113.55702280912365 0.38104506600494453
113.6530612244898 0.38111860258160574
113.74909963985594 0.38119177443124985
113.8451380552221 0.38126467545583803
113.94117647058825 0.3813374173324068
114.03721488595438 0.381410096420975
114.13325330132054 0.381482807514123
114.22929171668667 0.38155565909283445
114.32533013205283 0.3816287488942326
114.42136854741898 0.3817020469561494
114.51740696278512 0.381775366225144
114.61344537815127 0.3818485017136477
114.7094837935174 0.38192139268405306
114.80552220888356 0.3819941147027981
114.90156062424971 0.38206679555081496
114.99759903961585 0.3821395873919903
115.093637454982 0.38221259547832925
115.18967587034814 0.38228579087378717
115.28571428571429 0.3823590295159616
115.38175270108043 0.3824321791026722
115.47779111644658 0.3825051601238958
115.57382953181273 0.38257794371898335
115.66986794717887 0.3826505488873603
115.76590636254502 0.3827230289980177
115.86194477791116 0.38279539850447847
115.95798319327731 0.3828676093115427
116.05402160864347 0.3829396125256418
116.1500600240096 0.38301144195565684
116.24609843937576 0.38308319774513927
116.3421368547419 0.383154916331806
116.43817527010805 0.3832265252791779
116.5342136854742 0.38329793169177756
116.63025210084034 0.3833691479222248
116.72629051620649 0.38344028401589203
116.82232893157263 0.3835114416796469
116.91836734693878 0.3835826734676735
117.01440576230493 0.38365396362692034
117.11044417767107 0.38372519962213486
117.20648259303722 0.38379619377004826
117.30252100840336 0.3838668404176613
117.39855942376951 0.38393717802573335
117.49459783913566 0.3840073127186208
117.5906362545018 0.38407729793774953
117.68667466986795 0.38414713402854533
117.78271308523409 0.3842168387225677
117.87875150060025 0.38428647651919007
117.9747899159664 0.3843561184068467
118.07082833133254 0.3844257751516049
118.16686674669869 0.38449539999883664
118.26290516206483 0.38456495486227343
118.35894357743098 0.38463443970444117
118.45498199279713 0.3847038701699688
118.55102040816327 0.3847732384710214
118.64705882352942 0.3848425125088927
118.74309723889556 0.38491165972526803
118.83913565426171 0.384980658473703
118.93517406962786 0.3850495089796673
119.031212484994 0.38511825325691534
119.12725090036015 0.3851869690884324
119.22328931572629 0.38525570196702374
119.31932773109244 0.38532443152912355
119.4153661464586 0.3853931055123598
119.51140456182473 0.38546170562312965
119.60744297719089 0.3855302494889283
119.70348139255702 0.38559874139450545
119.79951980792318 0.3856671466788377
119.89555822328931 0.38573542056021937
119.99159663865547 0.3858035670524908
120.08763505402162 0.3858716423020017
120.18367346938776 0.38593971854921943
120.27971188475391 0.38600786409747323
120.37575030012005 0.38607611498180455
120.4717887154862 0.38614441489448986
120.56782713085235 0.3862126193840615
120.66386554621849 0.3862806166414026
120.75990396158464 0.3863483974522332
120.85594237695078 0.3864160231763444
120.95198079231693 0.38648355166538517
121.04801920768308 0.3865510252155619
121.14405762304922 0.3866184498894561
121.24009603841537 0.38668578295979406
121.33613445378151 0.38675295376240176
121.43217286914766 0.3868199136580181
121.52821128451382 0.3868866414382797
121.62424969987995 0.38695312191820247
121.7202881152461 0.3870193322382202
121.81632653061224 0.3870852597811633
121.9123649459784 0.38715094761840446
122.00840336134455 0.38721649581878487
122.10444177671069 0.38728199085523235
122.20048019207684 0.3873474579725917
122.29651860744298 0.3874128768282206
122.39255702280913 0.38747822523627545
122.48859543817528 0.38754348276185757
122.58463385354142 0.3876085835783486
122.68067226890757 0.38767338308561633
122.77671068427371 0.38773772078565427
122.87274909963986 0.3878015978132389
122.96878751500601 0.387865194720763
123.06482593037215 0.3879286860402971
123.1608643457383 0.3879921019952707
123.25690276110444 0.3880553662127019
123.3529411764706 0.38811841676468783
123.44897959183675 0.3881812292349195
123.54501800720288 0.38824382993448153
123.64105642256904 0.38830630624798435
123.73709483793517 0.3883687724914181
123.83313325330133 0.38843126262499034
123.92917166866746 0.3884937158204999
124.02521008403362 0.3885560830951818
124.12124849939977 0.3886184151153265
124.21728691476591 0.38868081872797644
124.31332533013206 0.388743305088985
124.4093637454982 0.3888057650025064
124.50540216086435 0.3888680872884723
124.6014405762305 0.38893026118214546
124.69747899159664 0.38899236249523994
124.79351740696279 0.38905449356798316
124.88955582232893 0.3891167657952596
124.98559423769508 0.38917921379334314
125.08163265306123 0.3892417173985179
125.17767106842737 0.3893040515083326
125.27370948379352 0.3893660803278315
125.36974789915966 0.38942780004752275
125.46578631452581 0.3894892946615173
125.56182472989197 0.389550693796446
125.6578631452581 0.389612141528622
125.75390156062426 0.3896736813271176
125.8499399759904 0.3897352316471759
125.94597839135655 0.38979667044445176
126.0420168067227 0.3898579199052266
126.13805522208884 0.3899189517342177
126.23409363745499 0.389979793664814
126.33013205282113 0.3900405282834676
126.42617046818728 0.3901012205727716
126.52220888355343 0.39016184161344913
126.61824729891957 0.39022229364562633
126.71428571428572 0.39028253541949853
126.81032412965186 0.39034261453862595
126.90636254501801 0.3904026155025491
127.00240096038416 0.3904626022368711
127.0984393757503 0.3905226103116442
127.19447779111646 0.3905826247601302
127.2905162064826 0.3906425755001104
127.38655462184875 0.3907023934836714
127.4825930372149 0.3907620759350169
127.57863145258104 0.39082167494603937
127.67466986794719 0.39088122373394
127.77070828331333 0.39094071586778384
127.86674669867948 0.39100016423167555
127.96278511404563 0.39105967299764705
128.05882352941177 0.3911194017642114
128.1548619447779 0.3911793571903722
128.25090036014404 0.39123933083152873
128.3469387755102 0.39129909169662885
128.44297719087635 0.3913586332258508
128.53901560624251 0.39141813705313366
128.63505402160865 0.3914776853463019
128.7310924369748 0.3915371663872496
128.82713085234093 0.3915964303527235
128.92316926770707 0.391655499353857
129.01920768307323 0.391714547209088
129.11524609843937 0.39177369565541253
129.21128451380554 0.3918329420785809
129.30732292917168 0.3918922138089983
129.4033613445378 0.3919514451674198
129.49939975990398 0.39201058339662753
129.59543817527012 0.3920695891937127
129.69147659063626 0.3921284371972466
129.7875150060024 0.39218713120283316
129.88355342136856 0.39224572681176545
129.9795918367347 0.39230431745851696
130.07563025210084 0.39236293108523
130.171668667467 0.39242149008806887
130.26770708283314 0.3924798992722937
130.36374549819928 0.3925381837232714
130.45978391356545 0.39259647214830357
130.55582232893158 0.39265479803266146
130.65186074429772 0.39271301744632336
130.74789915966386 0.3927709517988675
130.84393757503003 0.39282862339327695
130.93997599039616 0.39288624406155515
131.0360144057623 0.39294396967418255
131.13205282112847 0.39300179128755
131.2280912364946 0.3930595973845015
131.32412965186074 0.3931172825920633
131.42016806722688 0.3931747649975848
131.51620648259305 0.39323203684912045
131.6122448979592 0.3932891877298675
131.70828331332532 0.3933463371419505
131.8043217286915 0.39340351134281787
131.90036014405763 0.3934606444135786
131.99639855942377 0.39351769611635856
132.09243697478993 0.393574709961511
132.18847539015607 0.3936317709443209
132.2845138055222 0.3936889236152714
132.38055222088835 0.3937461615544088
132.4765906362545 0.39380341640374666
132.57262905162065 0.39386055258141295
132.6686674669868 0.3939174302381378
132.76470588235296 0.39397403261365066
132.8607442977191 0.3940304686797762
132.95678271308523 0.39408685301705104
133.0528211284514 0.3941432398622516
133.14885954381754 0.39419963581751627
133.24489795918367 0.3942560283851474
133.3409363745498 0.3943123906165308
133.43697478991598 0.3943686911233726
133.53301320528212 0.3944248998793759
133.62905162064826 0.394480990627439
133.72509003601442 0.39453694612342394
133.82112845138056 0.3945927594332975
133.9171668667467 0.39464844017551015
134.01320528211286 0.3947040182731379
134.109243697479 0.3947595302756556
134.20528211284514 0.39481498685465927
134.30132052821128 0.39487037168790373
134.39735894357744 0.3949256827533765
134.49339735894358 0.3949809586849348
134.58943577430972 0.395036249729598
134.6854741896759 0.3950915441513109
134.78151260504202 0.39514676348628514
134.87755102040816 0.3952018434065419
134.97358943577433 0.3952567881325113
135.06962785114047 0.3953116637408206
135.1656662665066 0.3953665778316563
135.26170468187274 0.39542166781978044
135.3577430972389 0.3954769898152565
135.45378151260505 0.395532440082754
135.54981992797119 0.39558781977037866
135.64585834333735 0.39564301967218524
135.7418967587035 0.39569804900794775
135.83793517406963 0.39575299115252954
135.93397358943577 0.3958079706824541
136.03001200480193 0.3958631074536009
136.12605042016807 0.39591838393203405
136.2220888355342 0.39597363287954873
136.31812725090037 0.39602872039019926
136.4141656662665 0.39608368888800033
136.51020408163265 0.39613869443119837
136.60624249699882 0.396193800113121
136.70228091236496 0.3962489417801844
136.7983193277311 0.3963040226231874
136.89435774309723 0.3963589908331229
136.9903961584634 0.3964138332935845
137.08643457382954 0.39646854730362835
137.18247298919567 0.3965231345105786
137.27851140456184 0.39657759600945447
137.37454981992798 0.3966319281166414
137.47058823529412 0.39668612605211256
137.56662665066028 0.3967401972070124
137.66266506602642 0.396794163780032
137.75870348139256 0.39684805805414247
137.8547418967587 0.39690191811748643
137.95078031212486 0.3969557798628944
138.046818727491 0.3970096481703087
138.14285714285714 0.39706349169946237
138.2388955582233 0.39711727265956975
138.33493397358944 0.3971709751385114
138.43097238895558 0.39722460340852694
138.52701080432175 0.3972781709588311
138.62304921968789 0.3973316966694101
138.71908763505402 0.3973851780740285
138.81512605042016 0.39743856463619737
138.91116446578633 0.39749177565586
139.00720288115247 0.39754477869668714
139.1032412965186 0.3975976077053994
139.19927971188477 0.3976503116042443
139.2953181272509 0.39770290032178685
139.39135654261705 0.3977553542238575
139.4873949579832 0.39780767629324815
139.58343337334935 0.39785990497749685
139.6794717887155 0.3979120770826572
139.77551020408163 0.3979641868559574
139.8715486194478 0.39801620199292775
139.96758703481393 0.39806814706770244
140.06362545018007 0.39812012407738595
140.15966386554624 0.3981722070712399
140.25570228091237 0.3982243200971517
140.3517406962785 0.398276276188119
140.44777911164465 0.39832800068847224
140.54381752701082 0.39837959514691834
140.63985594237695 0.39843120056443915
140.7358943577431 0.3984828309680363
140.83193277310926 0.3985343966851229
140.9279711884754 0.398585876409752
141.02400960384153 0.3986373692144691
141.1200480192077 0.3986889696228815
141.21608643457384 0.3987406078605427
141.31212484993998 0.398792078155671
141.40816326530611 0.3988432504353592
141.50420168067228 0.3988941415521474
141.60024009603842 0.398944884778479
141.69627851140456 0.39899568873488606
141.79231692677072 0.39904678389427095
141.88835534213686 0.39909812959483265
141.984393757503 0.3991493157621813
142.08043217286917 0.39919989053325594
142.1764705882353 0.39924982303918943
142.27250900360144 0.3992994664214791
142.36854741896758 0.39934911611645363
142.46458583433375 0.39939884415384713
142.56062424969988 0.39944859170427977
142.65666266506602 0.39949830692876975
142.7527010804322 0.39954795738164334
142.84873949579833 0.39959753802104186
142.94477791116446 0.39964707412149264
143.04081632653063 0.39969660321324046
143.13685474189677 0.3997461468813784
143.2328931572629 0.39979570833579
143.32893157262905 0.39984527255626473
143.4249699879952 0.3998948065948
143.52100840336135 0.3999442767038644
143.6170468187275 0.39999367645028566
143.71308523409365 0.4000430232707505
143.8091236494598 0.4000923140574347
143.90516206482593 0.4001415055991779
144.0012004801921 0.40019053157667933
144.09723889555823 0.4002393320698834
144.19327731092437 0.40028786089263607
144.2893157262905 0.4003361199060945
144.38535414165668 0.40038417482409333
144.48139255702282 0.4004321269025336
144.57743097238895 0.4004800613162844
144.67346938775512 0.40052804037633116
144.76950780312126 0.40057609262978566
144.8655462184874 0.4006242075636921
144.96158463385353 0.4006723463799095
145.0576230492197 0.40072046268805767
145.15366146458584 0.40076850937084135
145.24969987995198 0.40081647854522295
145.34573829531814 0.4008644219820883
145.44177671068428 0.40091239816031526
145.53781512605042 0.40096036522890854
145.63385354141658 0.40100818486093626
145.72989195678272 0.40105577938422476
145.82593037214886 0.40110321744336536
145.921968787515 0.4011506391080408
146.01800720288117 0.40119809501003545
146.1140456182473 0.4012455351092438
146.21008403361344 0.4012929021754002
146.3061224489796 0.40134018560987883
146.40216086434575 0.40138740359635955
146.49819927971188 0.4014345617048271
146.59423769507805 0.4014816496650508
146.6902761104442 0.40152866699788115
146.78631452581033 0.4015756385197713
146.88235294117646 0.40162260151958495
146.97839135654263 0.4016695749890624
147.07442977190877 0.40171655345165136
147.1704681872749 0.40176348711592824
147.26650660264107 0.4018102693379832
147.3625450180072 0.40185678447181433
147.45858343337335 0.40190302746264706
147.55462184873952 0.40194911201454975
147.65066026410565 0.4019951462045677
147.7466986794718 0.4020411490602676
147.84273709483793 0.4020870685142052
147.9387755102041 0.40213283263278404
148.03481392557023 0.4021783642020441
148.13085234093637 0.40222366336568816
148.22689075630254 0.4022688658226913
148.32292917166868 0.402314172337085
148.4189675870348 0.40235964985889755
148.51500600240098 0.40240520790073575
148.61104441776712 0.40245074828559985
148.70708283313326 0.4024962761147988
148.8031212484994 0.4025418488337977
148.89915966386556 0.4025874193489482
148.9951980792317 0.4026328184994476
149.09123649459784 0.4026779235390772
149.187274909964 0.40272278935947603
149.28331332533014 0.4027675919282065
149.37935174069628 0.402812442434081
149.47539015606242 0.40285735387722155
149.57142857142858 0.40290228132643185
149.66746698679472 0.40294715487219385
149.76350540216086 0.4029919004243753
149.85954381752703 0.40303650459932233
149.95558223289316 0.40308102330062817
150.0516206482593 0.40312549854576324
150.14765906362547 0.4031698869522537
150.2436974789916 0.4032140920678593
150.33973589435774 0.40325808432945487
150.43577430972388 0.40330192358677536
150.53181272509005 0.4033456932817973
150.6278511404562 0.40338944099879087
150.72388955582232 0.4034331828325408
150.8199279711885 0.40347692720961775
150.91596638655463 0.40352068004768366
151.01200480192077 0.4035644387109304
151.10804321728693 0.4036081862754029
151.20408163265307 0.4036518936024874
151.3001200480192 0.4036955282519742
151.39615846338535 0.4037390570637609
151.4921968787515 0.40378245586297756
151.58823529411765 0.4038257191309192
151.6842737094838 0.40386885508676434
151.78031212484996 0.40391186381442223
151.8763505402161 0.40395473258898146
151.97238895558223 0.4039974591053813
152.0684273709484 0.4040400757901995
152.16446578631454 0.4040826349452389
152.26050420168067 0.4041251393531812
152.3565426170468 0.40416752548542784
152.45258103241298 0.4042097188781897
152.54861944777912 0.4042516950106044
152.64465786314526 0.4042934716974641
152.74069627851142 0.40433505984234136
152.83673469387756 0.40437645008512313
152.9327731092437 0.404417635924903
153.02881152460984 0.4044586404230198
153.124849939976 0.40449951615785795
153.22088835534214 0.4045403377776636
153.31692677070828 0.4045811980680871
153.41296518607444 0.4046221517805817
153.50900360144058 0.40466314749208143
153.60504201680672 0.40470405226819034
153.7010804321729 0.40474479958974613
153.79711884753902 0.4047854350625168
153.89315726290516 0.4048260528999831
153.9891956782713 0.404866714937539
154.08523409363747 0.4049074469207814
154.1812725090036 0.4049482469469955
154.27731092436974 0.40498908869773304
154.3733493397359 0.40502993713858265
154.46938775510205 0.405070769543335
154.56542617046819 0.4051115789365517
154.66146458583435 0.4051523854578413
154.7575030012005 0.40519323952003355
154.85354141656663 0.4052341791302407
154.94957983193277 0.4052751698093721
155.04561824729893 0.4053161180204448
155.14165666266507 0.40535698091945266
155.2376950780312 0.4053978059434215
155.33373349339738 0.40543863114459544
155.4297719087635 0.405479337606068
155.52581032412965 0.40551968163336694
155.62184873949582 0.4055595807316638
155.71788715486196 0.40559922440524343
155.8139255702281 0.40563887803799986
155.90996398559423 0.40567857730836215
156.0060024009604 0.40571813787537614
156.10204081632654 0.4057574038842048
156.19807923169267 0.4057963519727478
156.29411764705884 0.40583505490651517
156.39015606242498 0.40587362147201433
156.48619447779112 0.4059121715266397
156.58223289315728 0.40595069437180054
156.67827130852342 0.40598898781304177
156.77430972388956 0.4060268111873377
156.8703481392557 0.4060641492723063
156.96638655462186 0.406101207238968
157.062424969988 0.40613816895656496
157.15846338535414 0.4061750846064949
157.2545018007203 0.4062119287296678
157.35054021608644 0.4062487065507099
157.44657863145258 0.4062854596079487
157.54261704681872 0.4063222196891763
157.6386554621849 0.4063589861335683
157.73469387755102 0.4063957249957846
157.83073229291716 0.40643236775960084
157.92677070828333 0.4064688212432015
158.02280912364947 0.4065050559013069
158.1188475390156 0.40654115117898076
158.21488595438177 0.40657723251979994
158.3109243697479 0.4066133440693906
158.40696278511405 0.40664944157500715
158.50300120048018 0.4066854685351387
158.59903961584635 0.4067213978086584
158.6950780312125 0.40675723479307435
158.79111644657863 0.40679302325191546
158.8871548619448 0.4068288399844811
158.98319327731093 0.40686473416754043
159.07923169267707 0.4069006926049165
159.17527010804324 0.4069366649011335
159.27130852340937 0.40697262053395133
159.3673469387755 0.40700855583828144
159.46338535414165 0.40704448615911143
159.55942376950782 0.4070804410085713
159.65546218487395 0.4071164372986909
159.7515006002401 0.4071524165602715
159.84753901560626 0.4071882471857989
159.9435774309724 0.4072238529077327
160.03961584633853 0.4072592943607844
160.1356542617047 0.40729470889539166
160.23169267707084 0.4073301580270662
160.32773109243698 0.4073656121702438
160.42376950780312 0.40740104820784134
160.51980792316928 0.40743651465465375
160.61584633853542 0.4074720824265722
160.71188475390156 0.4075077128375051
160.80792316926772 0.40754324787962143
160.90396158463386 0.40757856254760433
161.0 0.40761367188347875
161.09603841536617 0.4076486835261567
161.1920768307323 0.4076836603949405
161.28811524609844 0.40771860009509675
161.38415366146458 0.40775347621622987
161.48019207683075 0.4077882688598753
161.57623049219688 0.4078229725804244
161.67226890756302 0.40785761747523536
161.7683073229292 0.4078922679754553
161.86434573829533 0.40792694642678007
161.96038415366147 0.4079615737636647
162.0564225690276 0.4079960168320538
162.15246098439377 0.40803023918507214
162.2484993997599 0.40806432310432766
162.34453781512605 0.4080983555303874
162.4405762304922 0.4081323349946328
162.53661464585835 0.40816621083554266
162.6326530612245 0.40820001996086874
162.72869147659065 0.4082339059334891
162.8247298919568 0.4082679641248052
162.92076830732293 0.4083021089810808
163.01680672268907 0.4083361307295034
163.11284513805523 0.4083699057812439
163.20888355342137 0.40840343776298843
163.3049219687875 0.4084367751107791
163.40096038415368 0.40846993686645905
163.49699879951982 0.4085029265396503
163.59303721488595 0.4085357923422902
163.68907563025212 0.4085686376970579
163.78511404561826 0.40860155399353293
163.8811524609844 0.40863455698686524
163.97719087635053 0.40866759900140487
164.0732292917167 0.4087006256812408
164.16926770708284 0.40873359058941533
164.26530612244898 0.4087664759236833
164.36134453781514 0.40879931309653333
164.45738295318128 0.40883216175584147
164.55342136854742 0.4088650204961223
164.64945978391358 0.4088978063654616
164.74549819927972 0.40893041204540775
164.84153661464586 0.4089627655158033
164.937575030012 0.4089948354660757
165.03361344537817 0.40902664257559984
165.1296518607443 0.4090582604224874
165.22569027611044 0.40908975705002903
165.3217286914766 0.4091211309236367
165.41776710684275 0.40915232565398013
165.51380552220888 0.4091833122705996
165.60984393757505 0.40921411186544343
165.7058823529412 0.40924476973595103
165.80192076830733 0.40927532561447366
165.89795918367346 0.4093058099863918
165.99399759903963 0.40933623424540705
166.09003601440577 0.40936658844250284
166.1860744297719 0.4093968653932579
166.28211284513807 0.4094270898341215
166.3781512605042 0.40945730928942625
166.47418967587035 0.409487538330253
166.5702280912365 0.4095177418648039
166.66626650660265 0.40954787567571127
166.7623049219688 0.40957793793888375
166.85834333733493 0.40960795850597254
166.9543817527011 0.4096379226820075
167.05042016806723 0.4096677472890172
167.14645858343337 0.4096973548844153
167.24249699879954 0.409726772882272
167.33853541416568 0.40975612009126366
167.43457382953181 0.4097854896400681
167.53061224489795 0.4098149075709343
167.62665066026412 0.40984434862381514
167.72268907563026 0.40987375845965995
167.8187274909964 0.4099030639314829
167.91476590636256 0.4099322255254573
168.0108043217287 0.40996125671512107
168.10684273709484 0.40999020330500713
168.202881152461 0.4100191129064225
168.29891956782714 0.41004802748270097
168.39495798319328 0.4100769510409169
168.49099639855942 0.41010583759776903
168.58703481392558 0.41013463966208735
168.68307322929172 0.4101633834787317
168.77911164465786 0.41019215441412543
168.87515006002403 0.41022095238369527
168.97118847539016 0.41024963300280276
169.0672268907563 0.41027802959635024
169.16326530612247 0.41030615255154856
169.2593037214886 0.4103341785153375
169.35534213685474 0.4103622381126042
169.45138055222088 0.41039032293619754
169.54741896758705 0.4104183529661402
169.6434573829532 0.41044629297751234
169.73949579831933 0.41047415759908595
169.8355342136855 0.41050196183812926
169.93157262905163 0.41052969822780094
170.02761104441777 0.4105573559196062
170.12364945978393 0.41058495539372286
170.21968787515007 0.41061254532020286
170.3157262905162 0.4106401467760738
170.41176470588235 0.4106677261876915
170.50780312124851 0.4106952326282855
170.60384153661465 0.41072266908157595
170.6998799519808 0.4107500913093594
170.79591836734696 0.4107775281211239
170.8919567827131 0.4108049404965392
170.98799519807923 0.4108322695533214
171.08403361344537 0.4108595332694969
171.18007202881154 0.4108868258715359
171.27611044417768 0.4109142046255132
171.3721488595438 0.4109416284796254
171.46818727490998 0.4109690047358398
171.56422569027612 0.41099628879100153
171.66026410564226 0.41102349196027027
171.75630252100842 0.4110506335124481
171.85234093637456 0.4110777132365265
171.9483793517407 0.4111047220442527
172.04441776710684 0.41113166626057845
172.140456182473 0.411158570255981
172.23649459783914 0.41118546963603486
172.33253301320528 0.4112124070180746
172.42857142857144 0.41123940047258795
172.52460984393758 0.41126636969696634
172.62064825930372 0.411293140175194
172.7166866746699 0.4113196104506721
172.81272509003603 0.41134585798734663
172.90876350540216 0.4113720630860176
173.0048019207683 0.4113983166090853
173.10084033613447 0.41142459845936363
173.1968787515006 0.41145087096840677
173.29291716686674 0.41147714111413913
173.3889555822329 0.4115034342331222
173.48499399759905 0.41152972248152564
173.5810324129652 0.4115559198856846
173.67707082833135 0.41158196810935044
173.7731092436975 0.4116078965347569
173.86914765906363 0.41163379218223783
173.96518607442977 0.41165971342943375
174.06122448979593 0.4116856754332738
174.15726290516207 0.41171165225177747
174.2533013205282 0.4117375784303928
174.34933973589438 0.41176337538362373
174.4453781512605 0.41178902804433815
174.54141656662665 0.4118145929817066
174.63745498199282 0.41184011164695145
174.73349339735896 0.4118655432204538
174.8295318127251 0.4118907964808738
174.92557022809123 0.4119158331674341
175.0216086434574 0.41194068474847195
175.11764705882354 0.41196540304891105
175.21368547418967 0.4119900200876337
175.30972388955584 0.4120145534529127
175.40576230492198 0.41203902756219307
175.50180072028812 0.41206347513926056
175.59783913565425 0.41208788731833723
175.69387755102042 0.41211217100635017
175.78991596638656 0.4121361921169228
175.8859543817527 0.41215992886720354
175.98199279711886 0.4121834959540341
176.078031212485 0.4122069778883804
176.17406962785114 0.41223027937562623
176.2701080432173 0.4122531947515498
176.36614645858344 0.4122756797150037
176.46218487394958 0.41229790421501256
176.55822328931572 0.41232006900267537
176.6542617046819 0.41234223264765096
176.75030012004802 0.412364341418391
176.84633853541416 0.4123863701742261
176.94237695078033 0.412408354074083
177.03841536614647 0.4124303398056072
177.1344537815126 0.41245233728118824
177.23049219687877 0.41247432899091524
177.3265306122449 0.41249631646520235
177.42256902761105 0.4125183298987879
177.51860744297718 0.4125403739295626
177.61464585834335 0.41256237123332595
177.7106842737095 0.4125841917488465
177.80672268907563 0.4126057898496892
177.9027611044418 0.4126272376850832
177.99879951980793 0.412648628214192
178.09483793517407 0.4126699692538889
178.19087635054024 0.41269119926601094
178.28691476590637 0.4127122837981504
178.3829531812725 0.41273324207233625
178.47899159663865 0.4127541211218506
178.57503001200482 0.412774966103976
178.67106842737095 0.41279581358089945
178.7671068427371 0.412816666999777
178.86314525810326 0.4128374903822131
178.9591836734694 0.4128582437957017
179.05522208883554 0.41287892612436705
179.1512605042017 0.41289957216348666
179.24729891956784 0.41292022476954915
179.34333733493398 0.41294092556862233
179.43937575030012 0.4129616992377725
179.53541416566628 0.41298253359824666
179.63145258103242 0.4130033865180154
179.72749099639856 0.41302423015831513
179.82352941176472 0.4130450654036888
179.91956782713086 0.41306590319353265
180.015606242497 0.41308673965746967
180.11164465786314 0.4131075604931933
180.2076830732293 0.4131283759097235
180.30372148859544 0.4131492321363755
180.39975990396158 0.41317016941737944
180.49579831932775 0.4131911632284139
180.59183673469389 0.413212132994415
180.68787515006002 0.41323302160737957
180.7839135654262 0.413253824728071
180.87995198079233 0.41327456266808205
180.97599039615847 0.4132952389628463
181.0720288115246 0.4133158417702353
181.16806722689077 0.4133363742032936
181.2641056422569 0.4133568660163683
181.36014405762305 0.41337735404819687
181.4561824729892 0.41339785193764733
181.55222088835535 0.41341835125617915
181.6482593037215 0.4134388469733188
181.74429771908765 0.41345934786498084
181.8403361344538 0.4134798605696812
181.93637454981993 0.41350036360495984
182.03241296518607 0.413520811644734
182.12845138055224 0.4135411838110524
182.22448979591837 0.4135615046325754
182.3205282112845 0.41358181841503283
182.41656662665068 0.4136021452393316
182.51260504201682 0.4136224794724434
182.60864345738295 0.41364281152241245
182.70468187274912 0.41366313793509213
182.80072028811526 0.4136834606256903
182.8967587034814 0.41370378539478847
182.99279711884753 0.4137241198939066
183.0888355342137 0.4137444582346043
183.18487394957984 0.4137647735699993
183.28091236494598 0.41378503080409157
183.37695078031214 0.4138052107735718
183.47298919567828 0.41382531225111885
183.56902761104442 0.413845345900591
183.66506602641059 0.41386533116061436
183.76110444177672 0.4138852961483985
183.85714285714286 0.4139052775188894
183.953181272509 0.4139253130664583
184.04921968787517 0.4139453731761005
184.1452581032413 0.41396532409929837
184.24129651860744 0.4139850069585741
184.3373349339736 0.41400440461344795
184.43337334933975 0.41402364626250754
184.52941176470588 0.4140428442489395
184.62545018007202 0.4140620010339372
184.7214885954382 0.41408104915611427
184.81752701080433 0.41409994218795454
184.91356542617046 0.41411866734075164
185.00960384153663 0.4141372496483132
185.10564225690277 0.4141557543678441
185.2016806722689 0.41417425685458104
185.29771908763507 0.41419277210838884
185.3937575030012 0.414211251121219
185.48979591836735 0.4142296531767354
185.5858343337335 0.4142479914525462
185.68187274909965 0.414266297011486
185.7779111644658 0.41428452829798645
185.87394957983193 0.4143025663751628
185.9699879951981 0.414320323092812
186.06602641056423 0.41433781293181093
186.16206482593037 0.4143551237639842
186.25810324129654 0.4143723374419487
186.35414165666268 0.41438951661935847
186.45018007202881 0.414406699060387
186.54621848739495 0.4144238936759475
186.64225690276112 0.4144410897300671
186.73829531812726 0.4144582823382882
186.8343337334934 0.4144754759403773
186.93037214885956 0.4144926722371923
187.0264105642257 0.414509861340086
187.12244897959184 0.4145270326074956
187.218487394958 0.4145442066591805
187.31452581032414 0.4145614371652937
187.41056422569028 0.4145787510341676
187.50660264105642 0.4145961022602846
187.60264105642258 0.41461340234907484
187.69867947178872 0.4146306171969824
187.79471788715486 0.41464778220972803
187.89075630252103 0.41466494761936856
187.98679471788716 0.4146821341357126
188.0828331332533 0.41469933553399346
188.17887154861947 0.4147165311800229
188.2749099639856 0.4147336893858634
188.37094837935174 0.41475078186453734
188.46698679471788 0.4147677960459106
188.56302521008405 0.4147847342169045
188.6590636254502 0.4148016092267721
188.75510204081633 0.41481844351246583
188.8511404561825 0.4148352680293054
188.94717887154863 0.4148521212936484
189.04321728691477 0.4148690406620876
189.1392557022809 0.41488603086242914
189.23529411764707 0.41490305846803704
189.3313325330132 0.4149200848848589
189.42737094837935 0.41493709736338447
189.52340936374551 0.4149541044177207
189.61944777911165 0.41497111365497535
189.7154861944778 0.41498812655124084
189.81152460984396 0.41500514039891534
189.9075630252101 0.415022150229596
190.00360144057623 0.41503915170918915
190.09963985594237 0.41505615254679423
190.19567827130854 0.4150731739993943
190.29171668667468 0.41509021677027463
190.3877551020408 0.4151072256401623
190.48379351740698 0.41512411086565604
190.57983193277312 0.41514084704249415
190.67587034813926 0.41515749710781874
190.77190876350542 0.4151741446100104
190.86794717887156 0.4151908199235637
190.9639855942377 0.4152075066512764
191.06002400960384 0.41522418761289437
191.15606242497 0.41524085782511916
191.25210084033614 0.4152575225303997
191.34813925570228 0.41527419494019635
191.44417767106845 0.41529088900684896
191.54021608643458 0.41530758528066747
191.63625450180072 0.4153242226220563
191.7322929171669 0.4153407625066849
191.82833133253303 0.4153572663291341
191.92436974789916 0.4153738620606696
192.0204081632653 0.4153905512925714
192.11644657863147 0.4154071518981133
192.2124849939976 0.41542343951390065
192.30852340936374 0.4154393262564402
192.4045618247299 0.41545485798865694
192.50060024009605 0.41547013792444054
192.5966386554622 0.4154852998158674
192.69267707082835 0.415500458918935
192.7887154861945 0.41551564694717236
192.88475390156063 0.4155308258393089
192.98079231692677 0.41554599194888636
193.07683073229293 0.4155612111600011
193.17286914765907 0.4155765369824261
193.2689075630252 0.41559189626078313
193.36494597839138 0.41560711215396595
193.4609843937575 0.4156220944155934
193.55702280912365 0.41563690894548416
193.6530612244898 0.41565169398336327
193.74909963985596 0.4156665370638311
193.8451380552221 0.4156814672336754
193.94117647058823 0.41569646800406385
194.0372148859544 0.4157114829393455
194.13325330132054 0.41572644382472684
194.22929171668667 0.41574131406463516
194.32533013205284 0.41575609129365515
194.42136854741898 0.41577079992866783
194.51740696278512 0.4157854875836922
194.61344537815125 0.41580019222832837
194.70948379351742 0.4158148889669965
194.80552220888356 0.4158294964057743
194.9015606242497 0.4158439577602623
194.99759903961586 0.4158582762745312
195.093637454982 0.4158724989553799
195.18967587034814 0.4158866885724572
195.2857142857143 0.415900915759853
195.38175270108044 0.41591521938242487
195.47779111644658 0.4159295883689234
195.57382953181272 0.4159439787235248
195.6698679471789 0.41595834423300754
195.76590636254502 0.41597264310766824
195.86194477791116 0.4159868660610627
195.95798319327733 0.41600104969399526
196.05402160864347 0.4160152418783468
196.1500600240096 0.41602943619210925
196.24609843937577 0.416043574296156
196.3421368547419 0.416057629807256
196.43817527010805 0.41607165109898786
196.53421368547419 0.4160857218738844
196.63025210084035 0.41609988202874937
196.7262905162065 0.41611411852355085
196.82232893157263 0.41612836749598975
196.9183673469388 0.41614251572964756
197.01440576230493 0.41615645322793116
197.11044417767107 0.4161701833614104
197.20648259303724 0.41618382388026065
197.30252100840337 0.4161974801663408
197.3985594237695 0.41621117321171064
197.49459783913565 0.41622487092008315
197.59063625450182 0.4162385590845913
197.68667466986795 0.4162522480067722
197.7827130852341 0.4162659422313349
197.87875150060026 0.41627962244424577
197.9747899159664 0.41629325368616743
198.07082833133254 0.41630680504881384
198.16686674669867 0.4163202551538647
198.26290516206484 0.4163336223543406
198.35894357743098 0.41634698363395234
198.45498199279712 0.4163604285420731
198.55102040816328 0.4163739453274963
198.64705882352942 0.4163874142297272
198.74309723889556 0.4164007335930788
198.83913565426172 0.4164139033695791
198.93517406962786 0.4164269896552617
199.031212484994 0.41644002889985365
199.12725090036014 0.41645301515501437
199.2232893157263 0.41646593323235503
199.31932773109244 0.41647878179647524
199.41536614645858 0.4164915674800565
199.51140456182475 0.41650428749682267
199.60744297719089 0.41651692610825974
199.70348139255702 0.41652944647632306
199.7995198079232 0.4165417847294478
199.89555822328933 0.4165538834750594
199.99159663865547 0.41656578903955577
200.0876350540216 0.4165776593128291
200.18367346938777 0.4165896198938685
200.2797118847539 0.41660165341379424
200.37575030012005 0.41661364717663985
200.4717887154862 0.4166255473211071
200.56782713085235 0.41663738256874194
200.6638655462185 0.4166491743212453
200.75990396158466 0.41666086397832747
200.8559423769508 0.4166723513723739
200.95198079231693 0.41668362554728
201.04801920768307 0.4166947856404475
201.14405762304924 0.4167059457780522
201.24009603841537 0.4167171542871294
201.3361344537815 0.41672839876188555
201.43217286914768 0.41673963211908566
201.52821128451382 0.41675078054288683
201.62424969987995 0.4167617886600492
201.72028811524612 0.41677265985099043
201.81632653061226 0.41678344205640655
201.9123649459784 0.4167941714304808
202.00840336134453 0.4168048596289048
202.1044417767107 0.41681549379081295
202.20048019207684 0.41682603652191225
202.29651860744298 0.41683644069314796
202.39255702280914 0.41684670596505424
202.48859543817528 0.4168568903415204
202.58463385354142 0.4168670668009331
202.68067226890756 0.41687728060016876
202.77671068427372 0.41688755159179935
202.87274909963986 0.41689789088114637
202.968787515006 0.4169083048381522
203.06482593037217 0.41691879032330736
203.1608643457383 0.4169293297510474
203.25690276110444 0.41693989328413805
203.3529411764706 0.41695044919143903
203.44897959183675 0.41696096679235783
203.54501800720288 0.4169714211882706
203.64105642256902 0.4169817984013595
203.7370948379352 0.4169920964554588
203.83313325330133 0.4170023290987357
203.92917166866746 0.4170125263611872
204.02521008403363 0.4170227199377299
204.12124849939977 0.4170329265122065
204.2172869147659 0.4170431469110335
204.31332533013207 0.4170533664036251
204.4093637454982 0.4170635552034468
204.50540216086435 0.41707368189791566
204.6014405762305 0.4170837295437817
204.69747899159665 0.4170936967141966
204.7935174069628 0.41710359799136715
204.88955582232893 0.4171134637279073
204.9855942376951 0.4171233257371422
205.08163265306123 0.41713319927528375
205.17767106842737 0.41714308311615717
205.27370948379354 0.4171529661174795
205.36974789915968 0.4171628293534285
205.46578631452581 0.4171726436274495
205.56182472989195 0.41718236617957005
205.65786314525812 0.417191949276842
205.75390156062426 0.41720139035007175
205.8499399759904 0.41721074870101366
205.94597839135656 0.4172201004040372
206.0420168067227 0.4172294755719583
206.13805522208884 0.41723886076372246
206.234093637455 0.4172482414242875
206.33013205282114 0.41725761753261636
206.42617046818728 0.41726699474487244
206.52220888355342 0.41727637141042345
206.61824729891958 0.4172857402615018
206.71428571428572 0.4172951057897237
206.81032412965186 0.41730449054506713
206.90636254501803 0.41731390358758835
207.00240096038416 0.41732329198323026
207.0984393757503 0.4173325543374527
207.19447779111644 0.41734166048607096
207.2905162064826 0.41735069963687255
207.38655462184875 0.4173597762332626
207.48259303721488 0.4173688414055218
207.57863145258105 0.4173777082526465
207.6746698679472 0.41738627215829655
207.77070828331333 0.4173946059598945
207.8667466986795 0.4174028594710913
207.96278511404563 0.41741108797621157
208.05882352941177 0.41741925111234174
208.1548619447779 0.4174273318001297
208.25090036014407 0.4174353905631092
208.3469387755102 0.4174435134507154
208.44297719087635 0.4174517183513266
208.53901560624251 0.4174599547111662
208.63505402160865 0.41746818027147864
208.7310924369748 0.41747639812440246
208.82713085234096 0.4174846282460345
208.9231692677071 0.4174928534232771
209.01920768307323 0.4175010208933163
209.11524609843937 0.4175091082690334
209.21128451380554 0.4175171569442085
209.30732292917168 0.4175252245635981
209.4033613445378 0.41753329023246244
209.49939975990398 0.4175412562755895
209.59543817527012 0.4175490673457987
209.69147659063626 0.4175567743006331
209.78751500600242 0.4175644762471175
209.88355342136856 0.4175721981784053
209.9795918367347 0.41757988491701276
210.07563025210084 0.4175874923055829
210.171668667467 0.417595038829047
210.26770708283314 0.4176025768776397
210.36374549819928 0.4176101281785955
210.45978391356545 0.4176176756488859
210.55582232893158 0.4176251681708293
210.65186074429772 0.41763252358698716
210.7478991596639 0.4176396650298803
210.84393757503003 0.4176466051496217
210.93997599039616 0.4176534495685071
211.0360144057623 0.4176603019436282
211.13205282112847 0.41766720433594995
211.2280912364946 0.4176741425740598
211.32412965186074 0.41768106164679425
211.4201680672269 0.4176878741975251
211.51620648259305 0.4176945347701222
211.6122448979592 0.41770108877078305
211.70828331332532 0.4177076305697929
211.8043217286915 0.41771419302409896
211.90036014405763 0.41772073494152356
211.99639855942377 0.4177272062904194
212.09243697478993 0.41773359347869277
212.18847539015607 0.41773990945012685
212.2845138055222 0.41774616418533606
212.38055222088838 0.4177523598135153
212.4765906362545 0.41775849190678116
212.57262905162065 0.4177645504333085
212.6686674669868 0.41777052794407515
212.76470588235296 0.41777644308985207
212.8607442977191 0.41778234180298435
212.95678271308523 0.4177882522435153
213.0528211284514 0.4177941502465223
213.14885954381754 0.4177999824534812
213.24489795918367 0.4178057393895412
213.34093637454984 0.41781146567127675
213.43697478991598 0.41781720153119534
213.53301320528212 0.417822935683265
213.62905162064826 0.4178286207923634
213.72509003601442 0.4178342275504623
213.82112845138056 0.41783975465991885
213.9171668667467 0.41784521376617634
214.01320528211286 0.4178506166962452
214.109243697479 0.41785596963495514
214.20528211284514 0.4178612546868382
214.3013205282113 0.4178664280559325
214.39735894357744 0.41787145945020354
214.49339735894358 0.4178763671371027
214.58943577430972 0.41788120139850593
214.6854741896759 0.4178859806089836
214.78151260504202 0.4178906782423846
214.87755102040816 0.41789525097192237
214.97358943577433 0.41789966492932
215.06962785114047 0.4179039065835098
215.1656662665066 0.417908020314413
215.26170468187277 0.4179121139277004
215.3577430972389 0.41791628252174456
215.45378151260505 0.41792053376098093
215.54981992797119 0.4179248072971463
215.64585834333735 0.41792906562908255
215.7418967587035 0.4179333155056369
215.83793517406963 0.4179375722672986
215.9339735894358 0.41794182308474703
216.03001200480193 0.417946031703309
216.12605042016807 0.4179501658495632
216.2220888355342 0.41795420514932224
216.31812725090037 0.41795815763463146
216.4141656662665 0.41796207761828635
216.51020408163265 0.4179660485499521
216.60624249699882 0.4179701016834717
216.70228091236496 0.41797419531497804
216.7983193277311 0.4179782779533321
216.89435774309726 0.4179823601735346
216.9903961584634 0.4179864917908289
217.08643457382954 0.41799063432599365
217.18247298919567 0.41799462724202124
217.27851140456184 0.41799832549918386
217.37454981992798 0.41800176392180316
217.47058823529412 0.4180051247558621
217.56662665066028 0.41800852501272306
217.66266506602642 0.418011951342965
217.75870348139256 0.4180153275543529
217.85474189675872 0.4180185993993099
217.95078031212486 0.4180217394186271
218.046818727491 0.41802474408029355
218.14285714285714 0.4180276326494321
218.2388955582233 0.41803044007546714
218.33493397358944 0.41803320761116175
218.43097238895558 0.41803597625016425
218.52701080432175 0.4180387531755517
218.62304921968789 0.41804150081679736
218.71908763505402 0.4180441757143423
218.8151260504202 0.4180467824115189
218.91116446578633 0.4180493677501608
219.00720288115247 0.4180519628191883
219.1032412965186 0.4180545619333317
219.19927971188477 0.41805715052213704
219.2953181272509 0.4180597458184905
219.39135654261705 0.41806239244310744
219.4873949579832 0.41806511383783074
219.58343337334935 0.4180678934848639
219.6794717887155 0.4180706903361805
219.77551020408166 0.41807346251854854
219.8715486194478 0.4180761725957119
219.96758703481393 0.4180788095554174
220.06362545018007 0.4180813976150369
220.15966386554624 0.41808397675196707
220.25570228091237 0.4180865712908663
220.3517406962785 0.4180891865712206
220.44777911164468 0.4180918054584797
220.54381752701082 0.4180943871644738
220.63985594237695 0.41809689373053927
220.7358943577431 0.41809933491993084
220.83193277310926 0.4181017633827068
220.9279711884754 0.418104204726926
221.02400960384153 0.41810662579214275
221.1200480192077 0.4181089747523677
221.21608643457384 0.41811125293505014
221.31212484993998 0.41811351315405987
221.40816326530614 0.418115786107653
221.50420168067228 0.4181180450124316
221.60024009603842 0.4181202392131748
221.69627851140456 0.418122357713082
221.79231692677072 0.41812442814588946
221.88835534213686 0.41812644759786816
221.984393757503 0.41812834766652207
222.08043217286917 0.418130043685217
222.1764705882353 0.4181315325810222
222.27250900360144 0.41813289450049246
222.3685474189676 0.4181342023354476
222.46458583433375 0.41813547319845507
222.56062424969988 0.41813668702679263
222.65666266506602 0.41813782629150037
222.7527010804322 0.4181388821094188
222.84873949579833 0.4181398655341006
222.94477791116446 0.41814081383308965
223.04081632653063 0.41814176848878537
223.13685474189677 0.41814272676764813
223.2328931572629 0.4181436410335715
223.32893157262907 0.41814447873639116
223.4249699879952 0.41814525804480873
223.52100840336135 0.41814602612474006
223.6170468187275 0.4181468077933519
223.71308523409365 0.4181476000549353
223.8091236494598 0.4181483919238514
223.90516206482593 0.418149176846289
224.0012004801921 0.4181499545980177
224.09723889555823 0.41815073544954623
224.19327731092437 0.41815153791882287
224.28931572629054 0.4181523544435554
224.38535414165668 0.4181531288314826
224.48139255702282 0.41815378332176373
224.57743097238895 0.4181542892816729
224.67346938775512 0.4181546755729259
224.76950780312126 0.4181549919511816
224.8655462184874 0.41815528370697846
224.96158463385356 0.4181555826446852
225.0576230492197 0.4181558839424813
225.15366146458584 0.41815614556263664
225.24969987995198 0.4181563337456425
225.34573829531814 0.41815645611347846
225.44177671068428 0.4181565520861998
225.53781512605042 0.41815666322684447
225.63385354141658 0.41815682699063744
225.72989195678272 0.41815706245582335
225.82593037214886 0.4181573594126766
225.92196878751503 0.41815768375087803
226.01800720288117 0.4181579946360284
226.1140456182473 0.4181582493100739
226.21008403361344 0.41815842795888947
226.3061224489796 0.418158553692402
226.40216086434575 0.4181586747276883
226.49819927971188 0.41815880546193684
226.59423769507805 0.41815891647950443
226.6902761104442 0.4181589654648634
226.78631452581033 0.4181589233056258
226.8823529411765 0.41815878234173975
226.97839135654263 0.4181585815533682
227.07442977190877 0.4181584078506819
227.1704681872749 0.4181583204915078
227.26650660264107 0.41815828404285266
227.3625450180072 0.41815820007702614
227.45858343337335 0.41815802914142175
227.55462184873952 0.4181578144901767
227.65066026410565 0.41815760911980987
227.7466986794718 0.4181574077897502
227.84273709483796 0.4181571607599555
227.9387755102041 0.41815683573006424
228.03481392557023 0.4181564317053351
228.13085234093637 0.4181559609153459
228.22689075630254 0.4181554311197835
228.32292917166868 0.41815484385975354
228.4189675870348 0.4181541904075003
228.51500600240098 0.41815345195532455
228.61104441776712 0.41815262874075054
228.70708283313326 0.4181517699827107
228.80312124849942 0.4181509571156471
228.89915966386556 0.4181502267905142
228.9951980792317 0.418149551976265
229.09123649459784 0.4181488826767632
229.187274909964 0.41814818988888025
229.28331332533014 0.4181474602879101
229.37935174069628 0.41814666252620447
229.47539015606245 0.4181457395274797
229.57142857142858 0.41814465973534715
229.66746698679472 0.41814347523063816
229.76350540216086 0.41814229431049676
229.85954381752703 0.41814113616572063
229.95558223289316 0.41813989127630813
230.0516206482593 0.418138435866203
230.14765906362547 0.41813676825713597
230.2436974789916 0.41813498980967867
230.33973589435774 0.4181331688648207
230.4357743097239 0.418131299488567
230.53181272509005 0.4181293539545227
230.6278511404562 0.4181273484463218
230.72388955582232 0.4181253346030291
230.8199279711885 0.4181233323387972
230.91596638655463 0.4181213085491183
231.01200480192077 0.4181192171133242
231.10804321728693 0.4181170515182832
231.20408163265307 0.4181148441488765
231.3001200480192 0.41811264206366555
231.39615846338538 0.41811049784142956
231.4921968787515 0.418108440017774
231.58823529411765 0.4181064322409373
231.6842737094838 0.4181043861349509
231.78031212484996 0.4181022561520866
231.8763505402161 0.41810007366767366
231.97238895558223 0.41809789491109006
232.0684273709484 0.41809572524616273
232.16446578631454 0.4180935214793274
232.26050420168067 0.4180912442647365
232.35654261704684 0.4180888785723126
232.45258103241298 0.4180864327498371
232.54861944777912 0.4180839370190973
232.64465786314526 0.4180814366262679
232.74069627851142 0.4180789466050898
232.83673469387756 0.41807643365526115
232.9327731092437 0.41807385151575366
233.02881152460986 0.4180711978706693
233.124849939976 0.41806851312720866
233.22088835534214 0.41806583501754635
233.3169267707083 0.418063178855036
233.41296518607444 0.41806053780105057
233.50900360144058 0.41805788345168327
233.60504201680672 0.4180551714890351
233.7010804321729 0.4180523841284872
233.79711884753902 0.418049549268008
233.89315726290516 0.4180467122880275
233.98919567827133 0.4180438857390729
234.08523409363747 0.4180410504366401
234.1812725090036 0.4180382060721332
234.27731092436974 0.41803539531298084
234.3733493397359 0.41803266604389383
234.46938775510205 0.41803000041380334
234.56542617046819 0.4180273168299849
234.66146458583435 0.41802455391315513
234.7575030012005 0.41802171309712144
234.85354141656663 0.4180188416403791
234.9495798319328 0.4180159984877782
235.04561824729893 0.41801324353464847
235.14165666266507 0.41801057596465013
235.2376950780312 0.41800790161048307
235.33373349339738 0.41800509639015215
235.4297719087635 0.4180021386233708
235.52581032412965 0.4179991139600531
235.62184873949582 0.4179961029952638
235.71788715486196 0.4179931180162708
235.8139255702281 0.4179901316207482
235.90996398559426 0.41798714086996
236.0060024009604 0.41798417036304447
236.10204081632654 0.41798121594073173
236.19807923169267 0.41797821143941366
236.29411764705884 0.41797507098242404
236.39015606242498 0.4179717875114813
236.48619447779112 0.4179684387547419
236.58223289315728 0.4179650996731333
236.67827130852342 0.41796178784792043
236.77430972388956 0.4179584820879631
236.87034813925573 0.4179551697051917
236.96638655462186 0.4179518526295003
237.062424969988 0.41794853628567186
237.15846338535414 0.417945222291451
237.2545018007203 0.4179419093699081
237.35054021608644 0.41793859601797
237.44657863145258 0.4179352810584462
237.54261704681875 0.41793196529913434
237.6386554621849 0.41792865267211204
237.73469387755102 0.41792534642399
237.8307322929172 0.41792203873374323
237.92677070828333 0.4179187089105058
238.02280912364947 0.41791532254563796
238.1188475390156 0.41791183091799783
238.21488595438177 0.41790819032689885
238.3109243697479 0.4179044174423964
238.40696278511405 0.4179005936633803
238.5030012004802 0.4178967843505075
238.59903961584635 0.41789297725212926
238.6950780312125 0.41788911109514165
238.79111644657863 0.4178851666897852
238.8871548619448 0.4178811810054816
238.98319327731093 0.41787719835243264
239.07923169267707 0.4178732312666114
239.17527010804324 0.41786926825213566
239.27130852340937 0.4178653020265617
239.3673469387755 0.4178613346561847
239.46338535414168 0.4178573690757031
239.55942376950782 0.4178534019498737
239.65546218487395 0.41784942789483215
239.7515006002401 0.4178454544907922
239.84753901560626 0.41784150342462634
239.9435774309724 0.41783757281696027
240.03961584633853 0.41783360390857377
240.1356542617047 0.4178295076877319
240.23169267707084 0.41782526413135157
240.32773109243698 0.41782094072229903
240.42376950780314 0.4178166189564691
240.51980792316928 0.4178123260757219
240.61584633853542 0.4178080445039153
240.71188475390156 0.4178037572961379
240.80792316926772 0.41779945887607445
240.90396158463386 0.4177951550351342
241.0 0.41779086293157763
