1.0 0.24724
1.0960384153661464 0.24695878628541096
1.1920768307322929 0.24667861384364048
1.2881152460984393 0.24639917403079642
1.3841536614645857 0.246120624563634
1.4801920768307322 0.2458438606002718
1.5762304921968788 0.24556998531171356
1.6722689075630253 0.245299540077348
1.7683073229291717 0.24503248595307506
1.8643457382953181 0.24476846302129707
1.9603841536614646 0.2445068993095063
2.0564225690276112 0.24424740970540962
2.1524609843937577 0.2439904055897187
2.248499399759904 0.24373694831018033
2.3445378151260505 0.24348742383619396
2.440576230492197 0.2432410111801961
2.5366146458583434 0.24299664800940324
2.63265306122449 0.24275458521003912
2.7286914765906363 0.242516276663986
2.8247298919567827 0.24228260147282069
2.920768307322929 0.24205309997094906
3.0168067226890756 0.24182669321403125
3.112845138055222 0.24160290401124915
3.2088835534213684 0.24138194847163086
3.3049219687875153 0.2411645440851913
3.4009603841536618 0.2409518153454092
3.496998799519808 0.24074479065507867
3.5930372148859546 0.24054350735794972
3.689075630252101 0.2403470574995883
3.7851140456182475 0.240154690704391
3.881152460984394 0.23996634445182918
3.9771908763505404 0.23978229126064585
4.073229291716687 0.23960247159541387
4.169267707082833 0.23942647020014438
4.26530612244898 0.2392539400065532
4.3613445378151265 0.23908482037628642
4.4573829531812725 0.23891961880266052
4.5534213685474185 0.2387599649591315
4.649459783913565 0.23860839041331267
4.745498199279712 0.23846572456086687
4.841536614645858 0.2383297078050492
4.937575030012005 0.23819659449155786
5.033613445378151 0.23806451239384716
5.129651860744298 0.23793387870682658
5.225690276110444 0.23780739642913365
5.321728691476591 0.2376900372201573
5.417767106842737 0.23758639499467302
5.513805522208884 0.23749488134080643
5.609843937575031 0.23740770935845323
5.705882352941177 0.23731870513407977
5.8019207683073235 0.23722794677269757
5.8979591836734695 0.23713926986198713
5.993997599039616 0.23705436233239038
6.090036014405762 0.23697217968437156
6.186074429771909 0.23689168852201675
6.282112845138055 0.23681358245536446
6.378151260504202 0.2367396233155311
6.474189675870348 0.236670971556887
6.570228091236495 0.23660796466100184
6.666266506602641 0.23655044739371192
6.762304921968788 0.23649799034830424
6.858343337334934 0.23645028709286744
6.954381752701081 0.23640816728302577
7.050420168067227 0.2363735413803529
7.146458583433374 0.23634663520956384
7.2424969987995205 0.23632407785323772
7.3385354141656665 0.2363009231544957
7.434573829531813 0.2362762498657479
7.530612244897959 0.23625376579802562
7.626650660264106 0.23623716802928496
7.722689075630252 0.23622676572283335
7.818727490996399 0.23622076751738194
7.914765906362545 0.23621919625554832
8.010804321728692 0.23622434877812926
8.106842737094837 0.2362372621887384
8.202881152460986 0.23625501007223285
8.29891956782713 0.2362726656709425
8.394957983193278 0.2362894697527331
8.490996398559425 0.2363097113343284
8.58703481392557 0.23633817779595048
8.683073229291717 0.23637649498891733
8.779111644657863 0.23642358014463963
8.87515006002401 0.23647742573995226
8.971188475390157 0.23653550572205603
9.067226890756302 0.23659562562599817
9.16326530612245 0.236656641488655
9.259303721488596 0.23671854294447642
9.355342136854743 0.2367826587733935
9.451380552220888 0.23685158810038742
9.547418967587035 0.23692709246686378
9.643457382953182 0.2370082232514027
9.739495798319329 0.23709215158674793
9.835534213685474 0.23717738396308258
9.93157262905162 0.23726441025225467
10.027611044417768 0.23735419808193564
10.123649459783914 0.23744678761886653
10.219687875150061 0.23754173729831043
10.315726290516206 0.23764002259313993
10.411764705882353 0.23774436091092896
10.5078031212485 0.23785640366605118
10.603841536614647 0.2379739829091597
10.699879951980792 0.23809225015432733
10.795918367346939 0.23820872600325188
10.891956782713086 0.23832447994335593
10.987995198079233 0.23844192984159462
11.084033613445378 0.23856257529949024
11.180072028811525 0.23868712403424688
11.276110444177672 0.23881647265966344
11.372148859543818 0.23895191329135776
11.468187274909964 0.23909368529701897
11.56422569027611 0.2392394079735293
11.660264105642257 0.239385075138083
11.756302521008404 0.23952989319406648
11.852340936374551 0.23967752271114232
11.948379351740696 0.23983249957817493
12.044417767106843 0.23999616636591148
12.14045618247299 0.24016684921655426
12.236494597839137 0.24034176013689734
12.332533013205282 0.24051761078649234
12.428571428571429 0.24069217381465136
12.524609843937576 0.24086614795056088
12.620648259303723 0.24104261619217723
12.716686674669868 0.24122374814062547
12.812725090036015 0.24140978704155036
12.908763505402161 0.24159999098786983
13.004801920768308 0.2417938149769109
13.100840336134453 0.2419909798948693
13.1968787515006 0.24219144008608842
13.292917166866747 0.242395365156916
13.388955582232894 0.24260283508792135
13.484993997599041 0.2428134380607592
13.581032412965186 0.24302636759034113
13.677070828331333 0.24324113082404736
13.77310924369748 0.24345778912869723
13.869147659063627 0.2436765575496495
13.965186074429772 0.24389724896929713
14.061224489795919 0.24411941188920105
14.157262905162066 0.2443434046318009
14.253301320528212 0.2445707675174563
14.349339735894358 0.2448028099439563
14.445378151260504 0.24503855002930805
14.541416566626651 0.24527521144948866
14.637454981992798 0.24551243550136206
14.733493397358943 0.2457538748984991
14.82953181272509 0.2460036579400574
14.925570228091237 0.24626096271734838
15.021608643457384 0.24652056035163955
15.11764705882353 0.2467796239946383
15.213685474189676 0.24704050521507384
15.309723889555823 0.24730771871717483
15.40576230492197 0.24758306433949814
15.501800720288117 0.2478653667390804
15.597839135654262 0.24815180416452368
15.693877551020408 0.248438507334416
15.789915966386555 0.24872215009690024
15.885954381752702 0.24900264324699545
15.981992797118847 0.24928290617737325
16.078031212484994 0.24956510490094785
16.17406962785114 0.24984893051948115
16.270108043217288 0.2501326269843402
16.366146458583433 0.2504148441795202
16.46218487394958 0.2506949430139159
16.558223289315727 0.25097390786232404
16.654261704681872 0.2512547756558155
16.75030012004802 0.2515410096391083
16.846338535414166 0.2518334379290179
16.942376950780314 0.2521301696175367
17.03841536614646 0.25242881316360166
17.134453781512605 0.2527276107636945
17.230492196878753 0.2530255770178904
17.3265306122449 0.2533227538584433
17.422569027611043 0.25362015447713726
17.518607442977192 0.253918959070434
17.614645858343337 0.25422008144823205
17.710684273709486 0.2545240562831526
17.80672268907563 0.2548308135749055
17.902761104441776 0.25513969817451043
17.998799519807925 0.25544994621446077
18.09483793517407 0.25576095464948945
18.19087635054022 0.2560722293939609
18.286914765906364 0.2563832644151573
18.38295318127251 0.2566935987969204
18.478991596638657 0.25700357997279966
18.575030012004802 0.25731481615501567
18.671068427370948 0.25762935910843127
18.767106842737096 0.257947796418906
18.86314525810324 0.25826901950680375
18.95918367346939 0.25859066662779473
19.055222088835535 0.2589094038163384
19.15126050420168 0.2592223082254614
19.24729891956783 0.25953023534344377
19.343337334933974 0.2598378614128176
19.439375750300123 0.2601480921917384
19.535414165666268 0.2604583807509091
19.631452581032413 0.2607633344255575
19.72749099639856 0.26106160960778313
19.823529411764707 0.26135671336464883
19.91956782713085 0.2616531597744456
20.015606242497 0.26195380551918446
20.111644657863145 0.26225933132805324
20.207683073229294 0.2625669832107447
20.30372148859544 0.2628707784591544
20.399759903961584 0.2631673303822648
20.495798319327733 0.2634600908484969
20.591836734693878 0.26375649863151834
20.687875150060023 0.26405949873245566
20.78391356542617 0.2643663274843478
20.879951980792317 0.26467302352773747
20.975990396158466 0.26497788091037705
21.07202881152461 0.26528102803140685
21.168067226890756 0.2655828769773815
21.264105642256904 0.2658838438087805
21.36014405762305 0.26618455460753754
21.456182472989198 0.2664860112863666
21.552220888355343 0.26678948536607294
21.64825930372149 0.2670961610702894
21.744297719087637 0.2674070358679209
21.840336134453782 0.26772243884031366
21.936374549819927 0.26804162340320975
22.032412965186076 0.26836332178673844
22.12845138055222 0.2686876720375104
22.22448979591837 0.26901652187493535
22.320528211284515 0.26935143724583205
22.41656662665066 0.26969193376355644
22.51260504201681 0.27003603024186207
22.608643457382954 0.2703824632655608
22.704681872749102 0.27073112114341713
22.800720288115247 0.2710817486926773
22.896758703481392 0.2714327387918158
22.99279711884754 0.2717817396285386
23.088835534213686 0.27212814002833585
23.18487394957983 0.27247360139811017
23.28091236494598 0.27282071389902113
23.376950780312125 0.2731716796599675
23.472989195678274 0.27352801328146364
23.56902761104442 0.2738895636308415
23.665066026410564 0.2742543142436643
23.761104441776713 0.2746195643059769
23.857142857142858 0.2749831444354261
23.953181272509003 0.27534373976343546
24.04921968787515 0.2757020213952608
24.145258103241297 0.2760608601420476
24.241296518607445 0.2764229398576527
24.33733493397359 0.276788177172664
24.433373349339735 0.2771542786330771
24.529411764705884 0.2775198406511506
24.62545018007203 0.2778851736081057
24.721488595438178 0.27825088059711717
24.817527010804323 0.2786162431607723
24.913565426170468 0.278979677066349
25.009603841536617 0.2793413237561352
25.10564225690276 0.2797037668676131
25.201680672268907 0.2800702075663073
25.297719087635056 0.2804422874720764
25.3937575030012 0.280820197357839
25.48979591836735 0.28120387786831763
25.585834333733494 0.2815933763163431
25.68187274909964 0.28198812278559127
25.777911164465788 0.2823860228338549
25.873949579831933 0.28278393017723996
25.969987995198082 0.2831804865366125
26.066026410564227 0.28357702961994485
26.162064825930372 0.2839760406759616
26.25810324129652 0.2843790977849766
26.354141656662666 0.2847866205569267
26.45018007202881 0.2851972259378324
26.54621848739496 0.2856075552758157
26.642256902761105 0.28601479756334053
26.738295318127253 0.2864201825724214
26.8343337334934 0.2868283397718126
26.930372148859544 0.28724188586666
27.026410564225692 0.2876594552165873
27.122448979591837 0.28807776831369253
27.218487394957986 0.2884946488912143
27.31452581032413 0.28890927429925345
27.410564225690276 0.28932224272540213
27.506602641056425 0.28973557776408543
27.60264105642257 0.29015135054300356
27.698679471788715 0.29056957162912345
27.794717887154864 0.29098840375570495
27.89075630252101 0.2914068166227088
27.986794717887157 0.2918256641418665
28.082833133253303 0.2922463195870689
28.178871548619448 0.2926684734132382
28.274909963985596 0.29309041060930613
28.37094837935174 0.29351243456096815
28.466986794717887 0.29393832233912537
28.563025210084035 0.29437231436504496
28.65906362545018 0.2948140085816747
28.75510204081633 0.29525864254139955
28.851140456182474 0.29570304461365304
28.94717887154862 0.29614834807941404
29.043217286914768 0.2965980030173145
29.139255702280913 0.2970542050209283
29.23529411764706 0.2975175432380319
29.331332533013207 0.2979871520180674
29.42737094837935 0.29846079077552545
29.5234093637455 0.2989357687338725
29.619447779111646 0.29941067937490273
29.71548619447779 0.29988546889275186
29.81152460984394 0.3003603622703725
29.907563025210084 0.30083532085725534
30.003601440576233 0.30131066841338416
30.099639855942378 0.30178833465457655
30.195678271308523 0.30227172625630194
30.291716686674672 0.3027631846440842
30.387755102040817 0.303262620018884
30.483793517406966 0.30376763711675997
30.57983193277311 0.3042738309833319
30.675870348139256 0.30477530954227894
30.771908763505404 0.305269473132596
30.86794717887155 0.3057597052042915
30.963985594237695 0.3062522607075182
31.060024009603843 0.3067493695257145
31.15606242496999 0.30724872150029786
31.252100840336137 0.3077477074886007
31.348139255702282 0.30824593825402136
31.444177671068427 0.30874432711412675
31.540216086434576 0.3092428886825157
31.63625450180072 0.3097405491819151
31.732292917166866 0.31023650374232736
31.828331332533015 0.3107310654103058
31.92436974789916 0.31122546008731594
32.02040816326531 0.31172129155623823
32.116446578631454 0.31222033699391166
32.2124849939976 0.3127230548185063
32.308523409363744 0.31322760497089597
32.404561824729896 0.3137313948241012
32.50060024009604 0.31423510158473117
32.596638655462186 0.3147429426465995
32.69267707082833 0.3152579011093172
32.78871548619448 0.3157784239322325
32.88475390156063 0.3162999682716612
32.98079231692677 0.3168193917582433
33.07683073229292 0.3173356529065543
33.172869147659064 0.3178492573980178
33.26890756302521 0.31836185609124273
33.36494597839136 0.3188757848565673
33.460984393757506 0.3193927677268671
33.55702280912365 0.3199136908921066
33.6530612244898 0.32043869389865703
33.74909963985594 0.32096723886587314
33.84513805522209 0.3214982328399475
33.94117647058824 0.32203039642545417
34.037214885954384 0.3225623745972416
34.13325330132053 0.32309339963862993
34.229291716686674 0.3236238237667286
34.32533013205282 0.32415474581501186
34.42136854741897 0.32468676359395515
34.51740696278512 0.32521973599768705
34.61344537815126 0.325752994445059
34.70948379351741 0.32628552107845016
34.80552220888355 0.3268162931454626
34.901560624249704 0.32734542979833975
34.99759903961585 0.3278743378177277
35.093637454981994 0.32840386956402057
35.18967587034814 0.32893269040343215
35.285714285714285 0.32945808323639325
35.38175270108044 0.3299790392594815
35.47779111644658 0.330496876979021
35.57382953181273 0.3310137118265322
35.66986794717887 0.331531031853463
35.76590636254502 0.33204955932394425
35.86194477791116 0.3325689366123829
35.957983193277315 0.3330877265749922
36.05402160864346 0.3336051017352756
36.150060024009605 0.3341224956113379
36.24609843937575 0.3346427965775229
36.342136854741895 0.33516683260148605
36.43817527010805 0.33569258379837674
36.53421368547419 0.3362175046231504
36.63025210084034 0.3367409083087645
36.72629051620648 0.3372635807343495
36.82232893157263 0.33778567287988687
36.91836734693878 0.33830618502505144
37.014405762304925 0.3388241172527317
37.11044417767107 0.3393397101530916
37.206482593037215 0.33985438848685595
37.30252100840336 0.34037022328691474
37.39855942376951 0.34088973544493756
37.49459783913566 0.3414145399826977
37.5906362545018 0.3419438107808831
37.68667466986795 0.34247483717372446
37.78271308523409 0.34300607454518645
37.878751500600245 0.3435380159235618
37.97478991596639 0.34407207760011105
38.070828331332535 0.3446092724785037
38.16686674669868 0.345149876570239
38.262905162064826 0.34569214794178155
38.35894357743097 0.3462320085166613
38.45498199279712 0.3467661330462443
38.55102040816327 0.3472958103712211
38.64705882352941 0.34782598756103766
38.74309723889556 0.34835885670131495
38.8391356542617 0.3488918184568945
38.935174069627855 0.34942115606909063
39.031212484994 0.3499468635112376
39.127250900360146 0.3504722604344934
39.22328931572629 0.35099994472125595
39.319327731092436 0.35153039354131527
39.41536614645859 0.3520627974247427
39.51140456182473 0.3525962146737391
39.60744297719088 0.3531298321536822
39.70348139255702 0.35366401891134275
39.79951980792317 0.3542006867047105
39.89555822328932 0.3547417453204577
39.991596638655466 0.3552868608528002
40.08763505402161 0.3558334901401189
40.183673469387756 0.3563782363945542
40.2797118847539 0.356917408447438
40.375750300120046 0.3574488180177461
40.4717887154862 0.35797451670624625
40.56782713085234 0.35850002917934
40.66386554621849 0.3590276208883952
40.759903961584634 0.3595535919013329
40.85594237695078 0.3600728490581445
40.95198079231693 0.3605862535241531
41.048019207683076 0.36110011708042516
41.14405762304922 0.36161784332943225
41.240096038415366 0.3621363478416905
41.33613445378151 0.36265005442940096
41.432172869147664 0.3631576640447344
41.52821128451381 0.3636622080669029
41.624249699879954 0.3641664772746847
41.7202881152461 0.3646709405518551
41.816326530612244 0.3651747162488063
41.912364945978396 0.3656773172071321
42.00840336134454 0.36617885027529773
42.104441776710686 0.36668017490775856
42.20048019207683 0.3671829730790569
42.29651860744298 0.3676889742560709
42.39255702280912 0.36819850696561196
42.488595438175274 0.36871044787487406
42.58463385354142 0.3692231613722504
42.680672268907564 0.36973497867032545
42.77671068427371 0.3702444925881405
42.872749099639854 0.37075112936685484
42.96878751500601 0.37125517826574417
43.06482593037215 0.3717574412024688
43.1608643457383 0.3722590439544746
43.25690276110444 0.3727611483612778
43.35294117647059 0.3732643598262112
43.44897959183674 0.3737686345416751
43.545018007202884 0.37427310138816544
43.64105642256903 0.37477596531336893
43.737094837935174 0.3752753471414453
43.83313325330132 0.37577111906763316
43.92917166866747 0.3762649469699372
44.02521008403362 0.3767581936852406
44.12124849939976 0.3772506796779226
44.21728691476591 0.3777414034375027
44.31332533013205 0.3782302380768577
44.409363745498204 0.37871804284710314
44.50540216086435 0.3792052530633545
44.601440576230495 0.3796910043847237
44.69747899159664 0.3801741468396101
44.793517406962785 0.38065573776885103
44.88955582232893 0.3811391235182967
44.98559423769508 0.3816264796834512
45.08163265306123 0.3821165469236143
45.17767106842737 0.3826061352628639
45.27370948379352 0.3830940807196739
45.36974789915966 0.3835816493433048
45.465786314525815 0.38406970725132833
45.56182472989196 0.3845567732098087
45.657863145258105 0.38504045263537184
45.75390156062425 0.38552141861231587
45.849939975990395 0.3860037757129847
45.94597839135655 0.38649088742550863
46.04201680672269 0.38698235599470676
46.13805522208884 0.387475305835951
46.23409363745498 0.3879682454428695
46.33013205282113 0.38846163031162223
46.42617046818728 0.38895605557512414
46.522208883553425 0.38945088107169085
46.61824729891957 0.3899447828589046
46.714285714285715 0.39043752173598034
46.81032412965186 0.39093018835663124
46.906362545018006 0.39142380751618633
47.00240096038416 0.3919182223783918
47.0984393757503 0.39241269687571395
47.19447779111645 0.39290793629795273
47.29051620648259 0.39340632007975446
47.38655462184874 0.3939089872060204
47.48259303721489 0.3944133877239233
47.578631452581035 0.3949148166609474
47.67466986794718 0.39541184600387463
47.770708283313326 0.3959072534108104
47.86674669867947 0.3964039838321875
47.96278511404562 0.396901586105194
48.05882352941177 0.39739735098028556
48.15486194477791 0.39789080983968467
48.25090036014406 0.3983846035652089
48.3469387755102 0.39888176241253887
48.442977190876356 0.39938318496749603
48.5390156062425 0.39988808537418763
48.635054021608646 0.400396044445358
48.73109243697479 0.4009074483857361
48.827130852340936 0.40142250745032354
48.92316926770709 0.40194030051288415
49.01920768307323 0.40245916695795425
49.11524609843938 0.4029784308228624
49.21128451380552 0.4034987625939188
49.30732292917167 0.4040205254641237
49.403361344537814 0.4045420841991807
49.499399759903966 0.4050603759246209
49.59543817527011 0.40557364874330487
49.691476590636256 0.40608215697068006
49.7875150060024 0.406587407919677
49.883553421368546 0.40709135267076935
49.9795918367347 0.40759598399176356
50.075630252100844 0.40810171858770833
50.17166866746699 0.4086070074946142
50.267707082833134 0.4091101665449599
50.36374549819928 0.4096114412887009
50.45978391356543 0.4101126547646719
50.555822328931576 0.41061501322546945
50.65186074429772 0.41111847217250513
50.747899159663866 0.4116221885677998
50.84393757503001 0.41212505703908475
50.939975990396164 0.41262595335338853
51.03601440576231 0.41312479718215767
51.132052821128454 0.41362284388220855
51.2280912364946 0.41412124046880117
51.324129651860744 0.41461922803627443
51.42016806722689 0.4151147066982961
51.51620648259304 0.4156078302287612
51.61224489795919 0.41610211150932286
51.70828331332533 0.4166011862550525
51.80432172869148 0.4171045795365304
51.90036014405762 0.4176083420944875
51.996398559423774 0.41811024200781705
52.09243697478992 0.41861152204210067
52.188475390156064 0.4191145435907851
52.28451380552221 0.41961954527822515
52.380552220888354 0.42012486230954554
52.47659063625451 0.4206296399144844
52.57262905162065 0.42113481251595275
52.6686674669868 0.4216420997452753
52.76470588235294 0.4221525533001689
52.86074429771909 0.4226664055017655
52.95678271308524 0.42318283423160785
53.052821128451384 0.42369988650305385
53.14885954381753 0.42421538036044487
53.244897959183675 0.4247282752161192
53.34093637454982 0.4252386100430902
53.43697478991597 0.42574631675015695
53.53301320528212 0.4262507432541414
53.62905162064826 0.4267512747383571
53.72509003601441 0.42724832807259555
53.82112845138055 0.42774328866262923
53.9171668667467 0.42823742433811485
54.01320528211285 0.4287314165047733
54.109243697478995 0.4292254199811759
54.20528211284514 0.4297191671728789
54.301320528211285 0.430212061209266
54.39735894357743 0.4307038052809641
54.49339735894358 0.4311946895387381
54.58943577430973 0.4316855769138424
54.68547418967587 0.43217787485482245
54.78151260504202 0.4326732767501014
54.87755102040816 0.43317171245580494
54.973589435774315 0.43367037811419384
55.06962785114046 0.4341653376157333
55.165666266506605 0.43465451454412873
55.26170468187275 0.4351379085321643
55.357743097238895 0.4356166454302835
55.45378151260505 0.4360924921916665
55.54981992797119 0.4365672030324761
55.64585834333734 0.4370412463879961
55.74189675870348 0.4375138149717565
55.83793517406963 0.43798426673711693
55.93397358943577 0.43845289105772983
56.030012004801925 0.43892068530891243
56.12605042016807 0.4393888784163738
56.222088835534215 0.4398586570977197
56.31812725090036 0.4403290877313995
56.414165666266506 0.44079596353074707
56.51020408163266 0.44125433660074165
56.6062424969988 0.44170404969822347
56.70228091236495 0.44214993572405353
56.79831932773109 0.4425963453069634
56.89435774309724 0.44304392481819055
56.99039615846339 0.44349115946441403
57.086434573829536 0.44393800637558867
57.18247298919568 0.44438616665420977
57.278511404561826 0.444836489231476
57.37454981992797 0.44528736402550195
57.47058823529412 0.44573613730054473
57.56662665066027 0.44618259063914206
57.66266506602641 0.4466291877437088
57.75870348139256 0.44707789001655196
57.8547418967587 0.44752808074711453
57.950780312124856 0.4479776075636388
58.046818727491 0.44842553278430486
58.142857142857146 0.4488724655391975
58.23889555822329 0.4493192897536311
58.334933973589436 0.44976629170156723
58.43097238895558 0.4502132846949987
58.52701080432173 0.450659991189073
58.62304921968788 0.4511061026760778
58.719087635054024 0.45155123048654805
58.81512605042017 0.4519948704441415
58.911164465786314 0.4524365421762891
59.007202881152466 0.45287618705658667
59.10324129651861 0.453314214188143
59.199279711884756 0.45375114242199904
59.2953181272509 0.4541873291228107
59.391356542617046 0.4546230402116345
59.4873949579832 0.45505868073939343
59.583433373349344 0.45549478447294856
59.67947178871549 0.4559311710504026
59.775510204081634 0.4563662749385926
59.87154861944778 0.45679784761331726
59.96758703481393 0.45722524515360524
60.063625450180076 0.45764979078995205
60.15966386554622 0.45807322738133255
60.25570228091237 0.45849642288550163
60.35174069627851 0.4589194937759951
60.44777911164466 0.4593423538824272
60.54381752701081 0.45976484329160144
60.639855942376954 0.46018698805140873
60.7358943577431 0.4606092283966659
60.831932773109244 0.46103220620385965
60.92797118847539 0.46145598322484305
61.02400960384154 0.4618799086926844
61.12004801920769 0.4623034421150623
61.21608643457383 0.4627269127651203
61.31212484993998 0.4631511857280395
61.40816326530612 0.4635763010854441
61.504201680672274 0.46400120530236005
61.60024009603842 0.4644248595398511
61.696278511404564 0.46484731419816105
61.79231692677071 0.46526942157866563
61.888355342136855 0.4656915182693763
61.98439375750301 0.46611314257254877
62.08043217286915 0.4665340940122834
62.1764705882353 0.4669555122159994
62.27250900360144 0.4673792276322172
62.36854741896759 0.46780482941937634
62.46458583433373 0.46822901658777044
62.560624249699885 0.46864877455557735
62.65666266506603 0.46906477265640045
62.752701080432175 0.46948063016692615
62.84873949579832 0.4698989087543745
62.944777911164465 0.47032001529395306
63.04081632653062 0.47074266991918373
63.13685474189676 0.4711644320177071
63.23289315726291 0.47158235232926654
63.32893157262905 0.47199591027815274
63.4249699879952 0.47240779551965195
63.52100840336135 0.4728213012449773
63.617046818727495 0.4732372480105932
63.71308523409364 0.4736542210969079
63.809123649459785 0.47407063900091667
63.90516206482593 0.4744853991663911
64.00120048019208 0.4748979938623526
64.09723889555823 0.47530865346877493
64.19327731092437 0.47571814981623395
64.28931572629051 0.47612671106681237
64.38535414165666 0.4765336868686936
64.48139255702282 0.47693839398797716
64.57743097238895 0.4773412180058696
64.6734693877551 0.47774352480663496
64.76950780312126 0.47814675142449026
64.8655462184874 0.47855208357110934
64.96158463385353 0.47896014355378447
65.05762304921969 0.47937056368626163
65.15366146458584 0.4797821664600369
65.24969987995199 0.4801942148288974
65.34573829531813 0.4806068566110955
65.44177671068428 0.4810204402776232
65.53781512605042 0.481434529571875
65.63385354141657 0.48184800087997925
65.72989195678272 0.4822601348914816
65.82593037214886 0.482671034328066
65.92196878751501 0.48308136172678134
66.01800720288115 0.483491941281973
66.1140456182473 0.4839036669577981
66.21008403361344 0.48431711121331944
66.3061224489796 0.48473236347706444
66.40216086434575 0.4851489202187572
66.49819927971188 0.48556551109686263
66.59423769507804 0.4859803237159709
66.69027611044417 0.48639270131744655
66.78631452581033 0.4868038534265744
66.88235294117648 0.4872153264344578
66.97839135654262 0.4876264402783571
67.07442977190877 0.48803456019024444
67.1704681872749 0.4884389692615464
67.26650660264106 0.48884259804329444
67.36254501800721 0.48924955018257754
67.45858343337335 0.4896607316816273
67.5546218487395 0.4900738661368295
67.65066026410564 0.4904871656810941
67.74669867947179 0.4909010764452646
67.84273709483794 0.4913172071824702
67.93877551020408 0.49173632374153725
68.03481392557023 0.4921582269964953
68.13085234093637 0.49258256374057185
68.22689075630252 0.49300923243758143
68.32292917166868 0.49343804325970286
68.41896758703481 0.49386804896845365
68.51500600240097 0.4942975560651343
68.6110444177671 0.49472492608105667
68.70708283313326 0.4951490028512875
68.80312124849941 0.4955694215539989
68.89915966386555 0.4959872350123158
68.9951980792317 0.4964047652775506
69.09123649459784 0.49682342957870357
69.18727490996399 0.49724253203107455
69.28331332533014 0.4976603992319909
69.37935174069628 0.4980768677311261
69.47539015606243 0.4984934539803534
69.57142857142857 0.4989117557336702
69.66746698679472 0.49933251241984705
69.76350540216087 0.4997555684593295
69.85954381752701 0.5001798175335775
69.95558223289316 0.5006033105572637
70.0516206482593 0.5010245298671183
70.14765906362545 0.50144317640138
70.2436974789916 0.5018599553047804
70.33973589435774 0.5022760311287012
70.4357743097239 0.5026928375875737
70.53181272509003 0.5031107844362369
70.62785114045619 0.5035284188303595
70.72388955582232 0.5039433749644353
70.81992797118848 0.5043548220946794
70.91596638655463 0.5047637365338387
71.01200480192077 0.5051715011120818
71.10804321728692 0.5055789478624282
71.20408163265306 0.5059863532822896
71.30012004801921 0.5063934757639637
71.39615846338536 0.5067996184008846
71.4921968787515 0.5072043961288213
71.58823529411765 0.507608286415388
71.68427370948379 0.5080121515323149
71.78031212484994 0.5084158522823026
71.8763505402161 0.5088181389041461
71.97238895558223 0.509218608260847
72.06842737094838 0.50961918098072
72.16446578631452 0.5100229674881074
72.26050420168067 0.510430768550244
72.35654261704683 0.5108405792602214
72.45258103241297 0.5112500281937215
72.54861944777912 0.5116583125984826
72.64465786314526 0.5120659062398382
72.74069627851141 0.5124734671125226
72.83673469387756 0.5128816039916454
72.9327731092437 0.5132905667216978
73.02881152460985 0.5136999880685043
73.12484993997599 0.5141091550062917
73.22088835534214 0.5145179416046939
73.31692677070829 0.5149269610321433
73.41296518607443 0.5153367833408108
73.50900360144058 0.5157472505160458
73.60504201680672 0.5161578483658703
73.70108043217287 0.5165691024366337
73.79711884753902 0.5169827800246674
73.89315726290516 0.5173997764028786
73.98919567827132 0.5178181704809012
74.08523409363745 0.5182343924320152
74.1812725090036 0.5186478598021803
74.27731092436976 0.5190618851129091
74.3733493397359 0.5194798668864512
74.46938775510205 0.519901609657125
74.56542617046819 0.520324163238723
74.66146458583434 0.520745738480421
74.75750300120049 0.5211666248613431
74.85354141656663 0.5215879973237362
74.94957983193278 0.5220107054444018
75.04561824729892 0.5224350421425727
75.14165666266507 0.5228600025847601
75.23769507803121 0.5232831675370307
75.33373349339736 0.5237027078908609
75.42977190876351 0.5241195212107747
75.52581032412965 0.5245364905007007
75.6218487394958 0.5249547401872612
75.71788715486194 0.5253726790227146
75.8139255702281 0.525788250382585
75.90996398559425 0.526201451616065
76.00600240096038 0.526613937801788
76.10204081632654 0.5270265397204927
76.19807923169267 0.52743857830831
76.29411764705883 0.5278491495424346
76.39015606242498 0.5282586355558637
76.48619447779112 0.528668553037884
76.58223289315727 0.5290803711486816
76.6782713085234 0.5294951326029024
76.77430972388956 0.5299129963126399
76.87034813925571 0.5303326725499894
76.96638655462185 0.5307518169767647
77.062424969988 0.5311692846258589
77.15846338535414 0.5315858363525651
77.25450180072029 0.5320029337734409
77.35054021608644 0.5324211744111584
77.44657863145258 0.5328403212945665
77.54261704681873 0.5332600493835462
77.63865546218487 0.5336801964315819
77.73469387755102 0.534100455125983
77.83073229291718 0.5345199528311512
77.92677070828331 0.534937531760261
78.02280912364947 0.5353535780404288
78.1188475390156 0.5357706415656175
78.21488595438176 0.5361910794076793
78.31092436974791 0.5366136758624306
78.40696278511405 0.5370341286985514
78.5030012004802 0.5374497200195624
78.59903961584634 0.5378610817922116
78.69507803121249 0.5382702604603287
78.79111644657864 0.5386777939941307
78.88715486194478 0.5390827317351222
78.98319327731093 0.5394843702488169
79.07923169267707 0.5398829520710693
79.17527010804322 0.5402792109900597
79.27130852340936 0.540673648109105
79.36734693877551 0.5410665154979677
79.46338535414166 0.5414581525526871
79.5594237695078 0.541849126129496
79.65546218487395 0.5422399267439051
79.75150060024009 0.5426304612868744
79.84753901560624 0.5430201768918183
79.9435774309724 0.5434093450258994
80.03961584633853 0.5437996238791486
80.13565426170469 0.5441924868120084
80.23169267707082 0.5445864613343439
80.32773109243698 0.5449773773682483
80.42376950780313 0.54536255698669
80.51980792316927 0.5457427938245093
80.61584633853542 0.5461205993805309
80.71188475390156 0.5464969433011108
80.80792316926771 0.5468711421569924
80.90396158463386 0.5472428910256038
81.0 0.5476132746459669
81.09603841536615 0.5479837173518831
81.19207683073229 0.5483539276759553
81.28811524609844 0.5487219262818761
81.3841536614646 0.5490864216659267
81.48019207683073 0.5494480591066613
81.57623049219688 0.5498084109415959
81.67226890756302 0.5501678866899734
81.76830732292918 0.5505256317906662
81.86434573829533 0.5508810074414351
81.96038415366147 0.5512344107974844
82.05642256902762 0.5515866910495603
82.15246098439376 0.5519378711339495
82.24849939975991 0.5522871048438271
82.34453781512606 0.5526339384924444
82.4405762304922 0.5529790471950526
82.53661464585835 0.5533236769688069
82.63265306122449 0.5536683554362976
82.72869147659064 0.554012796792282
82.82472989195679 0.55435681009096
82.92076830732293 0.5547008573519238
83.01680672268908 0.5550456554408054
83.11284513805522 0.555391202140496
83.20888355342137 0.5557366809172125
83.30492196878753 0.5560810179045992
83.40096038415366 0.5564232434767531
83.49699879951982 0.5567628060065023
83.59303721488595 0.5571003499370171
83.6890756302521 0.5574376961561901
83.78511404561824 0.5577760796806701
83.8811524609844 0.558114950831475
83.97719087635055 0.558452746242187
84.07322929171669 0.5587890082344046
84.16926770708284 0.5591246197158327
84.26530612244898 0.5594602598677368
84.36134453781513 0.5597952992790148
84.45738295318128 0.5601283629158967
84.55342136854742 0.5604589844634017
84.64945978391357 0.5607878213613291
84.74549819927971 0.5611155808639107
84.84153661464586 0.5614422122044415
84.93757503001201 0.5617670863704611
85.03361344537815 0.5620895900150411
85.1296518607443 0.562409240641298
85.22569027611044 0.5627257666658593
85.3217286914766 0.5630391708030656
85.41776710684275 0.5633499789342469
85.51380552220888 0.5636600179169348
85.60984393757504 0.5639723893104818
85.70588235294117 0.5642884631958104
85.80192076830733 0.5646053819529263
85.89795918367348 0.5649178443330176
85.99399759903962 0.565224291782322
86.09003601440577 0.5655279597489221
86.1860744297719 0.5658326341073726
86.28211284513806 0.5661389490374266
86.37815126050421 0.5664450547305252
86.47418967587035 0.5667494024390394
86.5702280912365 0.5670513466706737
86.66626650660264 0.5673509487378732
86.76230492196879 0.5676487967038267
86.85834333733494 0.5679458505297098
86.95438175270108 0.5682428907528257
87.05042016806723 0.5685403726954074
87.14645858343337 0.5688380483965818
87.24249699879952 0.5691346027278706
87.33853541416568 0.5694281518803684
87.43457382953181 0.5697182640252523
87.53061224489797 0.5700063895888092
87.6266506602641 0.5702942945937828
87.72268907563026 0.5705824768939317
87.81872749099641 0.5708704244433972
87.91476590636255 0.5711579831972313
88.0108043217287 0.5714456890744839
88.10684273709484 0.5717341469728973
88.20288115246099 0.5720233714081073
88.29891956782713 0.572312845877862
88.39495798319328 0.5726019246247958
88.49099639855943 0.5728899548214331
88.58703481392557 0.573176600667486
88.68307322929172 0.5734622048550669
88.77911164465786 0.5737475690283906
88.87515006002401 0.5740328413686595
88.97118847539016 0.5743172137549475
89.0672268907563 0.5745995823224603
89.16326530612245 0.5748793213639058
89.25930372148859 0.5751563490481135
89.35534213685474 0.575431234945493
89.4513805522209 0.5757052063577033
89.54741896758703 0.5759792273386238
89.64345738295319 0.5762528652155438
89.73949579831933 0.5765246065608561
89.83553421368548 0.5767938725420833
89.93157262905163 0.5770616438389929
90.02761104441777 0.5773292553361121
90.12364945978392 0.5775968371678833
90.21968787515006 0.5778634785785988
90.31572629051621 0.578128706855017
90.41176470588236 0.5783929809583142
90.5078031212485 0.5786570331281029
90.60384153661465 0.5789209736614482
90.69987995198079 0.5791843032520546
90.79591836734694 0.5794463597652303
90.8919567827131 0.5797064862215607
90.98799519807923 0.5799642998800041
91.08403361344538 0.5802200762280981
91.18007202881152 0.5804746074857291
91.27611044417768 0.5807281402986597
91.37214885954383 0.5809799838590277
91.46818727490997 0.5812293739505273
91.56422569027612 0.5814767713789208
91.66026410564226 0.5817236755839609
91.75630252100841 0.5819706921983492
91.85234093637456 0.5822167707572199
91.9483793517407 0.5824604706231331
92.04441776710685 0.5827019628046016
92.14045618247299 0.5829428727045898
92.23649459783914 0.5831839470029447
92.33253301320529 0.5834240766836895
92.42857142857143 0.5836617107356694
92.52460984393758 0.5838972095138829
92.62064825930372 0.5841327022063051
92.71668667466987 0.5843693820729693
92.81272509003601 0.5846063016225517
92.90876350540216 0.5848414821333727
93.00480192076832 0.5850738617974685
93.10084033613445 0.58530343589296
93.1968787515006 0.5855308166810395
93.29291716686674 0.5857570199059239
93.3889555822329 0.5859830204184514
93.48499399759905 0.5862089375092668
93.58103241296519 0.5864340657740711
93.67707082833134 0.5866578673010602
93.77310924369748 0.5868804661980134
93.86914765906363 0.5871024641889805
93.96518607442978 0.5873245767712914
94.06122448979592 0.587547582649181
94.15726290516207 0.5877722442770811
94.25330132052821 0.5879992627289236
94.34933973589436 0.5882287977844592
94.44537815126051 0.5884594899819613
94.54141656662665 0.5886885785180198
94.6374549819928 0.5889141568042807
94.73349339735894 0.5891364183364045
94.8295318127251 0.5893568966920231
94.92557022809125 0.5895768051497138
95.02160864345738 0.5897968018208591
95.11764705882354 0.5900167866973053
95.21368547418967 0.5902357861740238
95.30972388955583 0.5904525736680376
95.40576230492198 0.590667078012531
95.50180072028812 0.5908804069019641
95.59783913565427 0.5910929990798816
95.6938775510204 0.5913034935090563
95.78991596638656 0.5915095825599523
95.88595438175271 0.5917100877204566
95.98199279711885 0.5919052208718434
96.078031212485 0.5920961014158325
96.17406962785114 0.5922844433259518
96.27010804321729 0.5924721179842878
96.36614645858344 0.5926600663796429
96.46218487394958 0.5928481898944316
96.55822328931573 0.5930360852567201
96.65426170468187 0.5932235433150866
96.75030012004802 0.5934105782333575
96.84633853541418 0.5935974800790704
96.94237695078031 0.59378479320545
97.03841536614647 0.5939729130431061
97.1344537815126 0.5941617985825147
97.23049219687876 0.5943509964701005
97.3265306122449 0.5945397255831355
97.42256902761105 0.5947269339051641
97.5186074429772 0.5949119027436853
97.61464585834334 0.595094699425058
97.71068427370949 0.5952759724483137
97.80672268907563 0.5954563121659776
97.90276110444178 0.5956361356639633
97.99879951980793 0.5958157304910378
98.09483793517407 0.5959952890986838
98.19087635054022 0.5961748564093456
98.28691476590636 0.5963541623537325
98.38295318127251 0.5965326465478703
98.47899159663866 0.5967104165456129
98.5750300120048 0.596889040571895
98.67106842737095 0.5970708748026557
98.76710684273709 0.5972567563639125
98.86314525810324 0.5974455889868385
98.9591836734694 0.5976354678489207
99.05522208883554 0.5978246575045525
99.15126050420169 0.5980118123154706
99.24729891956783 0.5981966352620722
99.34333733493398 0.5983799563293755
99.43937575030013 0.5985624482901016
99.53541416566627 0.5987434540443807
99.63145258103242 0.5989214782726335
99.72749099639856 0.5990961683085501
99.82352941176471 0.5992687030453692
99.91956782713086 0.5994403081387368
100.015606242497 0.5996108319359945
100.11164465786315 0.5997791767616146
100.20768307322929 0.5999452138725391
100.30372148859544 0.6001101897965585
100.3997599039616 0.6002752661248364
100.49579831932773 0.6004400485753427
100.59183673469389 0.6006030153331048
100.68787515006002 0.600763561413462
100.78391356542618 0.6009224916818747
100.87995198079233 0.601081082114651
100.97599039615847 0.6012400865931471
101.07202881152462 0.601399765232286
101.16806722689076 0.601560217300621
101.26410564225691 0.6017214729318796
101.36014405762306 0.6018835007434439
101.4561824729892 0.602046216294691
101.55222088835535 0.6022094016971563
101.64825930372149 0.6023723296290091
101.74429771908764 0.6025336864893792
101.84033613445378 0.602692564581616
101.93637454981993 0.602849620457387
102.03241296518608 0.6030067313122357
102.12845138055222 0.6031649854868472
102.22448979591837 0.6033240885822043
102.32052821128451 0.60348313600246
102.41656662665066 0.6036415604981483
102.51260504201682 0.6037992316240789
102.60864345738295 0.6039566726980464
102.7046818727491 0.604115106685948
102.80072028811524 0.604275531556035
102.8967587034814 0.604437528730064
102.99279711884755 0.6045995602906798
103.08883553421369 0.6047610389943218
103.18487394957984 0.6049230072216363
103.28091236494598 0.6050868383458882
103.37695078031213 0.6052524775162927
103.47298919567828 0.6054185972006686
103.56902761104442 0.605584233349421
103.66506602641057 0.6057493661608007
103.76110444177671 0.6059143599142609
103.85714285714286 0.6060791646908505
103.95318127250901 0.6062434038352352
104.04921968787515 0.6064072926541434
104.1452581032413 0.6065719724661891
104.24129651860744 0.6067385828695773
104.3373349339736 0.606906872661731
104.43337334933975 0.6070753783615577
104.52941176470588 0.6072433408959949
104.62545018007204 0.6074114547312225
104.72148859543817 0.6075803681015689
104.81752701080433 0.6077483201077959
104.91356542617048 0.607911501925949
105.00960384153662 0.6080680138455439
105.10564225690277 0.6082195218242575
105.2016806722689 0.6083693170132923
105.29771908763506 0.6085190954590215
105.39375750300121 0.608668851453801
105.48979591836735 0.6088183200674883
105.5858343337335 0.6089676207554644
105.68187274909964 0.609116932803815
105.77791116446579 0.6092659249947983
105.87394957983194 0.609413821504031
105.96998799519808 0.60956036841028
106.06602641056423 0.6097062851559707
106.16206482593037 0.6098527250320497
106.25810324129652 0.6100002820009595
106.35414165666266 0.6101489251444462
106.45018007202881 0.6102983363608229
106.54621848739497 0.6104480797090774
106.6422569027611 0.6105977154546262
106.73829531812726 0.6107470176704332
106.8343337334934 0.6108959868542012
106.93037214885955 0.6110447425071013
107.0264105642257 0.6111934655527399
107.12244897959184 0.611342230730283
107.21848739495799 0.6114906670136228
107.31452581032413 0.6116380100233701
107.41056422569028 0.6117839888507015
107.50660264105643 0.6119293114036553
107.60264105642257 0.6120748922589921
107.69867947178872 0.612220188991415
107.79471788715486 0.6123632093858095
107.89075630252101 0.612502751290494
107.98679471788716 0.6126397001194014
108.0828331332533 0.6127760685903743
108.17887154861945 0.6129127949485699
108.27490996398559 0.613049553807884
108.37094837935174 0.6131859687183295
108.4669867947179 0.6133223526244439
108.56302521008404 0.6134593875343277
108.65906362545019 0.6135973374089854
108.75510204081633 0.6137359421509674
108.85114045618248 0.6138745133569617
108.94717887154863 0.6140119970033209
109.04321728691477 0.6141473503583769
109.13925570228092 0.6142804854851256
109.23529411764706 0.6144123439028336
109.33133253301321 0.6145440224379127
109.42737094837936 0.6146761821089566
109.5234093637455 0.6148090947529072
109.61944777911165 0.6149427956086462
109.71548619447779 0.6150770964123279
109.81152460984394 0.6152114248428706
109.9075630252101 0.6153447110088202
110.00360144057623 0.615475809966344
110.09963985594239 0.6156046903475115
110.19567827130852 0.6157325444173634
110.29171668667468 0.6158604201712559
110.38775510204083 0.6159881996916451
110.48379351740697 0.6161150069974578
110.57983193277312 0.6162404846765677
110.67587034813926 0.6163650011543078
110.77190876350541 0.616489232820841
110.86794717887155 0.6166138357627016
110.9639855942377 0.6167391188547874
111.06002400960385 0.6168640498308787
111.15606242496999 0.616986192129743
111.25210084033614 0.6171038616516463
111.34813925570228 0.6172179054195155
111.44417767106843 0.6173309071427436
111.54021608643458 0.6174443920870687
111.63625450180072 0.6175583085953726
111.73229291716687 0.6176720526769037
111.82833133253301 0.6177853558549886
111.92436974789916 0.6178982781605254
112.02040816326532 0.6180110816302565
112.11644657863145 0.6181241708784717
112.2124849939976 0.618237473185109
112.30852340936374 0.6183498743209
112.4045618247299 0.6184596404030843
112.50060024009605 0.6185660506491796
112.59663865546219 0.6186697205541364
112.69267707082834 0.6187714742061449
112.78871548619448 0.6188712662270273
112.88475390156063 0.6189685273203018
112.98079231692678 0.6190636821411618
113.07683073229292 0.6191584528363561
113.17286914765907 0.6192543163119781
113.26890756302521 0.6193509552226235
113.36494597839136 0.6194467500845059
113.46098439375751 0.6195410912162176
113.55702280912365 0.619634927889113
113.6530612244898 0.6197295591508616
113.74909963985594 0.619825358628854
113.8451380552221 0.6199219472871957
113.94117647058825 0.620019213782713
114.03721488595438 0.6201175648227368
114.13325330132054 0.6202171315826907
114.22929171668667 0.6203168905726449
114.32533013205283 0.6204150164769916
114.42136854741898 0.620510724865966
114.51740696278512 0.6206047729170602
114.61344537815127 0.6206984891468246
114.7094837935174 0.6207926444128127
114.80552220888356 0.6208874744673618
114.90156062424971 0.6209831005087217
114.99759903961585 0.6210796535299521
115.093637454982 0.6211771261055219
115.18967587034814 0.6212751911381912
115.28571428571429 0.6213732858267393
115.38175270108043 0.6214711037794175
115.47779111644658 0.6215687445895781
115.57382953181273 0.6216663581596937
115.66986794717887 0.6217636877878909
115.76590636254502 0.6218602513416766
115.86194477791116 0.6219565010657897
115.95798319327731 0.62205418552974
116.05402160864347 0.622154916426245
116.1500600240096 0.6222582337163944
116.24609843937576 0.622361957231053
116.3421368547419 0.6224650242192584
116.43817527010805 0.6225684796096158
116.5342136854742 0.622673892415653
116.63025210084034 0.6227811075596541
116.72629051620649 0.622888376795057
116.82232893157263 0.6229942156318296
116.91836734693878 0.6230981087235566
117.01440576230493 0.6232004020555684
117.11044417767107 0.623302140478704
117.20648259303722 0.6234048847271947
117.30252100840336 0.623509603323406
117.39855942376951 0.6236162328791474
117.49459783913566 0.6237240209888648
117.5906362545018 0.6238320654320985
117.68667466986795 0.6239394221340402
117.78271308523409 0.6240455271082808
117.87875150060025 0.624150370729634
117.9747899159664 0.6242541758733616
118.07082833133254 0.6243568661537239
118.16686674669869 0.6244581177397671
118.26290516206483 0.6245581070585376
118.35894357743098 0.6246578365274101
118.45498199279713 0.6247584343561783
118.55102040816327 0.6248599369764158
118.64705882352942 0.6249613714409106
118.74309723889556 0.6250623488753506
118.83913565426171 0.6251638058954497
118.93517406962786 0.6252670817441898
119.031212484994 0.6253722252601491
119.12725090036015 0.6254779964432607
119.22328931572629 0.625583376039728
119.31932773109244 0.6256883107708838
119.4153661464586 0.6257932029357189
119.51140456182473 0.6258979190774551
119.60744297719089 0.6260017722038392
119.70348139255702 0.6261043597872179
119.79951980792318 0.6262059993529594
119.89555822328931 0.6263073653282215
119.99159663865547 0.6264087462959341
120.08763505402162 0.6265100037687394
120.18367346938776 0.6266110287366874
120.27971188475391 0.6267119914619496
120.37575030012005 0.6268130681054409
120.4717887154862 0.6269138519270904
120.56782713085235 0.627013350246686
120.66386554621849 0.6271107134249699
120.75990396158464 0.6272056566982862
120.85594237695078 0.6272983496729674
120.95198079231693 0.6273891567237833
121.04801920768308 0.6274785755416713
121.14405762304922 0.6275669582589518
121.24009603841537 0.6276543420133253
121.33613445378151 0.6277405915737793
121.43217286914766 0.6278257430374022
121.52821128451382 0.6279100585844096
121.62424969987995 0.6279940848877602
121.7202881152461 0.6280786892197902
121.81632653061224 0.6281645881065234
121.9123649459784 0.6282511665502866
122.00840336134455 0.6283364659506886
122.10444177671069 0.6284192679005334
122.20048019207684 0.6285004968183694
122.29651860744298 0.6285822624300529
122.39255702280913 0.6286652643372012
122.48859543817528 0.6287484763770667
122.58463385354142 0.6288305615667588
122.68067226890757 0.6289108748938981
122.77671068427371 0.628989495397879
122.87274909963986 0.6290672574886335
122.96878751500601 0.629145650985933
123.06482593037215 0.6292253265829489
123.1608643457383 0.6293049838485532
123.25690276110444 0.6293823905327663
123.3529411764706 0.6294574605676415
123.44897959183675 0.6295326299254873
123.54501800720288 0.629609995456624
123.64105642256904 0.6296890762750293
123.73709483793517 0.6297676579731156
123.83313325330133 0.6298446023365626
123.92917166866746 0.6299203310928663
124.02521008403362 0.6299958240391288
124.12124849939977 0.6300717951558056
124.21728691476591 0.630148633762221
124.31332533013206 0.6302262908388105
124.4093637454982 0.6303042795262147
124.50540216086435 0.6303820967614284
124.6014405762305 0.6304595874723568
124.69747899159664 0.630536870582772
124.79351740696279 0.6306140405013043
124.88955582232893 0.6306911045074767
124.98559423769508 0.630768026485436
125.08163265306123 0.6308447666097377
125.17767106842737 0.630921301004891
125.27370948379352 0.6309976888377035
125.36974789915966 0.6310740763286472
125.46578631452581 0.6311504564101731
125.56182472989197 0.6312264396808658
125.6578631452581 0.6313014119073174
125.75390156062426 0.6313751822510263
125.8499399759904 0.6314481253676497
125.94597839135655 0.6315208272751879
126.0420168067227 0.6315937308682864
126.13805522208884 0.6316671544632348
126.23409363745499 0.6317414315554409
126.33013205282113 0.6318169122193451
126.42617046818728 0.6318930894288903
126.52220888355343 0.6319676804254145
126.61824729891957 0.6320374245190746
126.71428571428572 0.6321017486337815
126.81032412965186 0.6321636514993918
126.90636254501801 0.6322265827857796
127.00240096038416 0.632290996720658
127.0984393757503 0.6323549082598355
127.19447779111646 0.632417272765707
127.2905162064826 0.6324789179871361
127.38655462184875 0.6325412797249166
127.4825930372149 0.6326049351888676
127.57863145258104 0.6326696590796456
127.67466986794719 0.6327350961052322
127.77070828331333 0.6328009619763698
127.86674669867948 0.6328669058386487
127.96278511404563 0.6329323425496614
128.05882352941177 0.6329965892326973
128.1548619447779 0.6330596234693232
128.25090036014404 0.6331222993059494
128.3469387755102 0.6331852983208159
128.44297719087635 0.6332477863942415
128.53901560624251 0.6333077551781354
128.63505402160865 0.6333643680378723
128.7310924369748 0.6334187296752709
128.82713085234093 0.6334726929166123
128.92316926770707 0.6335272527267043
129.01920768307323 0.6335825585056138
129.11524609843937 0.633638638266002
129.21128451380554 0.6336956540898258
129.30732292917168 0.6337536616115291
129.4033613445378 0.633812269376717
129.49939975990398 0.6338707546741472
129.59543817527012 0.6339289327384994
129.69147659063626 0.6339874715984236
129.7875150060024 0.634047092451614
129.88355342136856 0.6341073800993748
129.9795918367347 0.6341669478634684
130.07563025210084 0.6342251383479841
130.171668667467 0.6342826908208977
130.26770708283314 0.6343408976730694
130.36374549819928 0.6344002834216037
130.45978391356545 0.6344606037640419
130.55582232893158 0.6345216307896407
130.65186074429772 0.6345834805834015
130.74789915966386 0.6346463065902718
130.84393757503003 0.634709793589382
130.93997599039616 0.6347732266066825
131.0360144057623 0.6348363411764365
131.13205282112847 0.6348996943085897
131.2280912364946 0.6349640228977226
131.32412965186074 0.6350291311539015
131.42016806722688 0.635093919637153
131.51620648259305 0.6351574706268525
131.6122448979592 0.6352195557272607
131.70828331332532 0.635280419398864
131.8043217286915 0.6353403799508857
131.90036014405763 0.6353997238246928
131.99639855942377 0.6354581794237368
132.09243697478993 0.6355146633043005
132.18847539015607 0.6355680128106225
132.2845138055222 0.6356183934907437
132.38055222088835 0.6356673049441722
132.4765906362545 0.635716234867398
132.57262905162065 0.6357659562266627
132.6686674669868 0.6358163573264666
132.76470588235296 0.6358661101413678
132.8607442977191 0.6359128535392528
132.95678271308523 0.6359552870919293
133.0528211284514 0.6359943133950658
133.14885954381754 0.6360319681127798
133.24489795918367 0.6360691212389087
133.3409363745498 0.6361053273282793
133.43697478991598 0.636140268487825
133.53301320528212 0.6361745844670196
133.62905162064826 0.6362091738817349
133.72509003601442 0.6362436059101474
133.82112845138056 0.6362760815052276
133.9171668667467 0.6363053252419295
134.01320528211286 0.6363317322110046
134.109243697479 0.6363567099535014
134.20528211284514 0.6363810866087032
134.30132052821128 0.636404955323566
134.39735894357744 0.6364285225017947
134.49339735894358 0.6364526481030754
134.58943577430972 0.6364782060787323
134.6854741896759 0.6365044680756204
134.78151260504202 0.6365290498038381
134.87755102040816 0.6365502827255165
134.97358943577433 0.6365688056942189
135.06962785114047 0.6365866855557373
135.1656662665066 0.6366050282807445
135.26170468187274 0.6366236659197988
135.3577430972389 0.6366421384445893
135.45378151260505 0.63666038715745
135.54981992797119 0.6366785971684606
135.64585834333735 0.6366967196887776
135.7418967587035 0.636714400993504
135.83793517406963 0.6367311391650516
135.93397358943577 0.6367464005914607
136.03001200480193 0.6367597263866693
136.12605042016807 0.6367710367078661
136.2220888355342 0.6367806723998968
136.31812725090037 0.636789187881907
136.4141656662665 0.636797189450247
136.51020408163265 0.6368051874283677
136.60624249699882 0.6368131508007505
136.70228091236496 0.636820464032678
136.7983193277311 0.636826626784896
136.89435774309723 0.6368318273222406
136.9903961584634 0.6368367276027802
137.08643457382954 0.6368417044857885
137.18247298919567 0.6368467125193993
137.27851140456184 0.636851601311738
137.37454981992798 0.6368563888022362
137.47058823529412 0.6368611846225383
137.56662665066028 0.6368658936567658
137.66266506602642 0.6368701596047353
137.75870348139256 0.6368735115934355
137.8547418967587 0.6368754967969411
137.95078031212486 0.6368758725281124
138.046818727491 0.6368752937508776
138.14285714285714 0.6368754074668733
138.2388955582233 0.6368775400358445
138.33493397358944 0.6368814501725191
138.43097238895558 0.6368857354959983
138.52701080432175 0.6368895978186325
138.62304921968789 0.6368932515493237
138.71908763505402 0.6368974844698652
138.81512605042016 0.6369032194688553
138.91116446578633 0.6369112334408449
139.00720288115247 0.6369210808261617
139.1032412965186 0.6369308743677538
139.19927971188477 0.6369386895696442
139.2953181272509 0.6369440366711295
139.39135654261705 0.63694767719936
139.4873949579832 0.6369505291699488
139.58343337334935 0.636953356502275
139.6794717887155 0.6369564036235447
139.77551020408163 0.6369589931694083
139.8715486194478 0.636959828253656
139.96758703481393 0.6369584746259432
140.06362545018007 0.6369557563703765
140.15966386554624 0.6369528681023378
140.25570228091237 0.6369503483948288
140.3517406962785 0.636948094917222
140.44777911164465 0.6369457140785464
140.54381752701082 0.63694263724946
140.63985594237695 0.6369384507790444
140.7358943577431 0.6369332968996152
140.83193277310926 0.6369277734965201
140.9279711884754 0.6369222952910365
141.02400960384153 0.6369168943519862
141.1200480192077 0.6369114242558945
141.21608643457384 0.6369058207151448
141.31212484993998 0.6369001055771127
141.40816326530611 0.6368943163997101
141.50420168067228 0.6368884819834288
141.60024009603842 0.6368825987777654
141.69627851140456 0.636876599251289
141.79231692677072 0.6368703880035728
141.88835534213686 0.6368640631465139
141.984393757503 0.6368579846524371
142.08043217286917 0.6368522628706893
142.1764705882353 0.6368460372990907
142.27250900360144 0.6368376600255544
142.36854741896758 0.6368261481672634
142.46458583433375 0.6368117218173872
142.56062424969988 0.6367952081214396
142.65666266506602 0.6367771571181664
142.7527010804322 0.6367578224373324
142.84873949579833 0.636737499181767
142.94477791116446 0.6367166555814439
143.04081632653063 0.6366957348365956
143.13685474189677 0.6366748458323473
143.2328931572629 0.6366537262051885
143.32893157262905 0.6366316701709063
143.4249699879952 0.6366075078930856
143.52100840336135 0.6365802694705084
143.6170468187275 0.6365502732382866
143.71308523409365 0.636519042520845
143.8091236494598 0.6364879662034963
143.90516206482593 0.6364577060244898
144.0012004801921 0.6364283756300749
144.09723889555823 0.6363998533791203
144.19327731092437 0.6363718146744789
144.2893157262905 0.6363437405872253
144.38535414165668 0.6363149260194376
144.48139255702282 0.6362848634078233
144.57743097238895 0.6362539389765763
144.67346938775512 0.636223353144301
144.76950780312126 0.6361938600406819
144.8655462184874 0.6361651485280551
144.96158463385353 0.6361361318409176
145.0576230492197 0.6361055082333061
145.15366146458584 0.6360719515437672
145.24969987995198 0.6360352322191489
145.34573829531814 0.6359967903642648
145.44177671068428 0.6359585358706416
145.53781512605042 0.6359204257344019
145.63385354141658 0.6358804530374954
145.72989195678272 0.6358372521492681
145.82593037214886 0.6357915182410285
145.921968787515 0.6357451505022068
146.01800720288117 0.6356994075444581
146.1140456182473 0.6356547059694853
146.21008403361344 0.635610952011907
146.3061224489796 0.6355677336964015
146.40216086434575 0.6355245282482727
146.49819927971188 0.6354811599940099
146.59423769507805 0.6354378149763403
146.6902761104442 0.6353945372291244
146.78631452581033 0.635350924739202
146.88235294117646 0.6353063910408939
146.97839135654263 0.6352607910025498
147.07442977190877 0.635214486604069
147.1704681872749 0.635168074450735
147.26650660264107 0.6351222115078008
147.3625450180072 0.6350773991609888
147.45858343337335 0.635033453437825
147.55462184873952 0.6349894792312273
147.65066026410565 0.6349445373029381
147.7466986794718 0.634898090856134
147.84273709483793 0.634849909924446
147.9387755102041 0.634799799718541
148.03481392557023 0.6347475777611301
148.13085234093637 0.634693352204836
148.22689075630254 0.6346377174466981
148.32292917166868 0.6345815889225908
148.4189675870348 0.6345257352141277
148.51500600240098 0.6344706892716474
148.61104441776712 0.6344166264140231
148.70708283313326 0.6343632743190435
148.8031212484994 0.6343100791261784
148.89915966386556 0.6342566966124774
148.9951980792317 0.6342030749538062
149.09123649459784 0.6341493583331737
149.187274909964 0.6340958118283976
149.28331332533014 0.6340426287163548
149.37935174069628 0.6339893409806927
149.47539015606242 0.6339347714411142
149.57142857142858 0.633878101034331
149.66746698679472 0.6338197406177166
149.76350540216086 0.6337609397409073
149.85954381752703 0.6337024275466961
149.95558223289316 0.6336441653157792
150.0516206482593 0.6335858632351429
150.14765906362547 0.6335274239892531
150.2436974789916 0.6334689113916584
150.33973589435774 0.6334103926685275
150.43577430972388 0.6333519030203845
150.53181272509005 0.6332934185996363
150.6278511404562 0.6332348321532372
150.72388955582232 0.6331758779271873
150.8199279711885 0.6331158599031296
150.91596638655463 0.6330536298203308
151.01200480192077 0.6329884175175395
151.10804321728693 0.6329206172477395
151.20408163265307 0.632851466016221
151.3001200480192 0.6327816833689522
151.39615846338535 0.6327111708371379
151.4921968787515 0.6326396418172736
151.58823529411765 0.6325672480916337
151.6842737094838 0.6324945051291674
151.78031212484996 0.6324218773915231
151.8763505402161 0.6323496622190777
151.97238895558223 0.6322777363163621
152.0684273709484 0.6322052908704308
152.16446578631454 0.632131116429198
152.26050420168067 0.6320548881668877
152.3565426170468 0.6319774789540873
152.45258103241298 0.6319000347251787
152.54861944777912 0.631822959879505
152.64465786314526 0.6317460131859812
152.74069627851142 0.6316689820333216
152.83673469387756 0.6315918706966885
152.9327731092437 0.6315147603601191
153.02881152460984 0.6314376477667655
153.124849939976 0.6313604698544265
153.22088835534214 0.6312832663461475
153.31692677070828 0.6312062202493844
153.41296518607444 0.6311293698979166
153.50900360144058 0.6310522602039309
153.60504201680672 0.6309740130584154
153.7010804321729 0.630893793947242
153.79711884753902 0.6308109658180056
153.89315726290516 0.6307252614409391
153.9891956782713 0.630637002740701
154.08523409363747 0.6305470371594355
154.1812725090036 0.6304563175564895
154.27731092436974 0.6303657475688944
154.3733493397359 0.6302756603598583
154.46938775510205 0.6301851216740674
154.56542617046819 0.6300922443382551
154.66146458583435 0.6299962735399143
154.7575030012005 0.6298983057315306
154.85354141656663 0.6298001292871521
154.94957983193277 0.6297025947779278
155.04561824729893 0.62960558410467
155.14165666266507 0.6295085628398112
155.2376950780312 0.6294107978292901
155.33373349339738 0.6293118326645056
155.4297719087635 0.6292121895232073
155.52581032412965 0.6291131857955355
155.62184873949582 0.6290153870167112
155.71788715486196 0.6289180064240533
155.8139255702281 0.6288197882847979
155.90996398559423 0.6287203816916368
156.0060024009604 0.6286203482555746
156.10204081632654 0.6285204069952915
156.19807923169267 0.6284211160316926
156.29411764705884 0.6283227925742062
156.39015606242498 0.6282253838122674
156.48619447779112 0.6281284868520793
156.58223289315728 0.628031578159708
156.67827130852342 0.6279341172730686
156.77430972388956 0.6278357116641631
156.8703481392557 0.6277363993768271
156.96638655462186 0.6276366306423664
157.062424969988 0.627536912893873
157.15846338535414 0.6274376423907818
157.2545018007203 0.6273388493938962
157.35054021608644 0.6272397386585415
157.44657863145258 0.6271387864013415
157.54261704681872 0.6270349311414529
157.6386554621849 0.6269281561385113
157.73469387755102 0.626819180822627
157.83073229291716 0.626708866598648
157.92677070828333 0.6265981096221541
158.02280912364947 0.6264874861035636
158.1188475390156 0.626377070536796
158.21488595438177 0.6262666634960236
158.3109243697479 0.626156250987695
158.40696278511405 0.6260460141962347
158.50300120048018 0.6259359095107937
158.59903961584635 0.6258254418009401
158.6950780312125 0.6257140138632954
158.79111644657863 0.6256016691490003
158.8871548619448 0.625489094873545
158.98319327731093 0.6253767190520644
159.07923169267707 0.6252641945489951
159.17527010804324 0.6251508132385182
159.27130852340937 0.6250364409739642
159.3673469387755 0.6249215871320116
159.46338535414165 0.6248068077552273
159.55942376950782 0.624692345260922
159.65546218487395 0.6245781354549016
159.7515006002401 0.6244638351352654
159.84753901560626 0.6243488691988187
159.9435774309724 0.6242329187973632
160.03961584633853 0.6241162305121837
160.1356542617047 0.6239993916726202
160.23169267707084 0.6238827625515535
160.32773109243698 0.6237663970790093
160.42376950780312 0.6236501261370353
160.51980792316928 0.6235336134305688
160.61584633853542 0.6234164306344655
160.71188475390156 0.6232982508483442
160.80792316926772 0.6231788586629401
160.90396158463386 0.6230578747613084
161.0 0.6229345632507085
161.09603841536617 0.6228082236834904
161.1920768307323 0.6226792836181441
161.28811524609844 0.6225493741005947
161.38415366146458 0.6224197811124168
161.48019207683075 0.6222903039990102
161.57623049219688 0.6221598753480896
161.67226890756302 0.6220284425802944
161.7683073229292 0.6218972109584828
161.86434573829533 0.621767178383182
161.96038415366147 0.6216379999557682
162.0564225690276 0.6215084147466908
162.15246098439377 0.6213776486451905
162.2484993997599 0.6212456599520296
162.34453781512605 0.6211127632648767
162.4405762304922 0.6209793230495181
162.53661464585835 0.6208457208136782
162.6326530612245 0.6207122774461425
162.72869147659065 0.620579222808351
162.8247298919568 0.6204464357414659
162.92076830732293 0.62031322172365
163.01680672268907 0.6201785558194267
163.11284513805523 0.6200419424763816
163.20888355342137 0.6199035877162319
163.3049219687875 0.6197641678724923
163.40096038415368 0.6196246216619987
163.49699879951982 0.6194859324547708
163.59303721488595 0.6193483627574743
163.68907563025212 0.6192113208139799
163.78511404561826 0.6190741931723951
163.8811524609844 0.6189371306435039
163.97719087635053 0.6188008369809986
164.0732292917167 0.6186656384449182
164.16926770708284 0.6185312714157337
164.26530612244898 0.6183971368402804
164.36134453781514 0.618262552529992
164.45738295318128 0.6181269218182562
164.55342136854742 0.6179903772237164
164.64945978391358 0.6178539082963341
164.74549819927972 0.6177184839710964
164.84153661464586 0.6175841385372758
164.937575030012 0.6174501567226534
165.03361344537817 0.6173160530124061
165.1296518607443 0.6171818244593102
165.22569027611044 0.6170476534722487
165.3217286914766 0.6169135827135332
165.41776710684275 0.6167795405810557
165.51380552220888 0.6166455325505386
165.60984393757505 0.6165116882178466
165.7058823529412 0.6163780379238079
165.80192076830733 0.6162442560496678
165.89795918367346 0.6161097679943596
165.99399759903963 0.615974334140561
166.09003601440577 0.6158382189885397
166.1860744297719 0.6157019713858827
166.28211284513807 0.6155661592847853
166.3781512605042 0.6154312855337243
166.47418967587035 0.6152974380119772
166.5702280912365 0.6151641893466552
166.66626650660265 0.6150309975462108
166.7623049219688 0.6148977141211356
166.85834333733493 0.6147645236191831
166.9543817527011 0.614631440506201
167.05042016806723 0.6144981441364975
167.14645858343337 0.6143641568664865
167.24249699879954 0.6142290815168052
167.33853541416568 0.6140926015984488
167.43457382953181 0.6139543883366801
167.53061224489795 0.6138140758271358
167.62665066026412 0.6136716439264408
167.72268907563026 0.6135279547891177
167.8187274909964 0.6133845722057455
167.91476590636256 0.613242424155888
168.0108043217287 0.6131013111885648
168.10684273709484 0.6129604529370499
168.202881152461 0.612819293647418
168.29891956782714 0.6126775361657673
168.39495798319328 0.6125349459910044
168.49099639855942 0.6123912773435195
168.58703481392558 0.6122465041144477
168.68307322929172 0.6121011778657599
168.77911164465786 0.6119562534985362
168.87515006002403 0.6118116892875782
168.97118847539016 0.6116658825564188
169.0672268907563 0.6115170922972574
169.16326530612247 0.6113657583620389
169.2593037214886 0.6112143164940326
169.35534213685474 0.611064321916027
169.45138055222088 0.6109151953738905
169.54741896758705 0.6107653860746618
169.6434573829532 0.61061437197792
169.73949579831933 0.6104627359802912
169.8355342136855 0.610311245942975
169.93157262905163 0.6101604266242082
170.02761104441777 0.6100105575136247
170.12364945978393 0.6098616729331676
170.21968787515007 0.6097135477467743
170.3157262905162 0.6095655773846872
170.41176470588235 0.6094167215742733
170.50780312124851 0.6092657539134771
170.60384153661465 0.6091117359181457
170.6998799519808 0.6089541558757777
170.79591836734696 0.6087936829847181
170.8919567827131 0.6086325464483513
170.98799519807923 0.6084732878133681
171.08403361344537 0.6083162620826177
171.18007202881154 0.608159614848434
171.27611044417768 0.6080018138306251
171.3721488595438 0.6078430194793951
171.46818727490998 0.6076842833275683
171.56422569027612 0.6075258330539628
171.66026410564226 0.6073669662296045
171.75630252100842 0.6072071409629679
171.85234093637456 0.607046597868414
171.9483793517407 0.6068860095871322
172.04441776710684 0.60672568772012
172.140456182473 0.6065655161830202
172.23649459783914 0.6064053711419912
172.33253301320528 0.6062453729321584
172.42857142857144 0.6060856787871615
172.52460984393758 0.6059259899324496
172.62064825930372 0.6057655609020473
172.7166866746699 0.6056040980163798
172.81272509003603 0.6054423262299413
172.90876350540216 0.6052814416028339
173.0048019207683 0.6051217390957293
173.10084033613447 0.6049625005864818
173.1968787515006 0.6048031483144566
173.29291716686674 0.6046440115432398
173.3889555822329 0.6044858811765289
173.48499399759905 0.6043288148140926
173.5810324129652 0.6041719980133478
173.67707082833135 0.6040144281950259
173.7731092436975 0.6038553933341455
173.86914765906363 0.6036945416713537
173.96518607442977 0.6035320471872542
174.06122448979593 0.603368613993482
174.15726290516207 0.6032051517829149
174.2533013205282 0.6030425368305015
174.34933973589438 0.6028813380893823
174.4453781512605 0.602721037026283
174.54141656662665 0.6025599907420627
174.63745498199282 0.602396980488045
174.73349339735896 0.6022324078385197
174.8295318127251 0.6020677007018161
174.92557022809123 0.6019033983715494
175.0216086434574 0.6017388559897656
175.11764705882354 0.6015733756825484
175.21368547418967 0.6014071248991556
175.30972388955584 0.6012408445739794
175.40576230492198 0.6010748180704233
175.50180072028812 0.6009087103540315
175.59783913565425 0.6007424008011375
175.69387755102042 0.6005766934622355
175.78991596638656 0.6004128693479366
175.8859543817527 0.6002510741676357
175.98199279711886 0.6000900362191756
176.078031212485 0.5999282485560841
176.17406962785114 0.5997650282800604
176.2701080432173 0.5996004879402886
176.36614645858344 0.5994352985459568
176.46218487394958 0.5992705937171411
176.55822328931572 0.5991071102289584
176.6542617046819 0.5989443791656763
176.75030012004802 0.5987811109822854
176.84633853541416 0.5986167912120978
176.94237695078033 0.5984520179316047
177.03841536614647 0.5982874964673777
177.1344537815126 0.5981230456190854
177.23049219687877 0.5979578587170531
177.3265306122449 0.597791733460057
177.42256902761105 0.5976253451568038
177.51860744297718 0.5974593009076705
177.61464585834335 0.5972931575594848
177.7106842737095 0.5971257029108424
177.80672268907563 0.5969563571783968
177.9027611044418 0.5967855235859987
177.99879951980793 0.5966139070529246
178.09483793517407 0.5964417712081485
178.19087635054024 0.5962689837990695
178.28691476590637 0.5960953924495933
178.3829531812725 0.5959209199236409
178.47899159663865 0.5957452198607688
178.57503001200482 0.595567282334141
178.67106842737095 0.5953857602799615
178.7671068427371 0.5952006432685499
178.86314525810326 0.5950137116572024
178.9591836734694 0.5948269730991692
179.05522208883554 0.594640781066075
179.1512605042017 0.5944541000246724
179.24729891956784 0.5942664188304385
179.34333733493398 0.5940783320623614
179.43937575030012 0.5938905868510069
179.53541416566628 0.5937028775489576
179.63145258103242 0.5935140212908157
179.72749099639856 0.5933233175898531
179.82352941176472 0.5931309931878511
179.91956782713086 0.5929377461506984
180.015606242497 0.5927441400188359
180.11164465786314 0.5925505552540159
180.2076830732293 0.5923571502976905
180.30372148859544 0.5921638526122597
180.39975990396158 0.591970571923854
180.49579831932775 0.5917774979537264
180.59183673469389 0.5915850728669491
180.68787515006002 0.5913936919628682
180.7839135654262 0.5912035892594107
180.87995198079233 0.5910147136969964
180.97599039615847 0.5908265475170082
181.0720288115246 0.590638186380403
181.16806722689077 0.5904489441539408
181.2641056422569 0.5902585906683435
181.36014405762305 0.5900672861631322
181.4561824729892 0.5898754795604539
181.55222088835535 0.5896838015681647
181.6482593037215 0.5894923971510723
181.74429771908765 0.5893006576478911
181.8403361344538 0.5891079083602482
181.93637454981993 0.5889145258563235
182.03241296518607 0.5887218148602333
182.12845138055224 0.5885303849353123
182.22448979591837 0.5883394452232215
182.3205282112845 0.588147441781169
182.41656662665068 0.5879531500870746
182.51260504201682 0.5877558514673332
182.60864345738295 0.5875558715951374
182.70468187274912 0.5873548189660042
182.80072028811526 0.5871546319215591
182.8967587034814 0.5869558645894701
182.99279711884753 0.5867576958961915
183.0888355342137 0.5865594532628576
183.18487394957984 0.5863613529881385
183.28091236494598 0.5861640849798009
183.37695078031214 0.585968018494219
183.47298919567828 0.5857731377414167
183.56902761104442 0.5855792472845144
183.66506602641059 0.5853860777829658
183.76110444177672 0.5851932762775532
183.85714285714286 0.5850003849562699
183.953181272509 0.584806878640446
184.04921968787517 0.5846125348205027
184.1452581032413 0.5844176324255509
184.24129651860744 0.5842227161580952
184.3373349339736 0.5840280983549174
184.43337334933975 0.5838338061743269
184.52941176470588 0.5836396774126671
184.62545018007202 0.5834454166054663
184.7214885954382 0.5832508702298862
184.81752701080433 0.5830566341126271
184.91356542617046 0.5828640002193628
185.00960384153663 0.5826735440260853
185.10564225690277 0.5824842807255334
185.2016806722689 0.5822944755026283
185.29771908763507 0.582103558002578
185.3937575030012 0.5819122716529693
185.48979591836735 0.58172129906017
185.5858343337335 0.5815303959693795
185.68187274909965 0.5813388112347665
185.7779111644658 0.5811463520523464
185.87394957983193 0.5809534951654484
185.9699879951981 0.5807607944460029
186.06602641056423 0.5805684878420304
186.16206482593037 0.5803765129180415
186.25810324129654 0.5801845648013276
186.35414165666268 0.5799921352317172
186.45018007202881 0.5797988950848135
186.54621848739495 0.5796049609501138
186.64225690276112 0.5794108017218979
186.73829531812726 0.579216968701031
186.8343337334934 0.5790240246280606
186.93037214885956 0.5788321943281627
187.0264105642257 0.5786411090327555
187.12244897959184 0.5784501075948056
187.218487394958 0.5782591244057529
187.31452581032414 0.5780687921269358
187.41056422569028 0.5778795971351741
187.50660264105642 0.5776912291344369
187.60264105642258 0.5775029327208138
187.69867947178872 0.5773146324654251
187.79471788715486 0.5771270795792481
187.89075630252103 0.5769407692537909
187.98679471788716 0.5767550645097941
188.0828331332533 0.5765686810865671
188.17887154861947 0.5763813342551134
188.2749099639856 0.5761940021223335
188.37094837935174 0.5760077409471577
188.46698679471788 0.5758226776968405
188.56302521008405 0.5756381866525422
188.6590636254502 0.5754536002904064
188.75510204081633 0.5752683721233073
188.8511404561825 0.5750822857269499
188.94717887154863 0.5748956414002875
189.04321728691477 0.5747090552839839
189.1392557022809 0.5745227105092693
189.23529411764707 0.5743362097682404
189.3313325330132 0.5741490136209431
189.42737094837935 0.5739608517816077
189.52340936374551 0.5737717348658524
189.61944777911165 0.5735819395515097
189.7154861944778 0.5733919875629003
189.81152460984396 0.5732022602225262
189.9075630252101 0.5730126185783739
190.00360144057623 0.5728225230332648
190.09963985594237 0.5726315809547444
190.19567827130854 0.5724396832841113
190.29171668667468 0.5722469614779087
190.3877551020408 0.5720537429487267
190.48379351740698 0.5718604776155408
190.57983193277312 0.5716674328149759
190.67587034813926 0.5714746174357501
190.77190876350542 0.5712819324015213
190.86794717887156 0.5710893342716599
190.9639855942377 0.5708968353155301
191.06002400960384 0.5707044667422166
191.15606242497 0.5705122666672701
191.25210084033614 0.5703202325978639
191.34813925570228 0.5701282671574398
191.44417767106845 0.569936241591165
191.54021608643458 0.569744314466962
191.63625450180072 0.5695530132931704
191.7322929171669 0.5693627910508233
191.82833133253303 0.5691734940857166
191.92436974789916 0.5689844893749583
192.0204081632653 0.5687954679438582
192.11644657863147 0.5686066820376441
192.2124849939976 0.5684183299105562
192.30852340936374 0.5682297801862766
192.4045618247299 0.5680397956262554
192.50060024009605 0.5678479993401312
192.5966386554622 0.5676553453545853
192.69267707082835 0.5674633378824275
192.7887154861945 0.5672729970741018
192.88475390156063 0.5670847691041149
192.98079231692677 0.5668984161647198
193.07683073229293 0.5667129937783344
193.17286914765907 0.5665275611229056
193.2689075630252 0.5663421698890188
193.36494597839138 0.5661576973222376
193.4609843937575 0.5659744017511612
193.55702280912365 0.5657914014177042
193.6530612244898 0.5656075787075073
193.74909963985596 0.565422904464474
193.8451380552221 0.5652383770758828
193.94117647058823 0.5650549658168934
194.0372148859544 0.5648731910747369
194.13325330132054 0.5646929202032434
194.22929171668667 0.5645130544285953
194.32533013205284 0.564331714689395
194.42136854741898 0.5641476785665153
194.51740696278512 0.5639609700385461
194.61344537815125 0.5637723839137834
194.70948379351742 0.5635827139548214
194.80552220888356 0.5633926034738358
194.9015606242497 0.5632019750081426
194.99759903961586 0.5630097922192341
195.093637454982 0.5628149472270941
195.18967587034814 0.5626177726211463
195.2857142857143 0.5624199403896568
195.38175270108044 0.5622225709922156
195.47779111644658 0.5620253686835238
195.57382953181272 0.561827421013669
195.6698679471789 0.5616286384552706
195.76590636254502 0.5614297621272389
195.86194477791116 0.5612312145203131
195.95798319327733 0.5610325455925325
196.05402160864347 0.5608330285670823
196.1500600240096 0.5606327899238671
196.24609843937577 0.560432817407277
196.3421368547419 0.5602339519407218
196.43817527010805 0.5600363725465202
196.53421368547419 0.5598398353236504
196.63025210084035 0.5596441556252937
196.7262905162065 0.5594492191927619
196.82232893157263 0.5592545594835673
196.9183673469388 0.5590591333872778
197.01440576230493 0.5588619183042933
197.11044417767107 0.5586631656728557
197.20648259303724 0.5584643970616578
197.30252100840337 0.5582668295463292
197.3985594237695 0.5580704830293517
197.49459783913565 0.5578745902629204
197.59063625450182 0.5576785219173207
197.68667466986795 0.5574819045941394
197.7827130852341 0.5572845650602309
197.87875150060026 0.5570864964413851
197.9747899159664 0.5568877741189443
198.07082833133254 0.556688361508368
198.16686674669867 0.5564881099642032
198.26290516206484 0.5562870660909298
198.35894357743098 0.5560856641365518
198.45498199279712 0.5558844582241548
198.55102040816328 0.5556834588700887
198.64705882352942 0.5554820931791152
198.74309723889556 0.5552799199650033
198.83913565426172 0.5550771022399594
198.93517406962786 0.554874201592268
199.031212484994 0.5546716254587857
199.12725090036014 0.5544695310682851
199.2232893157263 0.5542677213770995
199.31932773109244 0.554065573175723
199.41536614645858 0.553862231095178
199.51140456182475 0.5536571407549171
199.60744297719089 0.5534501401657387
199.70348139255702 0.5532414818751022
199.7995198079232 0.5530318487402689
199.89555822328933 0.5528221305384787
199.99159663865547 0.552612779263562
200.0876350540216 0.5524037218537159
200.18367346938777 0.5521947745730256
200.2797118847539 0.5519859612573347
200.37575030012005 0.5517774076860394
200.4717887154862 0.5515689950883249
200.56782713085235 0.5513603128985042
200.6638655462185 0.5511509525387354
200.75990396158466 0.5509407444929738
200.8559423769508 0.5507297366789454
200.95198079231693 0.5505181036939656
201.04801920768307 0.550306128141639
201.14405762304924 0.5500941959577786
201.24009603841537 0.5498827924057507
201.3361344537815 0.5496723836289085
201.43217286914768 0.549463013516179
201.52821128451382 0.5492542421006553
201.62424969987995 0.549045591896094
201.72028811524612 0.548836945401039
201.81632653061226 0.5486284513256839
201.9123649459784 0.5484201376035148
202.00840336134453 0.5482118404594665
202.1044417767107 0.548003533789738
202.20048019207684 0.5477956372688427
202.29651860744298 0.5475888000685707
202.39255702280914 0.5473830321143786
202.48859543817528 0.5471775290424384
202.58463385354142 0.5469713688039799
202.68067226890756 0.5467641961340051
202.77671068427372 0.5465561557876327
202.87274909963986 0.5463475090402351
202.968787515006 0.5461385384290085
203.06482593037217 0.5459295860135915
203.1608643457383 0.5457210928656738
203.25690276110444 0.545513518662549
203.3529411764706 0.5453069908299497
203.44897959183675 0.545101219516069
203.54501800720288 0.5448957164208788
203.64105642256902 0.5446900319782266
203.7370948379352 0.5444837929779418
203.83313325330133 0.5442768191352458
203.92917166866746 0.5440691496533236
204.02521008403363 0.5438608629944146
204.12124849939977 0.5436518716709443
204.2172869147659 0.5434420027104071
204.31332533013207 0.5432314352271556
204.4093637454982 0.5430208111001764
204.50540216086435 0.5428105983661321
204.6014405762305 0.5426003296744151
204.69747899159665 0.5423888322412774
204.7935174069628 0.542175614230159
204.88955582232893 0.5419612837157944
204.9855942376951 0.5417469063048944
205.08163265306123 0.5415331978852196
205.17767106842737 0.5413204871967373
205.27370948379354 0.5411087881537323
205.36974789915968 0.5408978274413148
205.46578631452581 0.5406871712310365
205.56182472989195 0.540476392389338
205.65786314525812 0.5402651052290507
205.75390156062426 0.540053097903028
205.8499399759904 0.5398403758225632
205.94597839135656 0.5396270234144016
206.0420168067227 0.5394130122601807
206.13805522208884 0.5391982318036371
206.234093637455 0.5389827586379237
206.33013205282114 0.538766952441703
206.42617046818728 0.5385512475667695
206.52220888355342 0.5383358488478766
206.61824729891958 0.5381207288901771
206.71428571428572 0.5379057626098837
206.81032412965186 0.5376907832031397
206.90636254501803 0.537475759957311
207.00240096038416 0.5372610708786997
207.0984393757503 0.5370473982426541
207.19447779111644 0.5368348678673136
207.2905162064826 0.5366227028398319
207.38655462184875 0.536409883142028
207.48259303721488 0.5361962111480051
207.57863145258105 0.5359822862894711
207.6746698679472 0.5357686346992083
207.77070828331333 0.5355553315770383
207.8667466986795 0.5353422044200324
207.96278511404563 0.5351291802671437
208.05882352941177 0.5349163019492176
208.1548619447779 0.5347035957406188
208.25090036014407 0.5344910113475424
208.3469387755102 0.5342785074622814
208.44297719087635 0.5340662051078395
208.53901560624251 0.533854341242952
208.63505402160865 0.5336427645348759
208.7310924369748 0.533430695309557
208.82713085234096 0.5332171969513051
208.9231692677071 0.533002064672549
209.01920768307323 0.5327858365663589
209.11524609843937 0.5325690490353675
209.21128451380554 0.5323518569099527
209.30732292917168 0.532134133449052
209.4033613445378 0.5319156738782702
209.49939975990398 0.531696262499596
209.59543817527012 0.5314760693479063
209.69147659063626 0.531255860738915
209.78751500600242 0.5310365760609891
209.88355342136856 0.53081844151599
209.9795918367347 0.5306009345666268
210.07563025210084 0.5303835143292897
210.171668667467 0.5301660348217043
210.26770708283314 0.5299486313616186
210.36374549819928 0.5297314611229414
210.45978391356545 0.5295146497188401
210.55582232893158 0.529298093157365
210.65186074429772 0.5290813410086093
210.7478991596639 0.5288638681572236
210.84393757503003 0.5286457077660013
210.93997599039616 0.5284274695191046
211.0360144057623 0.5282095501353508
211.13205282112847 0.5279916395448525
211.2280912364946 0.5277730824763129
211.32412965186074 0.5275537797604508
211.4201680672269 0.5273342649714877
211.51620648259305 0.5271150113790705
211.6122448979592 0.5268959756273245
211.70828331332532 0.5266768839331849
211.8043217286915 0.5264579902200983
211.90036014405763 0.5262401108887225
211.99639855942377 0.5260235295840254
212.09243697478993 0.525807239253708
212.18847539015607 0.5255896086410015
212.2845138055222 0.5253702361365709
212.38055222088838 0.5251501572254762
212.4765906362545 0.524930414292934
212.57262905162065 0.5247110148491722
212.6686674669868 0.5244912442671816
212.76470588235296 0.524270630634656
212.8607442977191 0.5240491074809571
212.95678271308523 0.5238268755787222
213.0528211284514 0.5236042969523591
213.14885954381754 0.5233817944098164
213.24489795918367 0.5231595548251351
213.34093637454984 0.5229374911689626
213.43697478991598 0.5227155289711223
213.53301320528212 0.5224938367251512
213.62905162064826 0.5222726354464223
213.72509003601442 0.5220515664026796
213.82112845138056 0.5218296180729451
213.9171668667467 0.5216060427211379
214.01320528211286 0.521381131000063
214.109243697479 0.5211559265856646
214.20528211284514 0.5209311774688964
214.3013205282113 0.5207071143189614
214.39735894357744 0.5204834564504107
214.49339735894358 0.5202594172318873
214.58943577430972 0.5200339893446667
214.6854741896759 0.519806967427067
214.78151260504202 0.5195791369904135
214.87755102040816 0.5193514680671651
214.97358943577433 0.5191243631818875
215.06962785114047 0.518897705848056
215.1656662665066 0.5186711518796789
215.26170468187277 0.518444212653185
215.3577430972389 0.5182165621101297
215.45378151260505 0.5179883374795976
215.54981992797119 0.5177600333463093
215.64585834333735 0.5175320268999363
215.7418967587035 0.5173044578942975
215.83793517406963 0.5170772061819329
215.9339735894358 0.5168498685853828
216.03001200480193 0.5166218997300096
216.12605042016807 0.5163932147559868
216.2220888355342 0.516164326280207
216.31812725090037 0.5159357402907241
216.4141656662665 0.5157073033082248
216.51020408163265 0.5154783675746787
216.60624249699882 0.5152486783634644
216.70228091236496 0.5150186074782808
216.7983193277311 0.5147886977655817
216.89435774309726 0.5145591461018086
216.9903961584634 0.514329841799721
217.08643457382954 0.5141006811403813
217.18247298919567 0.5138716591724979
217.27851140456184 0.5136428134319044
217.37454981992798 0.5134141568257923
217.47058823529412 0.5131856792637475
217.56662665066028 0.5129573755964751
217.66266506602642 0.512729253923886
217.75870348139256 0.5125013186112264
217.85474189675872 0.5122735490059207
217.95078031212486 0.5120459126508515
218.046818727491 0.5118184429573763
218.14285714285714 0.5115912605294856
218.2388955582233 0.511364395579377
218.33493397358944 0.5111375540836606
218.43097238895558 0.510910201752861
218.52701080432175 0.5106821275117931
218.62304921968789 0.5104536342028608
218.71908763505402 0.5102252321857922
218.8151260504202 0.5099972153003238
218.91116446578633 0.5097696265054905
219.00720288115247 0.5095422367439384
219.1032412965186 0.5093145442081218
219.19927971188477 0.5090861217994451
219.2953181272509 0.5088571224689356
219.39135654261705 0.508628183982275
219.4873949579832 0.5083995744588334
219.58343337334935 0.5081708673908304
219.6794717887155 0.5079414681530009
219.77551020408166 0.5077114200029178
219.8715486194478 0.507481345089205
219.96758703481393 0.507251592363451
220.06362545018007 0.5070218910234644
220.15966386554624 0.5067916866886881
220.25570228091237 0.5065606833949816
220.3517406962785 0.5063288777481011
220.44777911164468 0.5060964549456289
220.54381752701082 0.5058637420425618
220.63985594237695 0.5056311106112604
220.7358943577431 0.5053988124885904
220.83193277310926 0.5051669466644154
220.9279711884754 0.5049353267963477
221.02400960384153 0.5047034248304415
221.1200480192077 0.504470748616186
221.21608643457384 0.5042375145693349
221.31212484993998 0.5040045584974601
221.40816326530614 0.5037720601666661
221.50420168067228 0.5035389347924623
221.60024009603842 0.5033036829515238
221.69627851140456 0.5030659897045368
221.79231692677072 0.5028267700788047
221.88835534213686 0.5025870601765701
221.984393757503 0.5023474523020911
222.08043217286917 0.5021081336105726
222.1764705882353 0.5018689705681096
222.27250900360144 0.5016295534881116
222.3685474189676 0.5013895101363246
222.46458583433375 0.5011486740019171
222.56062424969988 0.5009070907079697
222.65666266506602 0.5006650283865427
222.7527010804322 0.5004229428588585
222.84873949579833 0.5001811274725044
222.94477791116446 0.49993951670882125
223.04081632653063 0.4996979268977829
223.13685474189677 0.49945658798605297
223.2328931572629 0.4992161390709307
223.32893157262907 0.49897685204993086
223.4249699879952 0.4987381721628232
223.52100840336135 0.49849911679244513
223.6170468187275 0.4982592092725517
223.71308523409365 0.4980185643816222
223.8091236494598 0.49777738366632424
223.90516206482593 0.4975356403413149
224.0012004801921 0.49729321425260875
224.09723889555823 0.4970502320695229
224.19327731092437 0.4968070930548196
224.28931572629054 0.49656417394190405
224.38535414165668 0.4963216349962496
224.48139255702282 0.4960794326530558
224.57743097238895 0.4958373601794906
224.67346938775512 0.4955950660353856
224.76950780312126 0.4953522036618003
224.8655462184874 0.4951085351183126
224.96158463385356 0.4948640149700897
225.0576230492197 0.49461901279676124
225.15366146458584 0.49437431391183595
225.24969987995198 0.4941306229307137
225.34573829531814 0.4938882033044201
225.44177671068428 0.4936469427723744
225.53781512605042 0.49340656291943297
225.63385354141658 0.4931666697908965
225.72989195678272 0.4929269477928672
225.82593037214886 0.4926873076310638
225.92196878751503 0.49244782783093477
226.01800720288117 0.4922085669896826
226.1140456182473 0.4919695299612782
226.21008403361344 0.4917306925854863
226.3061224489796 0.49149202153921046
226.40216086434575 0.49125349520881034
226.49819927971188 0.4910151687188209
226.59423769507805 0.49077717359169715
226.6902761104442 0.4905394896415239
226.78631452581033 0.4903017528357964
226.8823529411765 0.4900634314992619
226.97839135654263 0.4898244420963538
227.07442977190877 0.48958524953187144
227.1704681872749 0.48934632143740386
227.26650660264107 0.48910764513605404
227.3625450180072 0.48886879372679254
227.45858343337335 0.48862922055980845
227.55462184873952 0.48838834401966424
227.65066026410565 0.48814592888637787
227.7466986794718 0.4879024408560259
227.84273709483796 0.48765882616710443
227.9387755102041 0.48741562860237536
228.03481392557023 0.4871728003509323
228.13085234093637 0.48693012730626556
228.22689075630254 0.4866876443966482
228.32292917166868 0.48644553279929265
228.4189675870348 0.48620363950079
228.51500600240098 0.4859613824494422
228.61104441776712 0.48571835434356553
228.70708283313326 0.4854749419494717
228.80312124849942 0.48523212253856457
228.89915966386556 0.4849904847473692
228.9951980792317 0.4847499863848755
229.09123649459784 0.48451039544532415
229.187274909964 0.48427176520800536
229.28331332533014 0.48403432465002855
229.37935174069628 0.4837978821305245
229.47539015606245 0.4835616769225997
229.57142857142858 0.48332490702427733
229.66746698679472 0.4830873264763464
229.76350540216086 0.4828491518613381
229.85954381752703 0.48261046850038614
229.95558223289316 0.4823710674740872
230.0516206482593 0.4821308597716185
230.14765906362547 0.481890368705925
230.2436974789916 0.4816505677021483
230.33973589435774 0.48141192384430437
230.4357743097239 0.4811741131170911
230.53181272509005 0.4809365335042751
230.6278511404562 0.48069894582486067
230.72388955582232 0.48046145398093165
230.8199279711885 0.48022418719195364
230.91596638655463 0.4799871946883878
231.01200480192077 0.4797504445991515
231.10804321728693 0.4795138225349427
231.20408163265307 0.4792771887710196
231.3001200480192 0.4790407008550819
231.39615846338538 0.4788049150624628
231.4921968787515 0.4785702891031826
231.58823529411765 0.4783364960407923
231.6842737094838 0.47810254837316135
231.78031212484996 0.4778678334431947
231.8763505402161 0.4776324896758432
231.97238895558223 0.4773971035626617
232.0684273709484 0.47716226986386423
232.16446578631454 0.47692849302926354
232.26050420168067 0.4766957811182743
232.35654261704684 0.47646349529694737
232.45258103241298 0.47623077440791034
232.54861944777912 0.4759971824143916
232.64465786314526 0.4757627341558792
232.74069627851142 0.4755277061511787
232.83673469387756 0.4752925547421222
232.9327731092437 0.47505767131093685
233.02881152460986 0.47482299026447755
233.124849939976 0.47458802853849935
233.22088835534214 0.474352415100746
233.3169267707083 0.4741161184239378
233.41296518607444 0.47387927259261525
233.50900360144058 0.4736418827381178
233.60504201680672 0.4734038335999344
233.7010804321729 0.4731651681500588
233.79711884753902 0.4729262128559854
233.89315726290516 0.47268739092709533
233.98919567827133 0.47244888996176065
234.08523409363747 0.4722106544230623
234.1812725090036 0.4719725976152746
234.27731092436974 0.47173470366783643
234.3733493397359 0.47149699917611865
234.46938775510205 0.4712594990716939
234.56542617046819 0.47102220186876886
234.66146458583435 0.47078509962330034
234.7575030012005 0.47054818305755985
234.85354141656663 0.47031144919586354
234.9495798319328 0.4700749163113712
235.04561824729893 0.46983861810918076
235.14165666266507 0.4696025349038001
235.2376950780312 0.4693665576794744
235.33373349339738 0.46913061651906796
235.4297719087635 0.4688949474220247
235.52581032412965 0.4686600704638289
235.62184873949582 0.46842625841180424
235.71788715486196 0.46819323919971545
235.8139255702281 0.46796047397526325
235.90996398559426 0.46772777078401295
236.0060024009604 0.4674953156791798
236.10204081632654 0.46726315879032093
236.19807923169267 0.4670309111649503
236.29411764705884 0.4667980386344366
236.39015606242498 0.46656454693613236
236.48619447779112 0.46633100892006873
236.58223289315728 0.4660978074185124
236.67827130852342 0.46586466460231196
236.77430972388956 0.4656309728143954
236.87034813925573 0.4653966141092177
236.96638655462186 0.46516203543842505
237.062424969988 0.4649277000676288
237.15846338535414 0.4646937283088627
237.2545018007203 0.46445999766716817
237.35054021608644 0.464226414702392
237.44657863145258 0.46399295743884156
237.54261704681875 0.4637596694042787
237.6386554621849 0.46352665534049625
237.73469387755102 0.46329399016122697
237.8307322929172 0.46306147295177
237.92677070828333 0.46282861885374
238.02280912364947 0.4625951068341887
238.1188475390156 0.46236110368989175
238.21488595438177 0.46212710220863445
238.3109243697479 0.4618934394263157
238.40696278511405 0.4616602113408447
238.5030012004802 0.46142727185071714
238.59903961584635 0.46119423215874344
238.6950780312125 0.460960623510596
238.79111644657863 0.4607263878792247
238.8871548619448 0.4604919412094896
238.98319327731093 0.4602577226233984
239.07923169267707 0.4600238339746618
239.17527010804324 0.45979013847656425
239.27130852340937 0.45955660652466895
239.3673469387755 0.4593233682341805
239.46338535414168 0.4590904368900553
239.55942376950782 0.4588574766801777
239.65546218487395 0.4586239724212194
239.7515006002401 0.45838982544188167
239.84753901560626 0.4581554529071981
239.9435774309724 0.4579213122559523
240.03961584633853 0.4576874815158413
240.1356542617047 0.45745377910447316
240.23169267707084 0.4572202414084675
240.32773109243698 0.45698721606848197
240.42376950780314 0.45675510272862285
240.51980792316928 0.456524112711178
240.61584633853542 0.4562942520849263
240.71188475390156 0.45606529114213107
240.80792316926772 0.4558367575382776
240.90396158463386 0.45560793674471217
241.0 0.45537787250310896
