1.00000 0.13218 0.13218
1.09604 0.13211 0.13218
1.19208 0.13204 0.13218
1.28812 0.13198 0.13218
1.38415 0.13191 0.13217
1.48019 0.13184 0.13217
1.57623 0.13177 0.13217
1.67227 0.13171 0.13217
1.76831 0.13164 0.13216
1.86435 0.13158 0.13216
1.96038 0.13151 0.13216
2.05642 0.13145 0.13216
2.15246 0.13139 0.13216
2.24850 0.13133 0.13216
2.34454 0.13127 0.13216
2.44058 0.13121 0.13216
2.53661 0.13115 0.13216
2.63265 0.13110 0.13216
2.72869 0.13104 0.13216
2.82473 0.13099 0.13216
2.92077 0.13094 0.13216
3.01681 0.13089 0.13217
3.11285 0.13084 0.13217
3.20888 0.13079 0.13217
3.30492 0.13074 0.13218
3.40096 0.13070 0.13218
3.49700 0.13065 0.13219
3.59304 0.13061 0.13219
3.68908 0.13057 0.13220
3.78511 0.13053 0.13220
3.88115 0.13049 0.13221
3.97719 0.13045 0.13222
4.07323 0.13041 0.13223
4.16927 0.13038 0.13223
4.26531 0.13035 0.13224
4.36134 0.13031 0.13225
4.45738 0.13028 0.13226
4.55342 0.13025 0.13227
4.64946 0.13022 0.13228
4.74550 0.13020 0.13229
4.84154 0.13017 0.13230
4.93758 0.13015 0.13232
5.03361 0.13012 0.13233
5.12965 0.13010 0.13234
5.22569 0.13008 0.13235
5.32173 0.13006 0.13237
5.41777 0.13005 0.13238
5.51381 0.13003 0.13240
5.60984 0.13002 0.13241
5.70588 0.13001 0.13243
5.80192 0.12999 0.13244
5.89796 0.12998 0.13246
5.99400 0.12997 0.13248
6.09004 0.12996 0.13249
6.18607 0.12995 0.13251
6.28211 0.12995 0.13253
6.37815 0.12994 0.13255
6.47419 0.12994 0.13257
6.57023 0.12993 0.13259
6.66627 0.12993 0.13261
6.76230 0.12993 0.13263
6.85834 0.12993 0.13265
6.95438 0.12993 0.13267
7.05042 0.12994 0.13269
7.14646 0.12994 0.13271
7.24250 0.12995 0.13273
7.33854 0.12995 0.13276
7.43457 0.12996 0.13278
7.53061 0.12998 0.13280
7.62665 0.12999 0.13283
7.72269 0.13000 0.13285
7.81873 0.13002 0.13288
7.91477 0.13003 0.13290
8.01080 0.13005 0.13293
8.10684 0.13007 0.13295
8.20288 0.13009 0.13298
8.29892 0.13011 0.13301
8.39496 0.13013 0.13303
8.49100 0.13016 0.13306
8.58703 0.13018 0.13309
8.68307 0.13021 0.13312
8.77911 0.13023 0.13314
8.87515 0.13026 0.13317
8.97119 0.13029 0.13320
9.06723 0.13032 0.13323
9.16327 0.13035 0.13326
9.25930 0.13038 0.13329
9.35534 0.13041 0.13332
9.45138 0.13045 0.13335
9.54742 0.13048 0.13338
9.64346 0.13052 0.13341
9.73950 0.13055 0.13345
9.83553 0.13059 0.13348
9.93157 0.13063 0.13351
10.02761 0.13067 0.13354
10.12365 0.13071 0.13358
10.21969 0.13075 0.13361
10.31573 0.13079 0.13364
10.41176 0.13084 0.13368
10.50780 0.13088 0.13371
10.60384 0.13093 0.13375
10.69988 0.13097 0.13378
10.79592 0.13102 0.13382
10.89196 0.13107 0.13385
10.98800 0.13112 0.13389
11.08403 0.13117 0.13392
11.18007 0.13122 0.13396
11.27611 0.13127 0.13399
11.37215 0.13133 0.13403
11.46819 0.13138 0.13407
11.56423 0.13143 0.13410
11.66026 0.13149 0.13414
11.75630 0.13155 0.13418
11.85234 0.13160 0.13421
11.94838 0.13166 0.13425
12.04442 0.13172 0.13429
12.14046 0.13178 0.13433
12.23649 0.13184 0.13437
12.33253 0.13190 0.13441
12.42857 0.13196 0.13445
12.52461 0.13202 0.13449
12.62065 0.13209 0.13453
12.71669 0.13215 0.13457
12.81273 0.13221 0.13461
12.90876 0.13228 0.13465
13.00480 0.13234 0.13469
13.10084 0.13241 0.13473
13.19688 0.13248 0.13477
13.29292 0.13255 0.13481
13.38896 0.13261 0.13485
13.48499 0.13268 0.13489
13.58103 0.13275 0.13493
13.67707 0.13283 0.13497
13.77311 0.13290 0.13502
13.86915 0.13297 0.13506
13.96519 0.13304 0.13510
14.06122 0.13312 0.13514
14.15726 0.13319 0.13519
14.25330 0.13327 0.13523
14.34934 0.13335 0.13527
14.44538 0.13342 0.13532
14.54142 0.13350 0.13536
14.63745 0.13358 0.13540
14.73349 0.13366 0.13545
14.82953 0.13375 0.13549
14.92557 0.13383 0.13554
15.02161 0.13391 0.13558
15.11765 0.13400 0.13563
15.21369 0.13409 0.13567
15.30972 0.13417 0.13572
15.40576 0.13426 0.13576
15.50180 0.13435 0.13581
15.59784 0.13444 0.13586
15.69388 0.13453 0.13590
15.78992 0.13462 0.13595
15.88595 0.13471 0.13600
15.98199 0.13481 0.13604
16.07803 0.13490 0.13609
16.17407 0.13500 0.13614
16.27011 0.13509 0.13619
16.36615 0.13519 0.13623
16.46218 0.13529 0.13628
16.55822 0.13539 0.13633
16.65426 0.13549 0.13638
16.75030 0.13559 0.13643
16.84634 0.13569 0.13648
16.94238 0.13579 0.13653
17.03842 0.13590 0.13658
17.13445 0.13600 0.13663
17.23049 0.13610 0.13668
17.32653 0.13621 0.13673
17.42257 0.13631 0.13678
17.51861 0.13642 0.13683
17.61465 0.13652 0.13688
17.71068 0.13663 0.13693
17.80672 0.13674 0.13698
17.90276 0.13684 0.13703
17.99880 0.13695 0.13708
18.09484 0.13706 0.13713
18.19088 0.13717 0.13719
18.28691 0.13728 0.13724
18.38295 0.13740 0.13729
18.47899 0.13751 0.13734
18.57503 0.13762 0.13740
18.67107 0.13774 0.13745
18.76711 0.13786 0.13751
18.86315 0.13797 0.13756
18.95918 0.13809 0.13761
19.05522 0.13821 0.13767
19.15126 0.13833 0.13772
19.24730 0.13845 0.13778
19.34334 0.13857 0.13783
19.43938 0.13869 0.13789
19.53541 0.13881 0.13795
19.63145 0.13893 0.13800
19.72749 0.13906 0.13806
19.82353 0.13918 0.13812
19.91957 0.13931 0.13817
20.01561 0.13943 0.13823
20.11164 0.13956 0.13829
20.20768 0.13968 0.13835
20.30372 0.13981 0.13840
20.39976 0.13994 0.13846
20.49580 0.14007 0.13852
20.59184 0.14020 0.13858
20.68788 0.14033 0.13864
20.78391 0.14046 0.13870
20.87995 0.14060 0.13876
20.97599 0.14073 0.13882
21.07203 0.14087 0.13888
21.16807 0.14100 0.13894
21.26411 0.14114 0.13900
21.36014 0.14128 0.13907
21.45618 0.14142 0.13913
21.55222 0.14156 0.13919
21.64826 0.14170 0.13925
21.74430 0.14184 0.13931
21.84034 0.14198 0.13938
21.93637 0.14212 0.13944
22.03241 0.14227 0.13950
22.12845 0.14241 0.13956
22.22449 0.14256 0.13963
22.32053 0.14271 0.13969
22.41657 0.14285 0.13976
22.51261 0.14300 0.13982
22.60864 0.14315 0.13989
22.70468 0.14330 0.13995
22.80072 0.14345 0.14001
22.89676 0.14361 0.14008
22.99280 0.14376 0.14015
23.08884 0.14391 0.14021
23.18487 0.14407 0.14028
23.28091 0.14422 0.14034
23.37695 0.14438 0.14041
23.47299 0.14454 0.14048
23.56903 0.14470 0.14054
23.66507 0.14485 0.14061
23.76110 0.14502 0.14068
23.85714 0.14518 0.14074
23.95318 0.14534 0.14081
24.04922 0.14551 0.14088
24.14526 0.14567 0.14095
24.24130 0.14584 0.14102
24.33733 0.14601 0.14109
24.43337 0.14617 0.14116
24.52941 0.14634 0.14123
24.62545 0.14651 0.14130
24.72149 0.14668 0.14137
24.81753 0.14686 0.14144
24.91357 0.14703 0.14151
25.00960 0.14720 0.14158
25.10564 0.14738 0.14165
25.20168 0.14755 0.14172
25.29772 0.14773 0.14179
25.39376 0.14791 0.14186
25.48980 0.14808 0.14194
25.58583 0.14826 0.14201
25.68187 0.14844 0.14208
25.77791 0.14862 0.14215
25.87395 0.14880 0.14223
25.96999 0.14899 0.14230
26.06603 0.14917 0.14238
26.16206 0.14935 0.14245
26.25810 0.14954 0.14252
26.35414 0.14973 0.14260
26.45018 0.14992 0.14267
26.54622 0.15011 0.14275
26.64226 0.15030 0.14282
26.73830 0.15049 0.14290
26.83433 0.15068 0.14298
26.93037 0.15087 0.14305
27.02641 0.15106 0.14313
27.12245 0.15126 0.14321
27.21849 0.15145 0.14328
27.31453 0.15165 0.14336
27.41056 0.15185 0.14344
27.50660 0.15205 0.14352
27.60264 0.15225 0.14359
27.69868 0.15245 0.14367
27.79472 0.15265 0.14375
27.89076 0.15285 0.14383
27.98679 0.15306 0.14391
28.08283 0.15326 0.14399
28.17887 0.15346 0.14407
28.27491 0.15367 0.14415
28.37095 0.15388 0.14423
28.46699 0.15408 0.14431
28.56303 0.15429 0.14439
28.65906 0.15450 0.14447
28.75510 0.15471 0.14455
28.85114 0.15492 0.14463
28.94718 0.15513 0.14471
29.04322 0.15534 0.14479
29.13926 0.15556 0.14488
29.23529 0.15577 0.14496
29.33133 0.15599 0.14504
29.42737 0.15620 0.14512
29.52341 0.15642 0.14521
29.61945 0.15664 0.14529
29.71549 0.15686 0.14537
29.81152 0.15708 0.14546
29.90756 0.15730 0.14554
30.00360 0.15752 0.14563
30.09964 0.15774 0.14571
30.19568 0.15796 0.14580
30.29172 0.15818 0.14588
30.38776 0.15840 0.14597
30.48379 0.15863 0.14605
30.57983 0.15885 0.14614
30.67587 0.15907 0.14623
30.77191 0.15930 0.14631
30.86795 0.15953 0.14640
30.96399 0.15975 0.14649
31.06002 0.15998 0.14658
31.15606 0.16021 0.14666
31.25210 0.16045 0.14675
31.34814 0.16068 0.14684
31.44418 0.16091 0.14693
31.54022 0.16115 0.14702
31.63625 0.16138 0.14710
31.73229 0.16162 0.14719
31.82833 0.16185 0.14728
31.92437 0.16209 0.14737
32.02041 0.16233 0.14746
32.11645 0.16256 0.14755
32.21248 0.16280 0.14764
32.30852 0.16304 0.14773
32.40456 0.16328 0.14782
32.50060 0.16352 0.14791
32.59664 0.16377 0.14800
32.69268 0.16401 0.14809
32.78872 0.16426 0.14818
32.88475 0.16450 0.14827
32.98079 0.16475 0.14836
33.07683 0.16499 0.14845
33.17287 0.16524 0.14855
33.26891 0.16549 0.14864
33.36495 0.16574 0.14873
33.46098 0.16599 0.14882
33.55702 0.16624 0.14892
33.65306 0.16650 0.14901
33.74910 0.16675 0.14910
33.84514 0.16701 0.14920
33.94118 0.16727 0.14929
34.03721 0.16752 0.14939
34.13325 0.16778 0.14948
34.22929 0.16804 0.14957
34.32533 0.16830 0.14967
34.42137 0.16856 0.14977
34.51741 0.16883 0.14986
34.61345 0.16909 0.14996
34.70948 0.16935 0.15005
34.80552 0.16962 0.15015
34.90156 0.16989 0.15025
34.99760 0.17016 0.15034
35.09364 0.17042 0.15044
35.18968 0.17069 0.15054
35.28571 0.17096 0.15063
35.38175 0.17124 0.15073
35.47779 0.17151 0.15083
35.57383 0.17179 0.15093
35.66987 0.17206 0.15103
35.76591 0.17234 0.15113
35.86194 0.17261 0.15123
35.95798 0.17289 0.15132
36.05402 0.17317 0.15142
36.15006 0.17345 0.15152
36.24610 0.17373 0.15162
36.34214 0.17401 0.15172
36.43818 0.17429 0.15183
36.53421 0.17458 0.15193
36.63025 0.17486 0.15203
36.72629 0.17515 0.15213
36.82233 0.17543 0.15223
36.91837 0.17572 0.15233
37.01441 0.17601 0.15243
37.11044 0.17630 0.15253
37.20648 0.17659 0.15264
37.30252 0.17688 0.15274
37.39856 0.17717 0.15284
37.49460 0.17747 0.15294
37.59064 0.17776 0.15305
37.68667 0.17806 0.15315
37.78271 0.17836 0.15325
37.87875 0.17866 0.15336
37.97479 0.17896 0.15346
38.07083 0.17926 0.15357
38.16687 0.17956 0.15367
38.26291 0.17986 0.15378
38.35894 0.18016 0.15388
38.45498 0.18046 0.15399
38.55102 0.18077 0.15409
38.64706 0.18107 0.15420
38.74310 0.18138 0.15431
38.83914 0.18168 0.15441
38.93517 0.18199 0.15452
39.03121 0.18230 0.15462
39.12725 0.18261 0.15473
39.22329 0.18292 0.15484
39.31933 0.18323 0.15494
39.41537 0.18354 0.15505
39.51140 0.18386 0.15516
39.60744 0.18417 0.15527
39.70348 0.18449 0.15537
39.79952 0.18481 0.15548
39.89556 0.18512 0.15559
39.99160 0.18544 0.15570
40.08764 0.18576 0.15581
40.18367 0.18609 0.15592
40.27971 0.18641 0.15603
40.37575 0.18673 0.15614
40.47179 0.18706 0.15625
40.56783 0.18739 0.15636
40.66387 0.18772 0.15647
40.75990 0.18805 0.15658
40.85594 0.18838 0.15669
40.95198 0.18871 0.15680
41.04802 0.18904 0.15691
41.14406 0.18937 0.15702
41.24010 0.18971 0.15713
41.33613 0.19004 0.15725
41.43217 0.19038 0.15736
41.52821 0.19072 0.15747
41.62425 0.19105 0.15758
41.72029 0.19139 0.15770
41.81633 0.19173 0.15781
41.91236 0.19207 0.15792
42.00840 0.19241 0.15803
42.10444 0.19275 0.15815
42.20048 0.19309 0.15826
42.29652 0.19343 0.15838
42.39256 0.19378 0.15849
42.48860 0.19412 0.15860
42.58463 0.19447 0.15872
42.68067 0.19481 0.15884
42.77671 0.19516 0.15895
42.87275 0.19551 0.15907
42.96879 0.19586 0.15918
43.06483 0.19621 0.15930
43.16086 0.19656 0.15942
43.25690 0.19691 0.15953
43.35294 0.19726 0.15965
43.44898 0.19762 0.15977
43.54502 0.19797 0.15988
43.64106 0.19833 0.16000
43.73709 0.19869 0.16012
43.83313 0.19904 0.16024
43.92917 0.19941 0.16035
44.02521 0.19977 0.16047
44.12125 0.20013 0.16059
44.21729 0.20049 0.16071
44.31333 0.20086 0.16083
44.40936 0.20123 0.16095
44.50540 0.20159 0.16107
44.60144 0.20196 0.16119
44.69748 0.20233 0.16131
44.79352 0.20271 0.16143
44.88956 0.20308 0.16155
44.98559 0.20345 0.16167
45.08163 0.20382 0.16179
45.17767 0.20420 0.16191
45.27371 0.20458 0.16203
45.36975 0.20496 0.16215
45.46579 0.20534 0.16227
45.56182 0.20572 0.16240
45.65786 0.20610 0.16252
45.75390 0.20648 0.16264
45.84994 0.20686 0.16276
45.94598 0.20725 0.16288
46.04202 0.20763 0.16301
46.13806 0.20802 0.16313
46.23409 0.20840 0.16325
46.33013 0.20879 0.16338
46.42617 0.20918 0.16350
46.52221 0.20956 0.16362
46.61825 0.20995 0.16375
46.71429 0.21034 0.16387
46.81032 0.21074 0.16399
46.90636 0.21113 0.16412
47.00240 0.21153 0.16424
47.09844 0.21193 0.16437
47.19448 0.21232 0.16449
47.29052 0.21272 0.16462
47.38655 0.21312 0.16474
47.48259 0.21352 0.16487
47.57863 0.21393 0.16499
47.67467 0.21433 0.16512
47.77071 0.21473 0.16524
47.86675 0.21514 0.16537
47.96279 0.21554 0.16549
48.05882 0.21595 0.16562
48.15486 0.21636 0.16574
48.25090 0.21676 0.16587
48.34694 0.21717 0.16600
48.44298 0.21758 0.16612
48.53902 0.21799 0.16625
48.63505 0.21840 0.16638
48.73109 0.21881 0.16650
48.82713 0.21923 0.16663
48.92317 0.21964 0.16676
49.01921 0.22006 0.16688
49.11525 0.22048 0.16701
49.21128 0.22090 0.16714
49.30732 0.22132 0.16727
49.40336 0.22174 0.16740
49.49940 0.22216 0.16753
49.59544 0.22258 0.16766
49.69148 0.22300 0.16779
49.78752 0.22343 0.16792
49.88355 0.22385 0.16805
49.97959 0.22427 0.16818
50.07563 0.22470 0.16831
50.17167 0.22512 0.16844
50.26771 0.22555 0.16857
50.36375 0.22598 0.16870
50.45978 0.22640 0.16883
50.55582 0.22683 0.16896
50.65186 0.22727 0.16910
50.74790 0.22770 0.16923
50.84394 0.22814 0.16936
50.93998 0.22857 0.16949
51.03601 0.22901 0.16963
51.13205 0.22945 0.16976
51.22809 0.22988 0.16989
51.32413 0.23032 0.17003
51.42017 0.23076 0.17016
51.51621 0.23121 0.17030
51.61224 0.23165 0.17043
51.70828 0.23209 0.17057
51.80432 0.23254 0.17070
51.90036 0.23298 0.17084
51.99640 0.23343 0.17097
52.09244 0.23388 0.17111
52.18848 0.23433 0.17124
52.28451 0.23478 0.17138
52.38055 0.23523 0.17152
52.47659 0.23568 0.17165
52.57263 0.23614 0.17179
52.66867 0.23659 0.17193
52.76471 0.23705 0.17207
52.86074 0.23750 0.17221
52.95678 0.23796 0.17234
53.05282 0.23842 0.17248
53.14886 0.23887 0.17262
53.24490 0.23933 0.17276
53.34094 0.23979 0.17290
53.43697 0.24025 0.17304
53.53301 0.24072 0.17318
53.62905 0.24118 0.17331
53.72509 0.24164 0.17345
53.82113 0.24210 0.17359
53.91717 0.24257 0.17373
54.01321 0.24304 0.17387
54.10924 0.24350 0.17401
54.20528 0.24397 0.17415
54.30132 0.24444 0.17429
54.39736 0.24491 0.17443
54.49340 0.24539 0.17457
54.58944 0.24586 0.17472
54.68547 0.24634 0.17486
54.78151 0.24681 0.17500
54.87755 0.24729 0.17514
54.97359 0.24777 0.17528
55.06963 0.24824 0.17543
55.16567 0.24872 0.17557
55.26170 0.24921 0.17571
55.35774 0.24969 0.17585
55.45378 0.25017 0.17600
55.54982 0.25066 0.17614
55.64586 0.25115 0.17628
55.74190 0.25163 0.17643
55.83794 0.25212 0.17657
55.93397 0.25261 0.17672
56.03001 0.25310 0.17686
56.12605 0.25359 0.17700
56.22209 0.25408 0.17715
56.31813 0.25457 0.17729
56.41417 0.25506 0.17744
56.51020 0.25556 0.17758
56.60624 0.25605 0.17773
56.70228 0.25655 0.17787
56.79832 0.25704 0.17802
56.89436 0.25754 0.17816
56.99040 0.25803 0.17831
57.08643 0.25853 0.17846
57.18247 0.25903 0.17860
57.27851 0.25953 0.17875
57.37455 0.26003 0.17890
57.47059 0.26054 0.17904
57.56663 0.26104 0.17919
57.66267 0.26154 0.17934
57.75870 0.26205 0.17949
57.85474 0.26256 0.17963
57.95078 0.26306 0.17978
58.04682 0.26357 0.17993
58.14286 0.26408 0.18008
58.23890 0.26459 0.18023
58.33493 0.26511 0.18038
58.43097 0.26562 0.18053
58.52701 0.26614 0.18068
58.62305 0.26665 0.18083
58.71909 0.26717 0.18098
58.81513 0.26769 0.18113
58.91116 0.26820 0.18128
59.00720 0.26872 0.18143
59.10324 0.26924 0.18158
59.19928 0.26976 0.18173
59.29532 0.27029 0.18188
59.39136 0.27081 0.18203
59.48739 0.27133 0.18219
59.58343 0.27186 0.18234
59.67947 0.27238 0.18249
59.77551 0.27291 0.18264
59.87155 0.27343 0.18279
59.96759 0.27396 0.18295
60.06363 0.27448 0.18310
60.15966 0.27501 0.18325
60.25570 0.27554 0.18341
60.35174 0.27606 0.18356
60.44778 0.27659 0.18371
60.54382 0.27712 0.18387
60.63986 0.27765 0.18402
60.73589 0.27818 0.18417
60.83193 0.27871 0.18433
60.92797 0.27924 0.18448
61.02401 0.27977 0.18464
61.12005 0.28031 0.18479
61.21609 0.28084 0.18495
61.31212 0.28137 0.18510
61.40816 0.28191 0.18526
61.50420 0.28244 0.18541
61.60024 0.28298 0.18557
61.69628 0.28352 0.18572
61.79232 0.28406 0.18588
61.88836 0.28460 0.18604
61.98439 0.28514 0.18619
62.08043 0.28568 0.18635
62.17647 0.28622 0.18651
62.27251 0.28676 0.18666
62.36855 0.28730 0.18682
62.46459 0.28785 0.18698
62.56062 0.28839 0.18714
62.65666 0.28894 0.18729
62.75270 0.28949 0.18745
62.84874 0.29003 0.18761
62.94478 0.29058 0.18777
63.04082 0.29113 0.18793
63.13685 0.29168 0.18809
63.23289 0.29223 0.18825
63.32893 0.29278 0.18841
63.42497 0.29334 0.18857
63.52101 0.29389 0.18873
63.61705 0.29444 0.18889
63.71309 0.29499 0.18905
63.80912 0.29555 0.18921
63.90516 0.29610 0.18937
64.00120 0.29666 0.18953
64.09724 0.29722 0.18970
64.19328 0.29777 0.18986
64.28932 0.29833 0.19002
64.38535 0.29889 0.19018
64.48139 0.29945 0.19034
64.57743 0.30001 0.19051
64.67347 0.30057 0.19067
64.76951 0.30113 0.19083
64.86555 0.30169 0.19099
64.96158 0.30225 0.19116
65.05762 0.30282 0.19132
65.15366 0.30338 0.19148
65.24970 0.30395 0.19165
65.34574 0.30451 0.19181
65.44178 0.30508 0.19197
65.53782 0.30564 0.19214
65.63385 0.30621 0.19230
65.72989 0.30678 0.19247
65.82593 0.30735 0.19263
65.92197 0.30791 0.19280
66.01801 0.30848 0.19296
66.11405 0.30905 0.19313
66.21008 0.30963 0.19329
66.30612 0.31020 0.19346
66.40216 0.31078 0.19362
66.49820 0.31135 0.19379
66.59424 0.31193 0.19395
66.69028 0.31250 0.19412
66.78631 0.31308 0.19429
66.88235 0.31366 0.19445
66.97839 0.31424 0.19462
67.07443 0.31482 0.19479
67.17047 0.31540 0.19495
67.26651 0.31599 0.19512
67.36255 0.31657 0.19529
67.45858 0.31715 0.19545
67.55462 0.31774 0.19562
67.65066 0.31832 0.19579
67.74670 0.31891 0.19596
67.84274 0.31949 0.19612
67.93878 0.32007 0.19629
68.03481 0.32066 0.19646
68.13085 0.32124 0.19663
68.22689 0.32183 0.19679
68.32293 0.32242 0.19696
68.41897 0.32300 0.19713
68.51501 0.32359 0.19730
68.61104 0.32418 0.19747
68.70708 0.32477 0.19763
68.80312 0.32536 0.19780
68.89916 0.32596 0.19797
68.99520 0.32655 0.19814
69.09124 0.32714 0.19831
69.18727 0.32773 0.19848
69.28331 0.32832 0.19865
69.37935 0.32892 0.19882
69.47539 0.32951 0.19899
69.57143 0.33011 0.19916
69.66747 0.33070 0.19933
69.76351 0.33129 0.19950
69.85954 0.33189 0.19967
69.95558 0.33248 0.19984
70.05162 0.33308 0.20001
70.14766 0.33367 0.20019
70.24370 0.33427 0.20036
70.33974 0.33486 0.20053
70.43577 0.33546 0.20070
70.53181 0.33605 0.20087
70.62785 0.33665 0.20105
70.72389 0.33724 0.20122
70.81993 0.33784 0.20139
70.91597 0.33844 0.20157
71.01200 0.33904 0.20174
71.10804 0.33964 0.20191
71.20408 0.34024 0.20208
71.30012 0.34084 0.20226
71.39616 0.34145 0.20243
71.49220 0.34206 0.20260
71.58824 0.34266 0.20278
71.68427 0.34327 0.20295
71.78031 0.34388 0.20312
71.87635 0.34449 0.20330
71.97239 0.34510 0.20347
72.06843 0.34571 0.20365
72.16447 0.34632 0.20382
72.26050 0.34693 0.20400
72.35654 0.34754 0.20417
72.45258 0.34815 0.20435
72.54862 0.34877 0.20452
72.64466 0.34938 0.20470
72.74070 0.34999 0.20487
72.83673 0.35060 0.20505
72.93277 0.35122 0.20523
73.02881 0.35183 0.20540
73.12485 0.35244 0.20558
73.22089 0.35305 0.20575
73.31693 0.35367 0.20593
73.41297 0.35428 0.20611
73.50900 0.35489 0.20628
73.60504 0.35551 0.20646
73.70108 0.35612 0.20664
73.79712 0.35674 0.20682
73.89316 0.35735 0.20699
73.98920 0.35796 0.20717
74.08523 0.35858 0.20735
74.18127 0.35919 0.20753
74.27731 0.35981 0.20771
74.37335 0.36042 0.20789
74.46939 0.36104 0.20806
74.56543 0.36165 0.20824
74.66146 0.36227 0.20842
74.75750 0.36289 0.20860
74.85354 0.36350 0.20878
74.94958 0.36412 0.20896
75.04562 0.36474 0.20914
75.14166 0.36536 0.20932
75.23770 0.36599 0.20950
75.33373 0.36661 0.20968
75.42977 0.36723 0.20986
75.52581 0.36785 0.21004
75.62185 0.36848 0.21023
75.71789 0.36910 0.21041
75.81393 0.36972 0.21059
75.90996 0.37035 0.21077
76.00600 0.37097 0.21095
76.10204 0.37160 0.21113
76.19808 0.37222 0.21132
76.29412 0.37285 0.21150
76.39016 0.37347 0.21168
76.48619 0.37410 0.21186
76.58223 0.37473 0.21205
76.67827 0.37535 0.21223
76.77431 0.37598 0.21241
76.87035 0.37661 0.21260
76.96639 0.37724 0.21278
77.06242 0.37787 0.21296
77.15846 0.37849 0.21314
77.25450 0.37912 0.21333
77.35054 0.37975 0.21351
77.44658 0.38038 0.21369
77.54262 0.38101 0.21388
77.63866 0.38164 0.21406
77.73469 0.38227 0.21425
77.83073 0.38289 0.21443
77.92677 0.38352 0.21462
78.02281 0.38415 0.21480
78.11885 0.38478 0.21499
78.21489 0.38541 0.21517
78.31092 0.38604 0.21536
78.40696 0.38667 0.21554
78.50300 0.38730 0.21573
78.59904 0.38793 0.21592
78.69508 0.38856 0.21610
78.79112 0.38919 0.21629
78.88715 0.38982 0.21648
78.98319 0.39045 0.21666
79.07923 0.39108 0.21685
79.17527 0.39171 0.21704
79.27131 0.39234 0.21722
79.36735 0.39297 0.21741
79.46339 0.39360 0.21760
79.55942 0.39424 0.21779
79.65546 0.39487 0.21797
79.75150 0.39550 0.21816
79.84754 0.39614 0.21835
79.94358 0.39677 0.21854
80.03962 0.39741 0.21873
80.13565 0.39804 0.21891
80.23169 0.39868 0.21910
80.32773 0.39931 0.21929
80.42377 0.39995 0.21948
80.51981 0.40058 0.21967
80.61585 0.40122 0.21986
80.71188 0.40185 0.22005
80.80792 0.40249 0.22024
80.90396 0.40313 0.22043
81.00000 0.40377 0.22062
81.09604 0.40440 0.22081
81.19208 0.40504 0.22100
81.28812 0.40568 0.22119
81.38415 0.40632 0.22138
81.48019 0.40696 0.22157
81.57623 0.40760 0.22176
81.67227 0.40824 0.22195
81.76831 0.40888 0.22214
81.86435 0.40952 0.22233
81.96038 0.41016 0.22252
82.05642 0.41080 0.22271
82.15246 0.41144 0.22290
82.24850 0.41208 0.22310
82.34454 0.41272 0.22329
82.44058 0.41336 0.22348
82.53661 0.41400 0.22367
82.63265 0.41464 0.22386
82.72869 0.41528 0.22405
82.82473 0.41592 0.22425
82.92077 0.41656 0.22444
83.01681 0.41720 0.22463
83.11285 0.41785 0.22483
83.20888 0.41849 0.22502
83.30492 0.41913 0.22521
83.40096 0.41977 0.22541
83.49700 0.42041 0.22560
83.59304 0.42106 0.22579
83.68908 0.42170 0.22599
83.78511 0.42234 0.22618
83.88115 0.42299 0.22637
83.97719 0.42363 0.22657
84.07323 0.42427 0.22676
84.16927 0.42491 0.22696
84.26531 0.42556 0.22715
84.36134 0.42620 0.22735
84.45738 0.42684 0.22754
84.55342 0.42748 0.22774
84.64946 0.42813 0.22794
84.74550 0.42877 0.22813
84.84154 0.42942 0.22833
84.93758 0.43006 0.22852
85.03361 0.43070 0.22872
85.12965 0.43135 0.22892
85.22569 0.43199 0.22911
85.32173 0.43264 0.22931
85.41777 0.43328 0.22951
85.51381 0.43392 0.22971
85.60984 0.43457 0.22990
85.70588 0.43521 0.23010
85.80192 0.43586 0.23030
85.89796 0.43650 0.23049
85.99400 0.43715 0.23069
86.09004 0.43779 0.23089
86.18607 0.43844 0.23109
86.28211 0.43909 0.23129
86.37815 0.43973 0.23148
86.47419 0.44038 0.23168
86.57023 0.44103 0.23188
86.66627 0.44167 0.23208
86.76230 0.44232 0.23228
86.85834 0.44297 0.23248
86.95438 0.44361 0.23267
87.05042 0.44426 0.23287
87.14646 0.44491 0.23307
87.24250 0.44555 0.23327
87.33854 0.44620 0.23347
87.43457 0.44685 0.23367
87.53061 0.44749 0.23387
87.62665 0.44814 0.23407
87.72269 0.44879 0.23427
87.81873 0.44943 0.23447
87.91477 0.45008 0.23467
88.01080 0.45073 0.23487
88.10684 0.45137 0.23507
88.20288 0.45202 0.23527
88.29892 0.45266 0.23547
88.39496 0.45331 0.23567
88.49100 0.45396 0.23587
88.58703 0.45460 0.23607
88.68307 0.45525 0.23627
88.77911 0.45589 0.23647
88.87515 0.45654 0.23668
88.97119 0.45718 0.23688
89.06723 0.45783 0.23708
89.16327 0.45847 0.23728
89.25930 0.45912 0.23748
89.35534 0.45976 0.23768
89.45138 0.46040 0.23788
89.54742 0.46105 0.23809
89.64346 0.46169 0.23829
89.73950 0.46234 0.23849
89.83553 0.46298 0.23869
89.93157 0.46362 0.23889
90.02761 0.46426 0.23910
90.12365 0.46491 0.23930
90.21969 0.46555 0.23950
90.31573 0.46619 0.23971
90.41176 0.46683 0.23991
90.50780 0.46748 0.24011
90.60384 0.46812 0.24032
90.69988 0.46876 0.24052
90.79592 0.46940 0.24072
90.89196 0.47005 0.24093
90.98800 0.47069 0.24113
91.08403 0.47133 0.24133
91.18007 0.47198 0.24154
91.27611 0.47262 0.24174
91.37215 0.47326 0.24195
91.46819 0.47390 0.24215
91.56423 0.47454 0.24236
91.66026 0.47518 0.24256
91.75630 0.47582 0.24277
91.85234 0.47646 0.24297
91.94838 0.47709 0.24318
92.04442 0.47773 0.24338
92.14046 0.47837 0.24359
92.23649 0.47901 0.24379
92.33253 0.47964 0.24400
92.42857 0.48028 0.24421
92.52461 0.48092 0.24441
92.62065 0.48155 0.24462
92.71669 0.48219 0.24482
92.81273 0.48283 0.24503
92.90876 0.48347 0.24523
93.00480 0.48411 0.24544
93.10084 0.48474 0.24565
93.19688 0.48538 0.24585
93.29292 0.48602 0.24606
93.38896 0.48666 0.24627
93.48499 0.48729 0.24647
93.58103 0.48793 0.24668
93.67707 0.48857 0.24689
93.77311 0.48921 0.24709
93.86915 0.48985 0.24730
93.96519 0.49048 0.24751
94.06122 0.49112 0.24772
94.15726 0.49175 0.24792
94.25330 0.49239 0.24813
94.34934 0.49303 0.24834
94.44538 0.49366 0.24855
94.54142 0.49430 0.24876
94.63745 0.49493 0.24896
94.73349 0.49557 0.24917
94.82953 0.49620 0.24938
94.92557 0.49684 0.24959
95.02161 0.49748 0.24980
95.11765 0.49811 0.25001
95.21369 0.49874 0.25022
95.30972 0.49938 0.25042
95.40576 0.50001 0.25063
95.50180 0.50065 0.25084
95.59784 0.50128 0.25105
95.69388 0.50192 0.25126
95.78992 0.50255 0.25147
95.88595 0.50318 0.25168
95.98199 0.50381 0.25189
96.07803 0.50444 0.25210
96.17407 0.50508 0.25231
96.27011 0.50571 0.25253
96.36615 0.50634 0.25274
96.46218 0.50697 0.25295
96.55822 0.50760 0.25316
96.65426 0.50823 0.25337
96.75030 0.50886 0.25358
96.84634 0.50949 0.25379
96.94238 0.51012 0.25400
97.03842 0.51075 0.25422
97.13445 0.51138 0.25443
97.23049 0.51200 0.25464
97.32653 0.51263 0.25485
97.42257 0.51326 0.25506
97.51861 0.51388 0.25528
97.61465 0.51451 0.25549
97.71068 0.51513 0.25570
97.80672 0.51576 0.25591
97.90276 0.51638 0.25613
97.99880 0.51701 0.25634
98.09484 0.51764 0.25655
98.19088 0.51827 0.25677
98.28691 0.51889 0.25698
98.38295 0.51952 0.25719
98.47899 0.52014 0.25740
98.57503 0.52077 0.25762
98.67107 0.52140 0.25783
98.76711 0.52202 0.25804
98.86315 0.52264 0.25826
98.95918 0.52327 0.25847
99.05522 0.52389 0.25868
99.15126 0.52451 0.25890
99.24730 0.52514 0.25911
99.34334 0.52576 0.25932
99.43938 0.52638 0.25954
99.53541 0.52700 0.25975
99.63145 0.52762 0.25997
99.72749 0.52824 0.26018
99.82353 0.52886 0.26040
99.91957 0.52948 0.26061
100.01561 0.53010 0.26083
100.11164 0.53072 0.26104
100.20768 0.53134 0.26126
100.30372 0.53196 0.26147
100.39976 0.53257 0.26169
100.49580 0.53319 0.26190
100.59184 0.53381 0.26212
100.68788 0.53442 0.26233
100.78391 0.53504 0.26255
100.87995 0.53565 0.26276
100.97599 0.53627 0.26298
101.07203 0.53688 0.26320
101.16807 0.53749 0.26341
101.26411 0.53810 0.26363
101.36014 0.53871 0.26385
101.45618 0.53932 0.26406
101.55222 0.53993 0.26428
101.64826 0.54054 0.26450
101.74430 0.54115 0.26471
101.84034 0.54176 0.26493
101.93637 0.54236 0.26515
102.03241 0.54297 0.26536
102.12845 0.54358 0.26558
102.22449 0.54418 0.26580
102.32053 0.54479 0.26601
102.41657 0.54539 0.26623
102.51261 0.54600 0.26645
102.60864 0.54660 0.26667
102.70468 0.54720 0.26688
102.80072 0.54781 0.26710
102.89676 0.54841 0.26732
102.99280 0.54901 0.26754
103.08884 0.54961 0.26775
103.18487 0.55021 0.26797
103.28091 0.55081 0.26819
103.37695 0.55141 0.26841
103.47299 0.55200 0.26863
103.56903 0.55260 0.26884
103.66507 0.55320 0.26906
103.76110 0.55379 0.26928
103.85714 0.55439 0.26950
103.95318 0.55499 0.26972
104.04922 0.55558 0.26994
104.14526 0.55618 0.27015
104.24130 0.55678 0.27037
104.33733 0.55737 0.27059
104.43337 0.55796 0.27081
104.52941 0.55856 0.27103
104.62545 0.55915 0.27125
104.72149 0.55975 0.27147
104.81753 0.56034 0.27169
104.91357 0.56093 0.27191
105.00960 0.56152 0.27212
105.10564 0.56211 0.27234
105.20168 0.56270 0.27256
105.29772 0.56329 0.27278
105.39376 0.56387 0.27300
105.48980 0.56446 0.27322
105.58583 0.56505 0.27344
105.68187 0.56563 0.27366
105.77791 0.56621 0.27388
105.87395 0.56680 0.27410
105.96999 0.56738 0.27432
106.06603 0.56796 0.27454
106.16206 0.56854 0.27476
106.25810 0.56912 0.27498
106.35414 0.56970 0.27520
106.45018 0.57028 0.27542
106.54622 0.57086 0.27564
106.64226 0.57144 0.27586
106.73830 0.57202 0.27609
106.83433 0.57260 0.27631
106.93037 0.57318 0.27653
107.02641 0.57375 0.27675
107.12245 0.57433 0.27697
107.21849 0.57490 0.27719
107.31453 0.57548 0.27741
107.41056 0.57605 0.27763
107.50660 0.57662 0.27785
107.60264 0.57720 0.27807
107.69868 0.57777 0.27829
107.79472 0.57834 0.27851
107.89076 0.57891 0.27874
107.98679 0.57948 0.27896
108.08283 0.58005 0.27918
108.17887 0.58061 0.27940
108.27491 0.58118 0.27962
108.37095 0.58175 0.27984
108.46699 0.58232 0.28006
108.56303 0.58288 0.28028
108.65906 0.58345 0.28050
108.75510 0.58401 0.28072
108.85114 0.58458 0.28094
108.94718 0.58514 0.28116
109.04322 0.58570 0.28138
109.13926 0.58626 0.28160
109.23529 0.58682 0.28182
109.33133 0.58738 0.28204
109.42737 0.58794 0.28226
109.52341 0.58850 0.28249
109.61945 0.58906 0.28271
109.71549 0.58962 0.28293
109.81152 0.59018 0.28315
109.90756 0.59074 0.28337
110.00360 0.59129 0.28359
110.09964 0.59185 0.28381
110.19568 0.59241 0.28404
110.29172 0.59296 0.28426
110.38776 0.59352 0.28448
110.48379 0.59407 0.28470
110.57983 0.59463 0.28492
110.67587 0.59518 0.28515
110.77191 0.59573 0.28537
110.86795 0.59628 0.28559
110.96399 0.59683 0.28581
111.06002 0.59738 0.28604
111.15606 0.59793 0.28626
111.25210 0.59848 0.28648
111.34814 0.59903 0.28670
111.44418 0.59958 0.28693
111.54022 0.60013 0.28715
111.63625 0.60068 0.28737
111.73229 0.60122 0.28760
111.82833 0.60177 0.28782
111.92437 0.60231 0.28804
112.02041 0.60286 0.28826
112.11645 0.60340 0.28849
112.21248 0.60395 0.28871
112.30852 0.60449 0.28894
112.40456 0.60503 0.28916
112.50060 0.60557 0.28938
112.59664 0.60611 0.28961
112.69268 0.60665 0.28983
112.78872 0.60719 0.29006
112.88475 0.60773 0.29028
112.98079 0.60827 0.29050
113.07683 0.60880 0.29073
113.17287 0.60934 0.29095
113.26891 0.60988 0.29118
113.36495 0.61041 0.29140
113.46098 0.61094 0.29163
113.55702 0.61148 0.29185
113.65306 0.61201 0.29208
113.74910 0.61254 0.29230
113.84514 0.61307 0.29253
113.94118 0.61361 0.29275
114.03721 0.61414 0.29298
114.13325 0.61467 0.29320
114.22929 0.61520 0.29343
114.32533 0.61573 0.29365
114.42137 0.61625 0.29388
114.51741 0.61678 0.29410
114.61345 0.61731 0.29433
114.70948 0.61784 0.29455
114.80552 0.61836 0.29478
114.90156 0.61889 0.29500
114.99760 0.61941 0.29523
115.09364 0.61994 0.29545
115.18968 0.62046 0.29568
115.28571 0.62098 0.29590
115.38175 0.62150 0.29613
115.47779 0.62202 0.29635
115.57383 0.62254 0.29658
115.66987 0.62306 0.29680
115.76591 0.62357 0.29703
115.86194 0.62409 0.29725
115.95798 0.62460 0.29748
116.05402 0.62512 0.29770
116.15006 0.62563 0.29793
116.24610 0.62614 0.29815
116.34214 0.62665 0.29838
116.43818 0.62716 0.29861
116.53421 0.62767 0.29883
116.63025 0.62817 0.29906
116.72629 0.62868 0.29928
116.82233 0.62918 0.29951
116.91837 0.62969 0.29973
117.01441 0.63019 0.29996
117.11044 0.63070 0.30018
117.20648 0.63120 0.30041
117.30252 0.63171 0.30064
117.39856 0.63221 0.30086
117.49460 0.63271 0.30109
117.59064 0.63321 0.30131
117.68667 0.63372 0.30154
117.78271 0.63422 0.30176
117.87875 0.63471 0.30199
117.97479 0.63521 0.30222
118.07083 0.63571 0.30244
118.16687 0.63620 0.30267
118.26291 0.63669 0.30289
118.35894 0.63719 0.30312
118.45498 0.63768 0.30334
118.55102 0.63817 0.30357
118.64706 0.63866 0.30380
118.74310 0.63915 0.30402
118.83914 0.63964 0.30425
118.93517 0.64012 0.30447
119.03121 0.64061 0.30470
119.12725 0.64110 0.30493
119.22329 0.64159 0.30515
119.31933 0.64207 0.30538
119.41537 0.64256 0.30561
119.51140 0.64304 0.30583
119.60744 0.64353 0.30606
119.70348 0.64401 0.30629
119.79952 0.64450 0.30651
119.89556 0.64498 0.30674
119.99160 0.64546 0.30697
120.08764 0.64594 0.30720
120.18367 0.64643 0.30742
120.27971 0.64691 0.30765
120.37575 0.64739 0.30788
120.47179 0.64787 0.30810
120.56783 0.64834 0.30833
120.66387 0.64882 0.30856
120.75990 0.64930 0.30879
120.85594 0.64977 0.30901
120.95198 0.65025 0.30924
121.04802 0.65073 0.30947
121.14406 0.65120 0.30970
121.24010 0.65167 0.30992
121.33613 0.65215 0.31015
121.43217 0.65262 0.31038
121.52821 0.65309 0.31061
121.62425 0.65356 0.31083
121.72029 0.65403 0.31106
121.81633 0.65450 0.31129
121.91236 0.65497 0.31152
122.00840 0.65544 0.31175
122.10444 0.65591 0.31197
122.20048 0.65638 0.31220
122.29652 0.65685 0.31243
122.39256 0.65732 0.31266
122.48860 0.65778 0.31289
122.58463 0.65825 0.31312
122.68067 0.65871 0.31335
122.77671 0.65918 0.31357
122.87275 0.65964 0.31380
122.96879 0.66010 0.31403
123.06483 0.66057 0.31426
123.16086 0.66103 0.31449
123.25690 0.66149 0.31471
123.35294 0.66195 0.31494
123.44898 0.66241 0.31517
123.54502 0.66287 0.31540
123.64106 0.66333 0.31563
123.73709 0.66379 0.31586
123.83313 0.66425 0.31608
123.92917 0.66471 0.31631
124.02521 0.66516 0.31654
124.12125 0.66562 0.31677
124.21729 0.66607 0.31700
124.31333 0.66653 0.31723
124.40936 0.66698 0.31745
124.50540 0.66743 0.31768
124.60144 0.66788 0.31791
124.69748 0.66833 0.31814
124.79352 0.66878 0.31837
124.88956 0.66923 0.31860
124.98559 0.66968 0.31883
125.08163 0.67013 0.31906
125.17767 0.67058 0.31929
125.27371 0.67103 0.31952
125.36975 0.67147 0.31975
125.46579 0.67192 0.31998
125.56182 0.67236 0.32021
125.65786 0.67280 0.32044
125.75390 0.67324 0.32067
125.84994 0.67368 0.32090
125.94598 0.67412 0.32113
126.04202 0.67456 0.32135
126.13806 0.67500 0.32158
126.23409 0.67544 0.32181
126.33013 0.67587 0.32204
126.42617 0.67631 0.32227
126.52221 0.67675 0.32250
126.61825 0.67718 0.32273
126.71429 0.67762 0.32296
126.81032 0.67805 0.32319
126.90636 0.67848 0.32342
127.00240 0.67892 0.32365
127.09844 0.67935 0.32388
127.19448 0.67978 0.32410
127.29052 0.68021 0.32433
127.38655 0.68065 0.32456
127.48259 0.68107 0.32479
127.57863 0.68150 0.32502
127.67467 0.68193 0.32525
127.77071 0.68236 0.32548
127.86675 0.68279 0.32571
127.96279 0.68321 0.32594
128.05882 0.68364 0.32617
128.15486 0.68406 0.32639
128.25090 0.68449 0.32662
128.34694 0.68491 0.32685
128.44298 0.68533 0.32708
128.53902 0.68576 0.32731
128.63505 0.68618 0.32754
128.73109 0.68660 0.32777
128.82713 0.68702 0.32800
128.92317 0.68744 0.32823
129.01921 0.68786 0.32846
129.11525 0.68828 0.32869
129.21128 0.68870 0.32892
129.30732 0.68912 0.32915
129.40336 0.68954 0.32938
129.49940 0.68995 0.32961
129.59544 0.69037 0.32984
129.69148 0.69078 0.33006
129.78752 0.69120 0.33029
129.88355 0.69161 0.33052
129.97959 0.69203 0.33075
130.07563 0.69244 0.33098
130.17167 0.69285 0.33121
130.26771 0.69326 0.33144
130.36375 0.69367 0.33167
130.45978 0.69408 0.33190
130.55582 0.69449 0.33213
130.65186 0.69489 0.33236
130.74790 0.69530 0.33259
130.84394 0.69571 0.33282
130.93998 0.69611 0.33305
131.03601 0.69651 0.33328
131.13205 0.69692 0.33351
131.22809 0.69732 0.33374
131.32413 0.69772 0.33397
131.42017 0.69813 0.33420
131.51621 0.69853 0.33443
131.61224 0.69892 0.33466
131.70828 0.69932 0.33489
131.80432 0.69972 0.33512
131.90036 0.70012 0.33534
131.99640 0.70051 0.33557
132.09244 0.70091 0.33580
132.18848 0.70130 0.33603
132.28451 0.70170 0.33626
132.38055 0.70209 0.33649
132.47659 0.70248 0.33672
132.57263 0.70287 0.33695
132.66867 0.70326 0.33718
132.76471 0.70365 0.33741
132.86074 0.70404 0.33764
132.95678 0.70442 0.33787
133.05282 0.70481 0.33810
133.14886 0.70519 0.33833
133.24490 0.70558 0.33856
133.34094 0.70597 0.33879
133.43697 0.70635 0.33902
133.53301 0.70673 0.33925
133.62905 0.70711 0.33948
133.72509 0.70750 0.33971
133.82113 0.70788 0.33994
133.91717 0.70826 0.34017
134.01321 0.70864 0.34040
134.10924 0.70902 0.34063
134.20528 0.70940 0.34086
134.30132 0.70977 0.34109
134.39736 0.71015 0.34132
134.49340 0.71053 0.34155
134.58944 0.71090 0.34178
134.68547 0.71128 0.34201
134.78151 0.71165 0.34224
134.87755 0.71203 0.34247
134.97359 0.71240 0.34270
135.06963 0.71277 0.34293
135.16567 0.71314 0.34316
135.26170 0.71351 0.34339
135.35774 0.71388 0.34362
135.45378 0.71424 0.34385
135.54982 0.71461 0.34408
135.64586 0.71497 0.34431
135.74190 0.71534 0.34454
135.83794 0.71570 0.34477
135.93397 0.71607 0.34500
136.03001 0.71643 0.34523
136.12605 0.71679 0.34546
136.22209 0.71715 0.34569
136.31813 0.71751 0.34592
136.41417 0.71787 0.34615
136.51020 0.71823 0.34638
136.60624 0.71859 0.34661
136.70228 0.71895 0.34684
136.79832 0.71930 0.34707
136.89436 0.71966 0.34729
136.99040 0.72001 0.34752
137.08643 0.72037 0.34775
137.18247 0.72072 0.34798
137.27851 0.72107 0.34821
137.37455 0.72143 0.34844
137.47059 0.72178 0.34867
137.56663 0.72213 0.34890
137.66267 0.72248 0.34913
137.75870 0.72283 0.34936
137.85474 0.72318 0.34959
137.95078 0.72353 0.34982
138.04682 0.72388 0.35005
138.14286 0.72423 0.35028
138.23890 0.72458 0.35051
138.33493 0.72493 0.35074
138.43097 0.72528 0.35097
138.52701 0.72562 0.35120
138.62305 0.72597 0.35143
138.71909 0.72631 0.35166
138.81513 0.72666 0.35189
138.91116 0.72700 0.35212
139.00720 0.72735 0.35235
139.10324 0.72769 0.35258
139.19928 0.72803 0.35281
139.29532 0.72837 0.35304
139.39136 0.72871 0.35327
139.48739 0.72905 0.35349
139.58343 0.72939 0.35372
139.67947 0.72973 0.35395
139.77551 0.73006 0.35418
139.87155 0.73040 0.35441
139.96759 0.73073 0.35464
140.06363 0.73107 0.35487
140.15966 0.73140 0.35510
140.25570 0.73173 0.35533
140.35174 0.73206 0.35556
140.44778 0.73239 0.35579
140.54382 0.73272 0.35602
140.63986 0.73305 0.35625
140.73589 0.73338 0.35648
140.83193 0.73370 0.35671
140.92797 0.73403 0.35694
141.02401 0.73435 0.35717
141.12005 0.73467 0.35740
141.21609 0.73500 0.35763
141.31212 0.73532 0.35785
141.40816 0.73564 0.35808
141.50420 0.73596 0.35831
141.60024 0.73628 0.35854
141.69628 0.73660 0.35877
141.79232 0.73692 0.35900
141.88836 0.73723 0.35923
141.98439 0.73755 0.35946
142.08043 0.73787 0.35969
142.17647 0.73818 0.35992
142.27251 0.73850 0.36014
142.36855 0.73882 0.36037
142.46459 0.73913 0.36060
142.56062 0.73945 0.36083
142.65666 0.73976 0.36106
142.75270 0.74007 0.36129
142.84874 0.74038 0.36152
142.94478 0.74069 0.36175
143.04082 0.74100 0.36198
143.13685 0.74131 0.36221
143.23289 0.74162 0.36244
143.32893 0.74193 0.36267
143.42497 0.74224 0.36290
143.52101 0.74254 0.36313
143.61705 0.74285 0.36335
143.71309 0.74316 0.36358
143.80912 0.74346 0.36381
143.90516 0.74376 0.36404
144.00120 0.74407 0.36427
144.09724 0.74437 0.36450
144.19328 0.74467 0.36473
144.28932 0.74498 0.36496
144.38535 0.74528 0.36519
144.48139 0.74557 0.36541
144.57743 0.74587 0.36564
144.67347 0.74617 0.36587
144.76951 0.74647 0.36610
144.86555 0.74676 0.36633
144.96158 0.74706 0.36656
145.05762 0.74735 0.36679
145.15366 0.74765 0.36702
145.24970 0.74794 0.36725
145.34574 0.74823 0.36748
145.44178 0.74852 0.36770
145.53782 0.74881 0.36793
145.63385 0.74910 0.36816
145.72989 0.74939 0.36839
145.82593 0.74968 0.36862
145.92197 0.74997 0.36885
146.01801 0.75026 0.36908
146.11405 0.75055 0.36931
146.21008 0.75084 0.36953
146.30612 0.75112 0.36976
146.40216 0.75141 0.36999
146.49820 0.75169 0.37022
146.59424 0.75198 0.37045
146.69028 0.75226 0.37068
146.78631 0.75255 0.37091
146.88235 0.75283 0.37113
146.97839 0.75311 0.37136
147.07443 0.75339 0.37159
147.17047 0.75367 0.37182
147.26651 0.75395 0.37205
147.36255 0.75423 0.37227
147.45858 0.75450 0.37250
147.55462 0.75478 0.37273
147.65066 0.75505 0.37296
147.74670 0.75532 0.37318
147.84274 0.75560 0.37341
147.93878 0.75587 0.37364
148.03481 0.75614 0.37387
148.13085 0.75641 0.37409
148.22689 0.75668 0.37432
148.32293 0.75695 0.37455
148.41897 0.75722 0.37478
148.51501 0.75749 0.37500
148.61104 0.75776 0.37523
148.70708 0.75803 0.37546
148.80312 0.75830 0.37568
148.89916 0.75856 0.37591
148.99520 0.75883 0.37614
149.09124 0.75910 0.37636
149.18727 0.75936 0.37659
149.28331 0.75962 0.37682
149.37935 0.75989 0.37704
149.47539 0.76015 0.37727
149.57143 0.76042 0.37750
149.66747 0.76068 0.37772
149.76351 0.76094 0.37795
149.85954 0.76120 0.37818
149.95558 0.76146 0.37840
150.05162 0.76172 0.37863
150.14766 0.76198 0.37885
150.24370 0.76224 0.37908
150.33974 0.76249 0.37931
150.43577 0.76275 0.37953
150.53181 0.76300 0.37976
150.62785 0.76326 0.37999
150.72389 0.76351 0.38021
150.81993 0.76376 0.38044
150.91597 0.76402 0.38067
151.01200 0.76427 0.38089
151.10804 0.76452 0.38112
151.20408 0.76477 0.38134
151.30012 0.76502 0.38157
151.39616 0.76527 0.38179
151.49220 0.76553 0.38202
151.58824 0.76578 0.38225
151.68427 0.76603 0.38247
151.78031 0.76628 0.38270
151.87635 0.76653 0.38292
151.97239 0.76677 0.38315
152.06843 0.76702 0.38337
152.16447 0.76727 0.38360
152.26050 0.76751 0.38383
152.35654 0.76776 0.38405
152.45258 0.76800 0.38428
152.54862 0.76824 0.38450
152.64466 0.76849 0.38473
152.74070 0.76873 0.38495
152.83673 0.76897 0.38518
152.93277 0.76921 0.38540
153.02881 0.76945 0.38563
153.12485 0.76969 0.38585
153.22089 0.76993 0.38608
153.31693 0.77017 0.38630
153.41297 0.77041 0.38652
153.50900 0.77065 0.38675
153.60504 0.77089 0.38697
153.70108 0.77113 0.38720
153.79712 0.77136 0.38742
153.89316 0.77160 0.38765
153.98920 0.77184 0.38787
154.08523 0.77207 0.38809
154.18127 0.77231 0.38832
154.27731 0.77254 0.38854
154.37335 0.77278 0.38877
154.46939 0.77302 0.38899
154.56543 0.77325 0.38921
154.66146 0.77348 0.38944
154.75750 0.77372 0.38966
154.85354 0.77395 0.38988
154.94958 0.77418 0.39011
155.04562 0.77441 0.39033
155.14166 0.77464 0.39055
155.23770 0.77487 0.39078
155.33373 0.77510 0.39100
155.42977 0.77533 0.39123
155.52581 0.77556 0.39145
155.62185 0.77578 0.39167
155.71789 0.77601 0.39190
155.81393 0.77624 0.39212
155.90996 0.77646 0.39234
156.00600 0.77669 0.39256
156.10204 0.77691 0.39279
156.19808 0.77714 0.39301
156.29412 0.77736 0.39323
156.39016 0.77758 0.39346
156.48619 0.77781 0.39368
156.58223 0.77803 0.39390
156.67827 0.77825 0.39413
156.77431 0.77847 0.39435
156.87035 0.77868 0.39457
156.96639 0.77890 0.39479
157.06242 0.77912 0.39501
157.15846 0.77933 0.39524
157.25450 0.77955 0.39546
157.35054 0.77977 0.39568
157.44658 0.77998 0.39590
157.54262 0.78019 0.39613
157.63866 0.78041 0.39635
157.73469 0.78062 0.39657
157.83073 0.78084 0.39679
157.92677 0.78105 0.39701
158.02281 0.78126 0.39724
158.11885 0.78148 0.39746
158.21489 0.78169 0.39768
158.31092 0.78190 0.39790
158.40696 0.78211 0.39812
158.50300 0.78232 0.39835
158.59904 0.78253 0.39857
158.69508 0.78274 0.39879
158.79112 0.78295 0.39901
158.88715 0.78315 0.39923
158.98319 0.78336 0.39945
159.07923 0.78357 0.39967
159.17527 0.78377 0.39990
159.27131 0.78398 0.40012
159.36735 0.78418 0.40034
159.46339 0.78439 0.40056
159.55942 0.78459 0.40078
159.65546 0.78480 0.40100
159.75150 0.78500 0.40122
159.84754 0.78520 0.40144
159.94358 0.78540 0.40167
160.03962 0.78561 0.40189
160.13565 0.78581 0.40211
160.23169 0.78601 0.40233
160.32773 0.78621 0.40255
160.42377 0.78641 0.40277
160.51981 0.78661 0.40299
160.61585 0.78681 0.40321
160.71188 0.78701 0.40343
160.80792 0.78720 0.40366
160.90396 0.78740 0.40388
161.00000 0.78760 0.40410
161.09604 0.78779 0.40432
161.19208 0.78799 0.40454
161.28812 0.78818 0.40476
161.38415 0.78838 0.40498
161.48019 0.78857 0.40520
161.57623 0.78876 0.40542
161.67227 0.78895 0.40564
161.76831 0.78915 0.40586
161.86435 0.78934 0.40608
161.96038 0.78953 0.40630
162.05642 0.78972 0.40652
162.15246 0.78991 0.40673
162.24850 0.79010 0.40695
162.34454 0.79029 0.40717
162.44058 0.79048 0.40739
162.53661 0.79066 0.40761
162.63265 0.79085 0.40783
162.72869 0.79104 0.40805
162.82473 0.79122 0.40827
162.92077 0.79141 0.40849
163.01681 0.79159 0.40871
163.11285 0.79178 0.40892
163.20888 0.79196 0.40914
163.30492 0.79215 0.40936
163.40096 0.79233 0.40958
163.49700 0.79251 0.40980
163.59304 0.79270 0.41002
163.68908 0.79288 0.41024
163.78511 0.79306 0.41045
163.88115 0.79324 0.41067
163.97719 0.79342 0.41089
164.07323 0.79361 0.41111
164.16927 0.79379 0.41132
164.26531 0.79397 0.41154
164.36134 0.79415 0.41176
164.45738 0.79433 0.41198
164.55342 0.79451 0.41219
164.64946 0.79469 0.41241
164.74550 0.79486 0.41263
164.84154 0.79504 0.41284
164.93758 0.79522 0.41306
165.03361 0.79540 0.41328
165.12965 0.79557 0.41350
165.22569 0.79575 0.41371
165.32173 0.79592 0.41393
165.41777 0.79610 0.41415
165.51381 0.79627 0.41436
165.60984 0.79645 0.41458
165.70588 0.79662 0.41480
165.80192 0.79680 0.41501
165.89796 0.79697 0.41523
165.99400 0.79714 0.41544
166.09004 0.79732 0.41566
166.18607 0.79749 0.41588
166.28211 0.79766 0.41609
166.37815 0.79783 0.41631
166.47419 0.79800 0.41652
166.57023 0.79817 0.41674
166.66627 0.79833 0.41696
166.76230 0.79850 0.41717
166.85834 0.79867 0.41739
166.95438 0.79883 0.41761
167.05042 0.79900 0.41782
167.14646 0.79917 0.41804
167.24250 0.79933 0.41825
167.33854 0.79949 0.41847
167.43457 0.79966 0.41869
167.53061 0.79982 0.41890
167.62665 0.79998 0.41912
167.72269 0.80015 0.41933
167.81873 0.80031 0.41955
167.91477 0.80047 0.41976
168.01080 0.80063 0.41998
168.10684 0.80079 0.42019
168.20288 0.80094 0.42041
168.29892 0.80110 0.42062
168.39496 0.80126 0.42084
168.49100 0.80142 0.42105
168.58703 0.80157 0.42127
168.68307 0.80173 0.42148
168.77911 0.80189 0.42170
168.87515 0.80204 0.42191
168.97119 0.80220 0.42213
169.06723 0.80235 0.42234
169.16327 0.80250 0.42255
169.25930 0.80266 0.42277
169.35534 0.80281 0.42298
169.45138 0.80296 0.42320
169.54742 0.80312 0.42341
169.64346 0.80327 0.42363
169.73950 0.80342 0.42384
169.83553 0.80357 0.42405
169.93157 0.80372 0.42427
170.02761 0.80387 0.42448
170.12365 0.80402 0.42470
170.21969 0.80417 0.42491
170.31573 0.80432 0.42512
170.41176 0.80447 0.42534
170.50780 0.80462 0.42555
170.60384 0.80477 0.42577
170.69988 0.80492 0.42598
170.79592 0.80506 0.42619
170.89196 0.80521 0.42641
170.98800 0.80536 0.42662
171.08403 0.80550 0.42684
171.18007 0.80565 0.42705
171.27611 0.80579 0.42726
171.37215 0.80594 0.42748
171.46819 0.80608 0.42769
171.56423 0.80623 0.42791
171.66026 0.80637 0.42812
171.75630 0.80652 0.42834
171.85234 0.80666 0.42855
171.94838 0.80680 0.42876
172.04442 0.80694 0.42898
172.14046 0.80708 0.42919
172.23649 0.80723 0.42941
172.33253 0.80737 0.42962
172.42857 0.80751 0.42983
172.52461 0.80765 0.43005
172.62065 0.80778 0.43026
172.71669 0.80792 0.43048
172.81273 0.80806 0.43069
172.90876 0.80820 0.43090
173.00480 0.80833 0.43112
173.10084 0.80847 0.43133
173.19688 0.80861 0.43154
173.29292 0.80874 0.43176
173.38896 0.80888 0.43197
173.48499 0.80902 0.43219
173.58103 0.80915 0.43240
173.67707 0.80929 0.43261
173.77311 0.80942 0.43283
173.86915 0.80955 0.43304
173.96519 0.80968 0.43325
174.06122 0.80982 0.43347
174.15726 0.80995 0.43368
174.25330 0.81008 0.43389
174.34934 0.81021 0.43411
174.44538 0.81034 0.43432
174.54142 0.81047 0.43453
174.63745 0.81060 0.43475
174.73349 0.81073 0.43496
174.82953 0.81086 0.43517
174.92557 0.81099 0.43538
175.02161 0.81112 0.43560
175.11765 0.81125 0.43581
175.21369 0.81138 0.43602
175.30972 0.81150 0.43623
175.40576 0.81163 0.43645
175.50180 0.81176 0.43666
175.59784 0.81188 0.43687
175.69388 0.81201 0.43708
175.78992 0.81213 0.43730
175.88595 0.81226 0.43751
175.98199 0.81238 0.43772
176.07803 0.81251 0.43793
176.17407 0.81263 0.43815
176.27011 0.81275 0.43836
176.36615 0.81287 0.43857
176.46218 0.81299 0.43878
176.55822 0.81311 0.43899
176.65426 0.81323 0.43921
176.75030 0.81335 0.43942
176.84634 0.81347 0.43963
176.94238 0.81359 0.43984
177.03842 0.81371 0.44005
177.13445 0.81383 0.44027
177.23049 0.81395 0.44048
177.32653 0.81407 0.44069
177.42257 0.81419 0.44090
177.51861 0.81431 0.44111
177.61465 0.81442 0.44133
177.71068 0.81454 0.44154
177.80672 0.81466 0.44175
177.90276 0.81477 0.44196
177.99880 0.81489 0.44217
178.09484 0.81501 0.44238
178.19088 0.81512 0.44259
178.28691 0.81523 0.44280
178.38295 0.81535 0.44302
178.47899 0.81546 0.44323
178.57503 0.81557 0.44344
178.67107 0.81569 0.44365
178.76711 0.81580 0.44386
178.86315 0.81591 0.44407
178.95918 0.81602 0.44428
179.05522 0.81613 0.44449
179.15126 0.81625 0.44470
179.24730 0.81636 0.44491
179.34334 0.81647 0.44512
179.43938 0.81658 0.44533
179.53541 0.81669 0.44554
179.63145 0.81680 0.44576
179.72749 0.81691 0.44597
179.82353 0.81702 0.44618
179.91957 0.81713 0.44639
180.01561 0.81724 0.44660
180.11164 0.81735 0.44680
180.20768 0.81745 0.44701
180.30372 0.81756 0.44722
180.39976 0.81767 0.44743
180.49580 0.81778 0.44764
180.59184 0.81789 0.44785
180.68788 0.81799 0.44806
180.78391 0.81810 0.44827
180.87995 0.81821 0.44848
180.97599 0.81831 0.44869
181.07203 0.81842 0.44890
181.16807 0.81853 0.44911
181.26411 0.81863 0.44932
181.36014 0.81874 0.44953
181.45618 0.81884 0.44974
181.55222 0.81895 0.44995
181.64826 0.81905 0.45015
181.74430 0.81915 0.45036
181.84034 0.81926 0.45057
181.93637 0.81936 0.45078
182.03241 0.81947 0.45099
182.12845 0.81957 0.45120
182.22449 0.81967 0.45141
182.32053 0.81977 0.45162
182.41657 0.81987 0.45182
182.51261 0.81997 0.45203
182.60864 0.82007 0.45224
182.70468 0.82017 0.45245
182.80072 0.82027 0.45266
182.89676 0.82037 0.45286
182.99280 0.82047 0.45307
183.08884 0.82057 0.45328
183.18487 0.82067 0.45349
183.28091 0.82077 0.45369
183.37695 0.82087 0.45390
183.47299 0.82096 0.45411
183.56903 0.82106 0.45431
183.66507 0.82116 0.45452
183.76110 0.82125 0.45473
183.85714 0.82135 0.45493
183.95318 0.82144 0.45514
184.04922 0.82154 0.45535
184.14526 0.82163 0.45555
184.24130 0.82173 0.45576
184.33733 0.82182 0.45597
184.43337 0.82191 0.45617
184.52941 0.82200 0.45638
184.62545 0.82210 0.45658
184.72149 0.82219 0.45679
184.81753 0.82228 0.45700
184.91357 0.82237 0.45720
185.00960 0.82246 0.45741
185.10564 0.82254 0.45761
185.20168 0.82263 0.45782
185.29772 0.82272 0.45802
185.39376 0.82281 0.45823
185.48980 0.82290 0.45843
185.58583 0.82299 0.45864
185.68187 0.82307 0.45884
185.77791 0.82316 0.45904
185.87395 0.82325 0.45925
185.96999 0.82333 0.45945
186.06603 0.82342 0.45966
186.16206 0.82350 0.45986
186.25810 0.82359 0.46007
186.35414 0.82367 0.46027
186.45018 0.82375 0.46048
186.54622 0.82384 0.46068
186.64226 0.82392 0.46088
186.73830 0.82400 0.46109
186.83433 0.82408 0.46129
186.93037 0.82416 0.46149
187.02641 0.82424 0.46170
187.12245 0.82432 0.46190
187.21849 0.82440 0.46210
187.31453 0.82448 0.46231
187.41056 0.82456 0.46251
187.50660 0.82464 0.46271
187.60264 0.82471 0.46292
187.69868 0.82479 0.46312
187.79472 0.82487 0.46332
187.89076 0.82494 0.46352
187.98679 0.82502 0.46373
188.08283 0.82510 0.46393
188.17887 0.82517 0.46413
188.27491 0.82525 0.46433
188.37095 0.82532 0.46453
188.46699 0.82540 0.46474
188.56303 0.82547 0.46494
188.65906 0.82554 0.46514
188.75510 0.82562 0.46534
188.85114 0.82569 0.46555
188.94718 0.82576 0.46575
189.04322 0.82583 0.46595
189.13926 0.82590 0.46615
189.23529 0.82597 0.46635
189.33133 0.82604 0.46656
189.42737 0.82611 0.46676
189.52341 0.82618 0.46696
189.61945 0.82625 0.46716
189.71549 0.82632 0.46736
189.81152 0.82639 0.46756
189.90756 0.82646 0.46777
190.00360 0.82653 0.46797
190.09964 0.82660 0.46817
190.19568 0.82666 0.46837
190.29172 0.82673 0.46857
190.38776 0.82679 0.46877
190.48379 0.82686 0.46897
190.57983 0.82693 0.46917
190.67587 0.82699 0.46937
190.77191 0.82706 0.46957
190.86795 0.82712 0.46977
190.96399 0.82718 0.46997
191.06002 0.82724 0.47017
191.15606 0.82731 0.47037
191.25210 0.82737 0.47057
191.34814 0.82743 0.47077
191.44418 0.82749 0.47097
191.54022 0.82755 0.47117
191.63625 0.82762 0.47137
191.73229 0.82768 0.47157
191.82833 0.82774 0.47177
191.92437 0.82780 0.47197
192.02041 0.82785 0.47217
192.11645 0.82791 0.47237
192.21248 0.82797 0.47257
192.30852 0.82803 0.47277
192.40456 0.82809 0.47297
192.50060 0.82814 0.47317
192.59664 0.82820 0.47336
192.69268 0.82825 0.47356
192.78872 0.82831 0.47376
192.88475 0.82836 0.47396
192.98079 0.82842 0.47416
193.07683 0.82847 0.47436
193.17287 0.82853 0.47455
193.26891 0.82858 0.47475
193.36495 0.82864 0.47495
193.46098 0.82869 0.47515
193.55702 0.82874 0.47535
193.65306 0.82879 0.47555
193.74910 0.82884 0.47574
193.84514 0.82890 0.47594
193.94118 0.82895 0.47614
194.03721 0.82900 0.47634
194.13325 0.82905 0.47654
194.22929 0.82910 0.47673
194.32533 0.82914 0.47693
194.42137 0.82919 0.47713
194.51741 0.82924 0.47733
194.61345 0.82929 0.47752
194.70948 0.82934 0.47772
194.80552 0.82938 0.47792
194.90156 0.82943 0.47812
194.99760 0.82948 0.47831
195.09364 0.82952 0.47851
195.18968 0.82957 0.47871
195.28571 0.82962 0.47890
195.38175 0.82966 0.47910
195.47779 0.82971 0.47930
195.57383 0.82975 0.47949
195.66987 0.82979 0.47969
195.76591 0.82984 0.47989
195.86194 0.82988 0.48008
195.95798 0.82992 0.48028
196.05402 0.82997 0.48048
196.15006 0.83001 0.48067
196.24610 0.83005 0.48087
196.34214 0.83009 0.48107
196.43818 0.83013 0.48126
196.53421 0.83018 0.48146
196.63025 0.83022 0.48166
196.72629 0.83026 0.48186
196.82233 0.83030 0.48205
196.91837 0.83034 0.48225
197.01441 0.83038 0.48244
197.11044 0.83042 0.48264
197.20648 0.83046 0.48284
197.30252 0.83050 0.48303
197.39856 0.83054 0.48323
197.49460 0.83058 0.48343
197.59064 0.83062 0.48362
197.68667 0.83066 0.48382
197.78271 0.83069 0.48402
197.87875 0.83073 0.48421
197.97479 0.83077 0.48441
198.07083 0.83081 0.48460
198.16687 0.83084 0.48480
198.26291 0.83088 0.48499
198.35894 0.83092 0.48519
198.45498 0.83095 0.48539
198.55102 0.83099 0.48558
198.64706 0.83103 0.48578
198.74310 0.83106 0.48597
198.83914 0.83110 0.48617
198.93517 0.83113 0.48636
199.03121 0.83116 0.48656
199.12725 0.83120 0.48675
199.22329 0.83123 0.48695
199.31933 0.83127 0.48715
199.41537 0.83130 0.48734
199.51140 0.83133 0.48754
199.60744 0.83136 0.48773
199.70348 0.83140 0.48793
199.79952 0.83143 0.48812
199.89556 0.83146 0.48832
199.99160 0.83149 0.48851
200.08764 0.83152 0.48870
200.18367 0.83155 0.48890
200.27971 0.83158 0.48909
200.37575 0.83161 0.48929
200.47179 0.83164 0.48948
200.56783 0.83167 0.48968
200.66387 0.83170 0.48987
200.75990 0.83173 0.49007
200.85594 0.83176 0.49026
200.95198 0.83178 0.49045
201.04802 0.83181 0.49065
201.14406 0.83184 0.49084
201.24010 0.83186 0.49103
201.33613 0.83189 0.49123
201.43217 0.83192 0.49142
201.52821 0.83194 0.49161
201.62425 0.83196 0.49181
201.72029 0.83199 0.49200
201.81633 0.83201 0.49219
201.91236 0.83204 0.49239
202.00840 0.83206 0.49258
202.10444 0.83208 0.49277
202.20048 0.83211 0.49297
202.29652 0.83213 0.49316
202.39256 0.83215 0.49335
202.48860 0.83217 0.49355
202.58463 0.83219 0.49374
202.68067 0.83221 0.49393
202.77671 0.83223 0.49412
202.87275 0.83225 0.49432
202.96879 0.83227 0.49451
203.06483 0.83229 0.49470
203.16086 0.83231 0.49489
203.25690 0.83233 0.49509
203.35294 0.83235 0.49528
203.44898 0.83236 0.49547
203.54502 0.83238 0.49566
203.64106 0.83240 0.49585
203.73709 0.83242 0.49604
203.83313 0.83243 0.49623
203.92917 0.83245 0.49643
204.02521 0.83246 0.49662
204.12125 0.83248 0.49681
204.21729 0.83250 0.49700
204.31333 0.83251 0.49719
204.40936 0.83253 0.49738
204.50540 0.83254 0.49757
204.60144 0.83256 0.49776
204.69748 0.83257 0.49795
204.79352 0.83259 0.49814
204.88956 0.83260 0.49833
204.98559 0.83261 0.49852
205.08163 0.83263 0.49871
205.17767 0.83264 0.49890
205.27371 0.83265 0.49909
205.36975 0.83267 0.49928
205.46579 0.83268 0.49947
205.56182 0.83269 0.49966
205.65786 0.83270 0.49986
205.75390 0.83272 0.50005
205.84994 0.83273 0.50024
205.94598 0.83274 0.50043
206.04202 0.83275 0.50062
206.13806 0.83276 0.50081
206.23409 0.83277 0.50100
206.33013 0.83278 0.50119
206.42617 0.83279 0.50138
206.52221 0.83280 0.50156
206.61825 0.83281 0.50175
206.71429 0.83282 0.50194
206.81032 0.83283 0.50213
206.90636 0.83284 0.50232
207.00240 0.83285 0.50251
207.09844 0.83286 0.50270
207.19448 0.83287 0.50289
207.29052 0.83288 0.50308
207.38655 0.83289 0.50327
207.48259 0.83290 0.50346
207.57863 0.83290 0.50365
207.67467 0.83291 0.50384
207.77071 0.83292 0.50403
207.86675 0.83293 0.50422
207.96279 0.83293 0.50440
208.05882 0.83294 0.50459
208.15486 0.83295 0.50478
208.25090 0.83295 0.50497
208.34694 0.83296 0.50516
208.44298 0.83297 0.50535
208.53902 0.83297 0.50554
208.63505 0.83298 0.50573
208.73109 0.83298 0.50592
208.82713 0.83299 0.50610
208.92317 0.83299 0.50629
209.01921 0.83300 0.50648
209.11525 0.83300 0.50667
209.21128 0.83301 0.50685
209.30732 0.83301 0.50704
209.40336 0.83301 0.50723
209.49940 0.83302 0.50742
209.59544 0.83302 0.50760
209.69148 0.83302 0.50779
209.78752 0.83303 0.50798
209.88355 0.83303 0.50817
209.97959 0.83303 0.50835
210.07563 0.83303 0.50854
210.17167 0.83303 0.50873
210.26771 0.83303 0.50891
210.36375 0.83303 0.50910
210.45978 0.83304 0.50929
210.55582 0.83304 0.50947
210.65186 0.83304 0.50966
210.74790 0.83304 0.50985
210.84394 0.83304 0.51003
210.93998 0.83304 0.51022
211.03601 0.83304 0.51041
211.13205 0.83303 0.51059
211.22809 0.83303 0.51078
211.32413 0.83303 0.51096
211.42017 0.83303 0.51115
211.51621 0.83303 0.51133
211.61224 0.83302 0.51152
211.70828 0.83302 0.51170
211.80432 0.83302 0.51189
211.90036 0.83301 0.51208
211.99640 0.83301 0.51226
212.09244 0.83301 0.51245
212.18848 0.83300 0.51263
212.28451 0.83300 0.51282
212.38055 0.83300 0.51300
212.47659 0.83299 0.51319
212.57263 0.83299 0.51337
212.66867 0.83298 0.51356
212.76471 0.83298 0.51374
212.86074 0.83297 0.51392
212.95678 0.83297 0.51411
213.05282 0.83296 0.51429
213.14886 0.83295 0.51448
213.24490 0.83295 0.51466
213.34094 0.83294 0.51485
213.43697 0.83293 0.51503
213.53301 0.83292 0.51522
213.62905 0.83292 0.51540
213.72509 0.83291 0.51559
213.82113 0.83290 0.51577
213.91717 0.83289 0.51596
214.01321 0.83288 0.51614
214.10924 0.83287 0.51632
214.20528 0.83287 0.51651
214.30132 0.83286 0.51669
214.39736 0.83285 0.51687
214.49340 0.83284 0.51706
214.58944 0.83283 0.51724
214.68547 0.83282 0.51742
214.78151 0.83281 0.51761
214.87755 0.83280 0.51779
214.97359 0.83278 0.51797
215.06963 0.83277 0.51816
215.16567 0.83276 0.51834
215.26170 0.83275 0.51852
215.35774 0.83273 0.51871
215.45378 0.83272 0.51889
215.54982 0.83271 0.51907
215.64586 0.83269 0.51925
215.74190 0.83268 0.51944
215.83794 0.83266 0.51962
215.93397 0.83265 0.51980
216.03001 0.83263 0.51998
216.12605 0.83262 0.52017
216.22209 0.83260 0.52035
216.31813 0.83258 0.52053
216.41417 0.83257 0.52071
216.51020 0.83255 0.52089
216.60624 0.83254 0.52107
216.70228 0.83252 0.52126
216.79832 0.83250 0.52144
216.89436 0.83249 0.52162
216.99040 0.83247 0.52180
217.08643 0.83245 0.52198
217.18247 0.83244 0.52216
217.27851 0.83242 0.52234
217.37455 0.83240 0.52253
217.47059 0.83238 0.52271
217.56663 0.83236 0.52289
217.66267 0.83234 0.52307
217.75870 0.83233 0.52325
217.85474 0.83231 0.52343
217.95078 0.83229 0.52361
218.04682 0.83227 0.52379
218.14286 0.83225 0.52397
218.23890 0.83223 0.52415
218.33493 0.83221 0.52433
218.43097 0.83219 0.52451
218.52701 0.83217 0.52469
218.62305 0.83215 0.52487
218.71909 0.83213 0.52505
218.81513 0.83210 0.52523
218.91116 0.83208 0.52541
219.00720 0.83206 0.52559
219.10324 0.83204 0.52577
219.19928 0.83202 0.52595
219.29532 0.83199 0.52613
219.39136 0.83197 0.52631
219.48739 0.83195 0.52649
219.58343 0.83192 0.52667
219.67947 0.83190 0.52685
219.77551 0.83188 0.52703
219.87155 0.83185 0.52721
219.96759 0.83183 0.52739
220.06363 0.83181 0.52757
220.15966 0.83178 0.52775
220.25570 0.83176 0.52793
220.35174 0.83173 0.52810
220.44778 0.83171 0.52828
220.54382 0.83168 0.52846
220.63986 0.83166 0.52864
220.73589 0.83163 0.52882
220.83193 0.83161 0.52899
220.92797 0.83159 0.52917
221.02401 0.83156 0.52935
221.12005 0.83154 0.52953
221.21609 0.83151 0.52971
221.31212 0.83149 0.52988
221.40816 0.83146 0.53006
221.50420 0.83143 0.53024
221.60024 0.83141 0.53042
221.69628 0.83138 0.53059
221.79232 0.83136 0.53077
221.88836 0.83133 0.53095
221.98439 0.83130 0.53112
222.08043 0.83127 0.53130
222.17647 0.83125 0.53148
222.27251 0.83122 0.53165
222.36855 0.83119 0.53183
222.46459 0.83116 0.53201
222.56062 0.83114 0.53218
222.65666 0.83111 0.53236
222.75270 0.83108 0.53254
222.84874 0.83105 0.53271
222.94478 0.83102 0.53289
223.04082 0.83099 0.53306
223.13685 0.83096 0.53324
223.23289 0.83093 0.53341
223.32893 0.83090 0.53359
223.42497 0.83087 0.53376
223.52101 0.83084 0.53394
223.61705 0.83081 0.53412
223.71309 0.83078 0.53429
223.80912 0.83075 0.53447
223.90516 0.83072 0.53464
224.00120 0.83069 0.53482
224.09724 0.83066 0.53499
224.19328 0.83062 0.53517
224.28932 0.83059 0.53534
224.38535 0.83056 0.53552
224.48139 0.83053 0.53569
224.57743 0.83049 0.53587
224.67347 0.83046 0.53604
224.76951 0.83042 0.53622
224.86555 0.83039 0.53639
224.96158 0.83036 0.53657
225.05762 0.83032 0.53674
225.15366 0.83029 0.53692
225.24970 0.83025 0.53709
225.34574 0.83022 0.53727
225.44178 0.83018 0.53744
225.53782 0.83015 0.53762
225.63385 0.83011 0.53779
225.72989 0.83007 0.53796
225.82593 0.83004 0.53814
225.92197 0.83000 0.53831
226.01801 0.82996 0.53849
226.11405 0.82992 0.53866
226.21008 0.82988 0.53883
226.30612 0.82985 0.53901
226.40216 0.82981 0.53918
226.49820 0.82977 0.53936
226.59424 0.82973 0.53953
226.69028 0.82969 0.53970
226.78631 0.82965 0.53988
226.88235 0.82961 0.54005
226.97839 0.82957 0.54022
227.07443 0.82953 0.54040
227.17047 0.82949 0.54057
227.26651 0.82945 0.54074
227.36255 0.82941 0.54092
227.45858 0.82937 0.54109
227.55462 0.82932 0.54126
227.65066 0.82928 0.54144
227.74670 0.82924 0.54161
227.84274 0.82920 0.54178
227.93878 0.82916 0.54195
228.03481 0.82912 0.54213
228.13085 0.82907 0.54230
228.22689 0.82903 0.54247
228.32293 0.82899 0.54264
228.41897 0.82894 0.54281
228.51501 0.82890 0.54298
228.61104 0.82886 0.54316
228.70708 0.82881 0.54333
228.80312 0.82877 0.54350
228.89916 0.82873 0.54367
228.99520 0.82868 0.54384
229.09124 0.82864 0.54401
229.18727 0.82859 0.54418
229.28331 0.82855 0.54435
229.37935 0.82850 0.54452
229.47539 0.82846 0.54469
229.57143 0.82842 0.54486
229.66747 0.82837 0.54503
229.76351 0.82832 0.54520
229.85954 0.82828 0.54537
229.95558 0.82823 0.54555
230.05162 0.82819 0.54572
230.14766 0.82814 0.54589
230.24370 0.82810 0.54606
230.33974 0.82805 0.54623
230.43577 0.82800 0.54640
230.53181 0.82796 0.54657
230.62785 0.82791 0.54674
230.72389 0.82787 0.54691
230.81993 0.82782 0.54708
230.91597 0.82777 0.54725
231.01200 0.82773 0.54742
231.10804 0.82768 0.54759
231.20408 0.82764 0.54776
231.30012 0.82759 0.54793
231.39616 0.82754 0.54810
231.49220 0.82749 0.54826
231.58824 0.82745 0.54843
231.68427 0.82740 0.54860
231.78031 0.82735 0.54877
231.87635 0.82731 0.54894
231.97239 0.82726 0.54911
232.06843 0.82721 0.54928
232.16447 0.82716 0.54945
232.26050 0.82712 0.54962
232.35654 0.82707 0.54979
232.45258 0.82702 0.54996
232.54862 0.82697 0.55013
232.64466 0.82692 0.55030
232.74070 0.82687 0.55046
232.83673 0.82682 0.55063
232.93277 0.82678 0.55080
233.02881 0.82673 0.55097
233.12485 0.82668 0.55114
233.22089 0.82663 0.55131
233.31693 0.82658 0.55147
233.41297 0.82653 0.55164
233.50900 0.82648 0.55181
233.60504 0.82643 0.55198
233.70108 0.82638 0.55215
233.79712 0.82633 0.55231
233.89316 0.82628 0.55248
233.98920 0.82623 0.55265
234.08523 0.82618 0.55282
234.18127 0.82613 0.55298
234.27731 0.82607 0.55315
234.37335 0.82602 0.55332
234.46939 0.82597 0.55348
234.56543 0.82592 0.55365
234.66146 0.82587 0.55382
234.75750 0.82581 0.55399
234.85354 0.82576 0.55415
234.94958 0.82571 0.55432
235.04562 0.82565 0.55449
235.14166 0.82560 0.55465
235.23770 0.82555 0.55482
235.33373 0.82549 0.55499
235.42977 0.82544 0.55515
235.52581 0.82538 0.55532
235.62185 0.82533 0.55549
235.71789 0.82528 0.55565
235.81393 0.82522 0.55582
235.90996 0.82517 0.55598
236.00600 0.82511 0.55615
236.10204 0.82506 0.55632
236.19808 0.82501 0.55648
236.29412 0.82495 0.55665
236.39016 0.82490 0.55681
236.48619 0.82484 0.55698
236.58223 0.82479 0.55715
236.67827 0.82473 0.55731
236.77431 0.82468 0.55748
236.87035 0.82462 0.55764
236.96639 0.82457 0.55781
237.06242 0.82451 0.55797
237.15846 0.82446 0.55814
237.25450 0.82440 0.55830
237.35054 0.82434 0.55847
237.44658 0.82429 0.55863
237.54262 0.82423 0.55880
237.63866 0.82417 0.55896
237.73469 0.82411 0.55913
237.83073 0.82406 0.55929
237.92677 0.82400 0.55946
238.02281 0.82394 0.55962
238.11885 0.82388 0.55978
238.21489 0.82383 0.55995
238.31092 0.82377 0.56011
238.40696 0.82371 0.56028
238.50300 0.82365 0.56044
238.59904 0.82360 0.56061
238.69508 0.82354 0.56077
238.79112 0.82348 0.56093
238.88715 0.82342 0.56110
238.98319 0.82337 0.56126
239.07923 0.82331 0.56142
239.17527 0.82325 0.56159
239.27131 0.82319 0.56175
239.36735 0.82313 0.56192
239.46339 0.82307 0.56208
239.55942 0.82301 0.56224
239.65546 0.82295 0.56240
239.75150 0.82289 0.56257
239.84754 0.82283 0.56273
239.94358 0.82277 0.56289
240.03962 0.82271 0.56306
240.13565 0.82265 0.56322
240.23169 0.82258 0.56338
240.32773 0.82252 0.56355
240.42377 0.82246 0.56371
240.51981 0.82240 0.56387
240.61585 0.82234 0.56403
240.71188 0.82227 0.56419
240.80792 0.82221 0.56436
240.90396 0.82215 0.56452
241.00000 0.82209 0.56468
