1.0 0.264367
1.0960384153661464 0.2642943398338856
1.1920768307322929 0.264222293649209
1.2881152460984393 0.26415103737982126
1.3841536614645857 0.264080652006105
1.4801920768307322 0.264011078615021
1.5762304921968788 0.2639422102505838
1.6722689075630253 0.26387402575670615
1.7683073229291717 0.2638065997674449
1.8643457382953181 0.26374009965059314
1.9603841536614646 0.26367478274691947
2.0564225690276112 0.2636109086676887
2.1524609843937577 0.2635486049680157
2.248499399759904 0.2634878665213477
2.3445378151260505 0.26342862710046283
2.440576230492197 0.2633707895837507
2.5366146458583434 0.2633142672927251
2.63265306122449 0.26325905056917903
2.7286914765906363 0.26320520927899826
2.8247298919567827 0.2631528676113069
2.920768307322929 0.2631021924146191
3.0168067226890756 0.2630533425109016
3.112845138055222 0.26300638277428046
3.2088835534213684 0.26296128782098815
3.3049219687875153 0.2629180335346461
3.4009603841536618 0.2628766389562107
3.496998799519808 0.2628371434554907
3.5930372148859546 0.2627995656177204
3.689075630252101 0.2627638983270946
3.7851140456182475 0.2627301030756356
3.881152460984394 0.2626981075385393
3.9771908763505404 0.2626678405899996
4.073229291716687 0.2626392980629546
4.169267707082833 0.26261254028536396
4.26530612244898 0.26258760912046425
4.3613445378151265 0.26256448578155733
4.4573829531812725 0.26254310892288735
4.5534213685474185 0.2625234109952309
4.649459783913565 0.2625053311207499
4.745498199279712 0.26248889409166654
4.841536614645858 0.26247425241289285
4.937575030012005 0.2624616192604917
5.033613445378151 0.26245112799097203
5.129651860744298 0.26244281540597736
5.225690276110444 0.26243662954951363
5.321728691476591 0.2624324343462341
5.417767106842737 0.262430044954428
5.513805522208884 0.2624293052176537
5.609843937575031 0.2624300982526906
5.705882352941177 0.26243234967450646
5.8019207683073235 0.26243602947666167
5.8979591836734695 0.2624411539065148
5.993997599039616 0.2624477899087537
6.090036014405762 0.26245604665729405
6.186074429771909 0.26246597322541504
6.282112845138055 0.2624774946037154
6.378151260504202 0.2624904822765576
6.474189675870348 0.26250492906028594
6.570228091236495 0.2625209639628046
6.666266506602641 0.2625387170876753
6.762304921968788 0.2625582306688329
6.858343337334934 0.26257948244670726
6.954381752701081 0.2626024497916428
7.050420168067227 0.26262712349902895
7.146458583433374 0.2626535547411476
7.2424969987995205 0.26268188758567457
7.3385354141656665 0.26271230293577774
7.434573829531813 0.2627448640578405
7.530612244897959 0.26277949770480113
7.626650660264106 0.2628160930114428
7.722689075630252 0.26285457352094477
7.818727490996399 0.2628948569389221
7.914765906362545 0.26293673480909907
8.010804321728692 0.2629798739833893
8.106842737094837 0.2630241570187076
8.202881152460986 0.26306994271452144
8.29891956782713 0.26311780082663
8.394957983193278 0.26316768614758423
8.490996398559425 0.26321883358427933
8.58703481392557 0.2632705801913331
8.683073229291717 0.26332302676760355
8.779111644657863 0.26337680751667464
8.87515006002401 0.26343229000741586
8.971188475390157 0.263489431214844
9.067226890756302 0.2635480601020127
9.16326530612245 0.2636081165831141
9.259303721488596 0.26366963506476826
9.355342136854743 0.2637326630177733
9.451380552220888 0.26379723996871773
9.547418967587035 0.2638633272775944
9.643457382953182 0.2639307457492195
9.739495798319329 0.2639992431686127
9.835534213685474 0.26406874472063185
9.93157262905162 0.2641394013114131
10.027611044417768 0.26421142822728894
10.123649459783914 0.26428495454340495
10.219687875150061 0.2643600194802741
10.315726290516206 0.264436580563695
10.411764705882353 0.26451451702953094
10.5078031212485 0.26459366256487304
10.603841536614647 0.2646738374005369
10.699879951980792 0.2647548896590223
10.795918367346939 0.2648368562169001
10.891956782713086 0.2649199935750133
10.987995198079233 0.265004544721779
11.084033613445378 0.265090499042968
11.180072028811525 0.2651776437514479
11.276110444177672 0.2652658297946122
11.372148859543818 0.26535503941560956
11.468187274909964 0.265445301442619
11.56422569027611 0.2655365996458129
11.660264105642257 0.2656288841349338
11.756302521008404 0.265722143333805
11.852340936374551 0.2658164243835634
11.948379351740696 0.2659118370748008
12.044417767106843 0.2660085583123444
12.14045618247299 0.2661067754341362
12.236494597839137 0.26620641482278945
12.332533013205282 0.2663070707672397
12.428571428571429 0.26640832094377354
12.524609843937576 0.2665101030806972
12.620648259303723 0.2666126602307569
12.716686674669868 0.26671615250658826
12.812725090036015 0.2668205389287428
12.908763505402161 0.26692572409069826
13.004801920768308 0.26703174219080783
13.100840336134453 0.26713873160363566
13.1968787515006 0.26724673646766584
13.292917166866747 0.26735564413190005
13.388955582232894 0.2674653253985093
13.484993997599041 0.2675758194321668
13.581032412965186 0.2676873082172524
13.677070828331333 0.2677999001160656
13.77310924369748 0.2679135563762226
13.869147659063627 0.2680282090335624
13.965186074429772 0.2681439243558403
14.061224489795919 0.2682608791253314
14.157262905162066 0.2683791460292634
14.253301320528212 0.26849861653563156
14.349339735894358 0.2686191324070223
14.445378151260504 0.2687406773907647
14.541416566626651 0.26886336816327683
14.637454981992798 0.26898730021150685
14.733493397358943 0.2691124886186871
14.82953181272509 0.269238935934487
14.925570228091237 0.2693667362757437
15.021608643457384 0.2694960498241413
15.11764705882353 0.26962687116329564
15.213685474189676 0.26975893635539894
15.309723889555823 0.26989191938556256
15.40576230492197 0.27002574900510246
15.501800720288117 0.27016059579533835
15.597839135654262 0.2702965730113149
15.693877551020408 0.27043360760951995
15.789915966386555 0.27057155767767016
15.885954381752702 0.2707104122929612
15.981992797118847 0.2708502981802031
16.078031212484994 0.2709913826671015
16.17406962785114 0.27113382836765454
16.270108043217288 0.27127772710151465
16.366146458583433 0.27142298253064234
16.46218487394958 0.2715693385866087
16.558223289315727 0.27171670872436504
16.654261704681872 0.27186533288117076
16.75030012004802 0.27201548634866224
16.846338535414166 0.27216693136762804
16.942376950780314 0.27231894302334936
17.03841536614646 0.27247105585746856
17.134453781512605 0.2726234427443258
17.230492196878753 0.2727766013618612
17.3265306122449 0.27293072819702635
17.422569027611043 0.27308568296467317
17.518607442977192 0.2732413378813689
17.614645858343337 0.2733977648559722
17.710684273709486 0.273555144800291
17.80672268907563 0.2737135749060887
17.902761104441776 0.27387305458253486
17.998799519807925 0.27403358422120105
18.09483793517407 0.27419522100248434
18.19087635054022 0.27435805505169597
18.286914765906364 0.2745221556109737
18.38295318127251 0.27468756070181255
18.478991596638657 0.2748542442299621
18.575030012004802 0.27502209658323173
18.671068427370948 0.27519096880556565
18.767106842737096 0.27536077532923164
18.86314525810324 0.275531504068136
18.95918367346939 0.27570316743044243
19.055222088835535 0.27587577177331624
19.15126050420168 0.27604934075619625
19.24729891956783 0.2762239733271976
19.343337334933974 0.27639983856844147
19.439375750300123 0.27657700998763357
19.535414165666268 0.27675535657045996
19.631452581032413 0.2769346421797264
19.72749099639856 0.27711478655663385
19.823529411764707 0.27729589086605855
19.91956782713085 0.2774780325584856
20.015606242497 0.2776611234616261
20.111644657863145 0.2778450197890868
20.207683073229294 0.2780298289991257
20.30372148859544 0.2782159310829847
20.399759903961584 0.27840355732894906
20.495798319327733 0.2785924838031262
20.591836734693878 0.27878224589319966
20.687875150060023 0.27897277468639586
20.78391356542617 0.2791644787338636
20.879951980792317 0.27935776849145666
20.975990396158466 0.27955269250818815
21.07202881152461 0.2797490219158365
21.168067226890756 0.27994653547374543
21.264105642256904 0.28014507312717196
21.36014405762305 0.28034453099799506
21.456182472989198 0.2805448573345131
21.552220888355343 0.2807460556628206
21.64825930372149 0.2809481951728542
21.744297719087637 0.2811514089205879
21.840336134453782 0.2813558255782278
21.936374549819927 0.28156151180413347
22.032412965186076 0.2817684986581085
22.12845138055222 0.2819768773072773
22.22448979591837 0.28218680854379385
22.320528211284515 0.2823983212796743
22.41656662665066 0.2826111337104795
22.51260504201681 0.28282476827683456
22.608643457382954 0.2830389869996269
22.704681872749102 0.283253880323754
22.800720288115247 0.2834696839670505
22.896758703481392 0.2836866081798064
22.99279711884754 0.28390481701255144
23.088835534213686 0.2841243745308394
23.18487394957983 0.2843452325317962
23.28091236494598 0.2845672445211831
23.376950780312125 0.2847901794561913
23.472989195678274 0.2850138214939435
23.56902761104442 0.2852383679026283
23.665066026410564 0.28546450576568766
23.761104441776713 0.28569284050055904
23.857142857142858 0.28592330800616217
23.953181272509003 0.2861553102698156
24.04921968787515 0.2863884085519043
24.145258103241297 0.28662250042448545
24.241296518607445 0.28685762861427055
24.33733493397359 0.28709377449392665
24.433373349339735 0.2873308932924245
24.529411764705884 0.28756911835084986
24.62545018007203 0.2878088063393116
24.721488595438178 0.2880501766794302
24.817527010804323 0.2882929022678257
24.913565426170468 0.2885362799882286
25.009603841536617 0.28878015013550096
25.10564225690276 0.2890251481984703
25.201680672268907 0.2892719870705284
25.297719087635056 0.2895206009239141
25.3937575030012 0.2897702721372368
25.48979591836735 0.2900205277327206
25.585834333733494 0.2902714144881434
25.68187274909964 0.29052325207938257
25.777911164465788 0.29077632357985844
25.873949579831933 0.29103084836536885
25.969987995198082 0.2912869420510078
26.066026410564227 0.2915446043687331
26.162064825930372 0.2918037705828719
26.25810324129652 0.2920643791043881
26.354141656662666 0.2923263649943422
26.45018007202881 0.29258959804419127
26.54621848739496 0.29285386502028843
26.642256902761105 0.2931190470052487
26.738295318127253 0.2933853646279505
26.8343337334934 0.29365329093377185
26.930372148859544 0.2939229196309918
27.026410564225692 0.29419374052700187
27.122448979591837 0.29446515282916796
27.218487394957986 0.29473721236664885
27.31452581032413 0.29501057259712815
27.410564225690276 0.29528573092794874
27.506602641056425 0.2955627358266941
27.60264105642257 0.29584131586636775
27.698679471788715 0.2961210784930797
27.794717887154864 0.2964015692199151
27.89075630252101 0.2966825582202145
27.986794717887157 0.2969641567498834
28.082833133253303 0.2972466739320848
28.178871548619448 0.2975303856925373
28.274909963985596 0.29781550316997674
28.37094837935174 0.29810209586537634
28.466986794717887 0.29839005872838875
28.563025210084035 0.29867917963095586
28.65906362545018 0.2989692541960425
28.75510204081633 0.2992601078245265
28.851140456182474 0.29955167744338207
28.94717887154862 0.2998440488861147
29.043217286914768 0.3001374425357715
29.139255702280913 0.30043218739462707
29.23529411764706 0.3007286743940498
29.331332533013207 0.30102699930425475
29.42737094837935 0.3013267923501125
29.5234093637455 0.3016275170646515
29.619447779111646 0.3019290328062203
29.71548619447779 0.3022315925318432
29.81152460984394 0.3025352874176109
29.907563025210084 0.3028397660877332
30.003601440576233 0.3031445450325096
30.099639855942378 0.3034496256679625
30.195678271308523 0.3037555030894677
30.291716686674672 0.30406257884792737
30.387755102040817 0.3043708468783772
30.483793517406966 0.304680066058199
30.57983193277311 0.3049901254979963
30.675870348139256 0.3053010880435261
30.771908763505404 0.3056131693710954
30.86794717887155 0.30592672565917733
30.963985594237695 0.3062420992523114
31.060024009603843 0.3065592806983882
31.15606242496999 0.3068778986215833
31.252100840336137 0.30719758762483895
31.348139255702282 0.30751820678615593
31.444177671068427 0.3078397594942982
31.540216086434576 0.3081622010094228
31.63625450180072 0.308485421236199
31.732292917166866 0.3088093563581583
31.828331332533015 0.3091340586733362
31.92436974789916 0.30945964949698446
32.02040816326531 0.30978620138010043
32.116446578631454 0.3101137225632823
32.2124849939976 0.3104421830600651
32.308523409363744 0.3107715319193445
32.404561824729896 0.311101750094224
32.50060024009604 0.3114329854652237
32.596638655462186 0.3117655512750197
32.69267707082833 0.3120996280477839
32.78871548619448 0.3124350574213579
32.88475390156063 0.3127714836777608
32.98079231692677 0.3131087501023283
33.07683073229292 0.3134469549782536
33.172869147659064 0.3137863000362452
33.26890756302521 0.31412698030611463
33.36494597839136 0.3144691812319615
33.460984393757506 0.3148130775569289
33.55702280912365 0.3151588225971771
33.6530612244898 0.31550639355883847
33.74909963985594 0.31585547337119346
33.84513805522209 0.31620559846250024
33.94117647058824 0.316556615817864
34.037214885954384 0.31690874698411353
34.13325330132053 0.317262227076907
34.229291716686674 0.31761701506360807
34.32533013205282 0.31797288351460395
34.42136854741897 0.31832973290774425
34.51740696278512 0.31868764939565886
34.61344537815126 0.3190468133910308
34.70948379351741 0.31940742230507724
34.80552220888355 0.31976962824738364
34.901560624249704 0.320133336299646
34.99759903961585 0.3204981814143605
35.093637454981994 0.3208638975326421
35.18967587034814 0.3212306445170212
35.285714285714285 0.32159887582606517
35.38175270108044 0.321968822832452
35.47779111644658 0.32234038797628867
35.57382953181273 0.3227133260090849
35.66986794717887 0.3230874127757743
35.76590636254502 0.32346247394309036
35.86194477791116 0.3238384687471141
35.957983193277315 0.32421550422595036
36.05402160864346 0.32459370875964044
36.150060024009605 0.32497310858858247
36.24609843937575 0.3253536470119138
36.342136854741895 0.3257352820590567
36.43817527010805 0.3261180100838864
36.53421368547419 0.326501846948274
36.63025210084034 0.32688680883866805
36.72629051620648 0.32727290823756017
36.82232893157263 0.32766014014255507
36.91836734693878 0.3280484826866438
37.014405762304925 0.3284380138465699
37.11044417767107 0.32882903743500785
37.206482593037215 0.3292219892272043
37.30252100840336 0.32961698650139004
37.39855942376951 0.33001371221739406
37.49459783913566 0.330411733117703
37.5906362545018 0.3308108599763083
37.68667466986795 0.3312111226105856
37.78271308523409 0.33161255803650797
37.878751500600245 0.33201514883165273
37.97478991596639 0.33241885678459004
38.070828331332535 0.3328236628616184
38.16686674669868 0.3332295576010621
38.262905162064826 0.3336364812630741
38.35894357743097 0.33404430768780813
38.45498199279712 0.33445293894316014
38.55102040816327 0.33486242356985463
38.64705882352941 0.3352729123464915
38.74309723889556 0.3356843825269271
38.8391356542617 0.336096554510036
38.935174069627855 0.3365092223861926
39.031212484994 0.3369226881621903
39.127250900360146 0.3373376615117504
39.22328931572629 0.33775452428742136
39.319327731092436 0.3381730815824553
39.41536614645859 0.3385929656603912
39.51140456182473 0.33901419407268873
39.60744297719088 0.33943711525404247
39.70348139255702 0.33986183691070193
39.79951980792317 0.34028802101649147
39.89555822328932 0.3407152234032098
39.991596638655466 0.3411433872079469
40.08763505402161 0.34157281474627005
40.183673469387756 0.34200373979720455
40.2797118847539 0.3424361635721692
40.375750300120046 0.34287003060535826
40.4717887154862 0.34330549785713615
40.56782713085234 0.3437428904451769
40.66386554621849 0.3441822498083652
40.759903961584634 0.34462315224880247
40.85594237695078 0.3450650499291242
40.95198079231693 0.3455078192873161
41.048019207683076 0.34595174064102824
41.14405762304922 0.3463969945486731
41.240096038415366 0.3468434448265896
41.33613445378151 0.3472907977523681
41.432172869147664 0.3477388727920944
41.52821128451381 0.34818762201684
41.624249699879954 0.34863707724924775
41.7202881152461 0.34908732540309334
41.816326530612244 0.34953846700504676
41.912364945978396 0.34999054295361176
42.00840336134454 0.350443539530495
42.104441776710686 0.35089748892924205
42.20048019207683 0.35135251717444826
42.29651860744298 0.3518087941179297
42.39255702280912 0.35226643964199555
42.488595438175274 0.3527255153664805
42.58463385354142 0.3531860413589226
42.680672268907564 0.3536480043082746
42.77671068427371 0.3541113329569103
42.872749099639854 0.3545758498513907
42.96878751500601 0.3550412860236576
43.06482593037215 0.3555074678334016
43.1608643457383 0.355974416825617
43.25690276110444 0.35644231021385714
43.35294117647059 0.3569113966090491
43.44897959183674 0.35738197063747834
43.545018007202884 0.3578542265098008
43.64105642256903 0.35832817572817166
43.737094837935174 0.358803706285979
43.83313325330132 0.35928071427835234
43.92917166866747 0.359759127232245
44.02521008403362 0.3602389664804285
44.12124849939976 0.3607203840035149
44.21728691476591 0.361203579078132
44.31332533013205 0.36168860487012616
44.409363745498204 0.36217534293013437
44.50540216086435 0.36266352504640265
44.601440576230495 0.3631527471797055
44.69747899159664 0.3636426373675806
44.793517406962785 0.3641332631545046
44.88955582232893 0.3646251461496386
44.98559423769508 0.36511870267883517
45.08163265306123 0.3656138771364261
45.17767106842737 0.366110354312953
45.27370948379352 0.3666081210836178
45.36974789915966 0.36710751797751195
45.465786314525815 0.3676087594846057
45.56182472989196 0.36811160332112536
45.657863145258105 0.36861551680052684
45.75390156062425 0.3691201461430951
45.849939975990395 0.3696253871456184
45.94597839135655 0.37013127048300526
46.04201680672269 0.37063787855806785
46.13805522208884 0.37114534509395786
46.23409363745498 0.37165385917540783
46.33013205282113 0.37216365495821035
46.42617046818728 0.37267484729903977
46.522208883553425 0.37318730640762604
46.61824729891957 0.3737008015564054
46.714285714285715 0.37421544523902084
46.81032412965186 0.3747317486833148
46.906362545018006 0.37525016571995673
47.00240096038416 0.37577072744702
47.0984393757503 0.37629309008613765
47.19447779111645 0.37681672271963496
47.29051620648259 0.37734096843978326
47.38655462184874 0.3778654599447169
47.48259303721489 0.3783904694872938
47.578631452581035 0.3789166955051614
47.67466986794718 0.3794445025487756
47.770708283313326 0.3799737769935111
47.86674669867947 0.3805042363080176
47.96278511404562 0.38103570236192963
48.05882352941177 0.38156806766460427
48.15486194477791 0.38210114109347704
48.25090036014406 0.38263462858458475
48.3469387755102 0.38316843916747295
48.442977190876356 0.3837029691533077
48.5390156062425 0.3842389383717264
48.635054021608646 0.38477672856366313
48.73109243697479 0.38531624181901913
48.827130852340936 0.38585723729814897
48.92316926770709 0.3863996595911516
49.01920768307323 0.38694360255582844
49.11524609843938 0.387489109606207
49.21128451380552 0.3880361248136296
49.30732292917167 0.38858451551567735
49.403361344537814 0.38913409533355997
49.499399759903966 0.3896846531161987
49.59543817527011 0.39023607141941496
49.691476590636256 0.39078835430408876
49.7875150060024 0.39134153029025964
49.883553421368546 0.3918955480135163
49.9795918367347 0.3924503001596187
50.075630252100844 0.3930057536637319
50.17166866746699 0.3935619860534548
50.267707082833134 0.3941191802986024
50.36374549819928 0.39467761892379605
50.45978391356543 0.3952376491866636
50.555822328931576 0.395799519316461
50.65186074429772 0.396363329441233
50.747899159663866 0.39692901550501514
50.84393757503001 0.3974963301764777
50.939975990396164 0.398064893587158
51.03601440576231 0.39863445513277174
51.132052821128454 0.39920497494778845
51.2280912364946 0.39977659757341544
51.324129651860744 0.4003496188027321
51.42016806722689 0.40092440358956755
51.51620648259304 0.4015009609784037
51.61224489795919 0.4020788139721523
51.70828331332533 0.4026574340194452
51.80432172869148 0.4032368105226555
51.90036014405762 0.4038173957034046
51.996398559423774 0.404399572753548
52.09243697478992 0.4049834722479318
52.188475390156064 0.4055690684845056
52.28451380552221 0.4061563124625774
52.380552220888354 0.4067451337840371
52.47659063625451 0.40733539581835543
52.57262905162065 0.4079268806492583
52.6686674669868 0.40851936096446384
52.76470588235294 0.4091127039660958
52.86074429771909 0.4097068768941854
52.95678271308524 0.41030192941104
53.052821128451384 0.41089798513798065
53.14885954381753 0.41149514056219477
53.244897959183675 0.4120933112109646
53.34093637454982 0.41269224837272855
53.43697478991597 0.4132917402939385
53.53301320528212 0.4138916956406521
53.62905162064826 0.41449218923035647
53.72509003601441 0.41509353442031394
53.82112845138055 0.4156962464660042
53.9171668667467 0.41630073277202373
54.01320528211285 0.4169071586990585
54.109243697478995 0.4175154626526125
54.20528211284514 0.41812538296671653
54.301320528211285 0.4187365096289765
54.39735894357743 0.4193486573120438
54.49339735894358 0.419962032981752
54.58943577430973 0.42057696679384565
54.68547418967587 0.42119343378272306
54.78151260504202 0.4218110665856425
54.87755102040816 0.42242965592753623
54.973589435774315 0.4230493898747838
55.06962785114046 0.42367065501005974
55.165666266506605 0.4242936623509225
55.26170468187275 0.42491841003915
55.357743097238895 0.42554471741816424
55.45378151260505 0.42617224345444765
55.54981992797119 0.42680066083495866
55.64585834333734 0.42742999735039067
55.74189675870348 0.42806061581058535
55.83793517406963 0.42869266389237193
55.93397358943577 0.4293257821220663
56.030012004801925 0.4299594141863959
56.12605042016807 0.430593454766096
56.222088835534215 0.4312282758622641
56.31812725090036 0.431864196133943
56.414165666266506 0.43250118357628703
56.51020408163266 0.4331390202975277
56.6062424969988 0.43377766901636694
56.70228091236495 0.4344173027713187
56.79831932773109 0.4350581111835135
56.89435774309724 0.43570018614320716
56.99039615846339 0.4363435389106659
57.086434573829536 0.4369881428147683
57.18247298919568 0.43763394808566325
57.278511404561826 0.4382809812190739
57.37454981992797 0.43892940647442263
57.47058823529412 0.43957938863282525
57.56662665066027 0.4402307583491252
57.66266506602641 0.4408830118710297
57.75870348139256 0.44153590320939073
57.8547418967587 0.4421898310560054
57.950780312124856 0.4428455272203877
58.046818727491 0.4435032421484898
58.142857142857146 0.44416265510191055
58.23889555822329 0.44482337245478015
58.334933973589436 0.4454852701480576
58.43097238895558 0.4461484161545208
58.52701080432173 0.4468128424126596
58.62304921968788 0.4474785093990187
58.719087635054024 0.44814534342567136
58.81512605042017 0.44881326369220986
58.911164465786314 0.4494822013692144
59.007202881152466 0.4501521518880689
59.10324129651861 0.4508231777477047
59.199279711884756 0.45149531377873675
59.2953181272509 0.4521684952599313
59.391356542617046 0.4528426099807691
59.4873949579832 0.4535176604336789
59.583433373349344 0.45419377636192804
59.67947178871549 0.454870929605212
59.775510204081634 0.45554870640746603
59.87154861944778 0.45622652361956384
59.96758703481393 0.45690433736487424
60.063625450180076 0.457582743554957
60.15966386554622 0.45826227705430445
60.25570228091237 0.45894282392071806
60.35174069627851 0.4596238629860918
60.44777911164466 0.4603053415341408
60.54381752701081 0.46098781973046
60.639855942376954 0.4616717281367202
60.7358943577431 0.46235671373916465
60.831932773109244 0.46304189370741305
60.92797118847539 0.4637268398209403
61.02400960384154 0.4644117821904584
61.12004801920769 0.46509729476743555
61.21608643457383 0.46578400454431845
61.31212484993998 0.46647246867630343
61.40816326530612 0.4671627537872951
61.504201680672274 0.46785436209648923
61.60024009603842 0.46854679557049544
61.696278511404564 0.46924010405925415
61.79231692677071 0.4699347307114884
61.888355342136855 0.4706308046012725
61.98439375750301 0.47132798127620956
62.08043217286915 0.47202584574816187
62.1764705882353 0.47272432365279504
62.27250900360144 0.47342364099884326
62.36854741896759 0.47412407504253634
62.46458583433373 0.47482588294778544
62.560624249699885 0.4755291463297423
62.65666266506603 0.47623360456447056
62.752701080432175 0.47693876495450516
62.84873949579832 0.4776444319261267
62.944777911164465 0.47835084638632364
63.04081632653062 0.4790584418497485
63.13685474189676 0.47976756973418655
63.23289315726291 0.4804784184099646
63.32893157262905 0.48119070212968723
63.4249699879952 0.4819035902101731
63.52100840336135 0.48261638682937646
63.617046818727495 0.4833293347716695
63.71308523409364 0.48404342134459105
63.809123649459785 0.48475917288359033
63.90516206482593 0.4854762942241188
64.00120048019208 0.48619420668132945
64.09723889555823 0.4869127165612651
64.19327731092437 0.48763198070550773
64.28931572629051 0.48835210180197164
64.38535414165666 0.4890729980698503
64.48139255702282 0.48979451558410103
64.57743097238895 0.49051657500800944
64.6734693877551 0.4912391813158702
64.76950780312126 0.49196242229599174
64.8655462184874 0.4926864661342393
64.96158463385353 0.4934114729917688
65.05762304921969 0.494137473741294
65.15366146458584 0.494864390586676
65.24969987995199 0.49559221236313505
65.34573829531813 0.49632105539950844
65.44177671068428 0.49705098551920107
65.53781512605042 0.49778176136197616
65.63385354141657 0.49851290617583555
65.72989195678272 0.49924428641875607
65.82593037214886 0.4999763299260512
65.92196878751501 0.5007096613645831
66.01800720288115 0.5014445489319269
66.1140456182473 0.5021808987036764
66.21008403361344 0.5029185275071718
66.3061224489796 0.5036572754157591
66.40216086434575 0.5043970739245976
66.49819927971188 0.5051380539628096
66.59423769507804 0.5058805022070316
66.69027611044417 0.5066244822487567
66.78631452581033 0.5073696740296068
66.88235294117648 0.5081156032319409
66.97839135654262 0.5088620269986588
67.07442977190877 0.5096089573681115
67.1704681872749 0.5103565583193975
67.26650660264106 0.5111050974594501
67.36254501800721 0.5118547999908282
67.45858343337335 0.5126055916980748
67.5546218487395 0.5133571043483776
67.65066026410564 0.5141089312089778
67.74669867947179 0.5148607499451004
67.84273709483794 0.5156123740368177
67.93877551020408 0.5163638465157564
68.03481392557023 0.517115446188511
68.13085234093637 0.5178676509914643
68.22689075630252 0.5186211173574862
68.32292917166868 0.5193763946421267
68.41896758703481 0.5201333677130754
68.51500600240097 0.5208912822432353
68.6110444177671 0.5216495642479873
68.70708283313326 0.5224082536604916
68.80312124849941 0.5231676875588523
68.89915966386555 0.5239278395085066
68.9951980792317 0.5246883028378624
69.09123649459784 0.5254489173907864
69.18727490996399 0.5262101183191543
69.28331332533014 0.5269725647291873
69.37935174069628 0.527736325815616
69.47539015606243 0.5285008321162844
69.57142857142857 0.5292654773693098
69.66746698679472 0.5300299726966866
69.76350540216087 0.5307943370063213
69.85954381752701 0.5315588639819888
69.95558223289316 0.5323240749231436
70.0516206482593 0.5330902474667335
70.14765906362545 0.533857124436485
70.2436974789916 0.5346241533188192
70.33973589435774 0.5353910744569745
70.4357743097239 0.5361579906805645
70.53181272509003 0.536925161229459
70.62785114045619 0.537692867672289
70.72388955582232 0.5384614083987993
70.81992797118848 0.5392310903346162
70.91596638655463 0.5400022170359058
71.01200480192077 0.5407749554982173
71.10804321728692 0.5415492451183446
71.20408163265306 0.5423248928157153
71.30012004801921 0.5431018332859416
71.39615846338536 0.5438801536574688
71.4921968787515 0.544659841016095
71.58823529411765 0.5454406008686433
71.68427370948379 0.5462220019955071
71.78031212484994 0.5470038985833979
71.8763505402161 0.5477864823663128
71.97238895558223 0.548569956144229
72.06842737094838 0.5493542869693131
72.16446578631452 0.5501393135171593
72.26050420168067 0.5509250861857942
72.35654261704683 0.5517119022898804
72.45258103241297 0.5524998604445205
72.54861944777912 0.5532885065288059
72.64465786314526 0.5540770556645346
72.74069627851141 0.5548651263461679
72.83673469387756 0.5556528673317624
72.9327731092437 0.556440646438145
73.02881152460985 0.5572287908162904
73.12484993997599 0.5580175603548022
73.22088835534214 0.5588070855873677
73.31692677070829 0.5595973537972905
73.41296518607443 0.5603881945004031
73.50900360144058 0.5611792667168243
73.60504201680672 0.5619701647325492
73.70108043217287 0.5627607937859164
73.79711884753902 0.5635514399271004
73.89315726290516 0.5643425029367702
73.98919567827132 0.5651342504249302
74.08523409363745 0.5659268105110414
74.1812725090036 0.5667201791140248
74.27731092436976 0.5675142245475185
74.3733493397359 0.5683087528527823
74.46938775510205 0.5691035709742248
74.56542617046819 0.5698985420045194
74.66146458583434 0.5706937934851596
74.75750300120049 0.571489757050744
74.85354141656663 0.5722868821163314
74.94957983193278 0.5730853450252459
75.04561824729892 0.5738850861601722
75.14165666266507 0.5746860208117903
75.23769507803121 0.5754880907279566
75.33373349339736 0.576291167323965
75.42977190876351 0.5770949482674491
75.52581032412965 0.5778990229527343
75.6218487394958 0.578703185802958
75.71788715486194 0.5795075186434131
75.8139255702281 0.5803122599930932
75.90996398559425 0.5811176585494442
76.00600240096038 0.5819239303878072
76.10204081632654 0.582731094623074
76.19807923169267 0.5835389304664392
76.29411764705883 0.5843471470486303
76.39015606242498 0.5851555834484594
76.48619447779112 0.5859642233353274
76.58223289315727 0.5867732097202919
76.6782713085234 0.5875828427344394
76.77430972388956 0.5883933417493412
76.87034813925571 0.5892045513413411
76.96638655462185 0.5900160039960058
77.062424969988 0.5908273464616146
77.15846338535414 0.5916384784152099
77.25450180072029 0.5924495112869025
77.35054021608644 0.5932607144005371
77.44657863145258 0.5940724650823479
77.54261704681873 0.5948849915303587
77.63865546218487 0.595698286555557
77.73469387755102 0.5965122214598261
77.83073229291718 0.5973267014687189
77.92677070828331 0.5981416395505116
78.02280912364947 0.5989567365563607
78.1188475390156 0.5997714095257205
78.21488595438176 0.6005852195716317
78.31092436974791 0.6013984858321578
78.40696278511405 0.6022121804901728
78.5030012004802 0.603026974008559
78.59903961584634 0.6038428717249014
78.69507803121249 0.6046594793453943
78.79111644657864 0.6054764044482804
78.88715486194478 0.6062933190354385
78.98319327731093 0.607110154416951
79.07923169267707 0.6079271774385387
79.17527010804322 0.6087447890888573
79.27130852340936 0.6095632048531793
79.36734693877551 0.6103824425711266
79.46338535414166 0.6112024363422071
79.5594237695078 0.6120230861226537
79.65546218487395 0.612844312488326
79.75150060024009 0.6136661475371055
79.84753901560624 0.6144886974153877
79.9435774309724 0.6153117986378387
80.03961584633853 0.6161348675785489
80.13565426170469 0.6169573291904211
80.23169267707082 0.6177793704921131
80.32773109243698 0.618601892772638
80.42376950780313 0.619425523986888
80.51980792316927 0.6202501514394685
80.61584633853542 0.621075289990442
80.71188475390156 0.621900767515736
80.80792316926771 0.6227267561287495
80.90396158463386 0.623553410236392
81.0 0.6243806855243097
81.09603841536615 0.6252084261070725
81.19207683073229 0.6260365366357348
81.28811524609844 0.6268650063397275
81.3841536614646 0.627693946466257
81.48019207683073 0.6285236087931004
81.57623049219688 0.6293542110036854
81.67226890756302 0.6301855790791855
81.76830732292918 0.6310171658092267
81.86434573829533 0.6318486479738167
81.96038415366147 0.6326802568248376
82.05642256902762 0.6335124221128289
82.15246098439376 0.6343449963600808
82.24849939975991 0.6351772373487226
82.34453781512606 0.6360086627340312
82.4405762304922 0.6368395492023747
82.53661464585835 0.6376706161830975
82.63265306122449 0.6385022923373509
82.72869147659064 0.6393346404499337
82.82472989195679 0.6401676436553991
82.92076830732293 0.6410013811615562
83.01680672268908 0.6418359186573528
83.11284513805522 0.6426710399677077
83.20888355342137 0.6435062504621282
83.30492196878753 0.6443412755310562
83.40096038415366 0.6451763827921049
83.49699879951982 0.6460121286704634
83.59303721488595 0.646848703813243
83.6890756302521 0.6476858601413211
83.78511404561824 0.6485232731761934
83.8811524609844 0.6493607886000136
83.97719087635055 0.650198360486051
84.07322929171669 0.65103587405564
84.16926770708284 0.6518731358825834
84.26530612244898 0.6527101349003279
84.36134453781513 0.653547229186007
84.45738295318128 0.6543849715748826
84.55342136854742 0.6552236060227831
84.64945978391357 0.6560629978994819
84.74549819927971 0.6569029051152698
84.84153661464586 0.6577431824923647
84.93757503001201 0.658583756512479
85.03361344537815 0.659424534298392
85.1296518607443 0.6602653932459951
85.22569027611044 0.6611062861843386
85.3217286914766 0.661947324650345
85.41776710684275 0.6627886884714613
85.51380552220888 0.6636303338916909
85.60984393757504 0.6644719605093261
85.70588235294117 0.6653134171276048
85.80192076830733 0.6661550387108686
85.89795918367348 0.6669974280726554
85.99399759903962 0.6678406957780811
86.09003601440577 0.668684338437349
86.1860744297719 0.6695278962928484
86.28211284513806 0.6703715269397406
86.37815126050421 0.6712157930541018
86.47418967587035 0.6720608477187684
86.5702280912365 0.6729062798828058
86.66626650660264 0.6737516021525586
86.76230492196879 0.6745966981275469
86.85834333733494 0.6754417623553517
86.95438175270108 0.6762870143504229
87.05042016806723 0.6771326266662957
87.14645858343337 0.6779786126356112
87.24249699879952 0.6788247184142683
87.33853541416568 0.6796705427190608
87.43457382953181 0.6805160256147429
87.53061224489797 0.6813615530320571
87.6266506602641 0.6822075849295368
87.72268907563026 0.6830542792475677
87.81872749099641 0.6839014963361808
87.91476590636255 0.6847488870771429
88.0108043217287 0.6855959309065154
88.10684273709484 0.6864423211347244
88.20288115246099 0.6872883739549681
88.29891956782713 0.6881348448365212
88.39495798319328 0.6889820329218644
88.49099639855943 0.6898295507684957
88.58703481392557 0.6906767802416073
88.68307322929172 0.6915233806256008
88.77911164465786 0.6923692970500945
88.87515006002401 0.693214676407972
88.97118847539016 0.694059837447724
89.0672268907563 0.69490510075542
89.16326530612245 0.6957505895445207
89.25930372148859 0.696596256988115
89.35534213685474 0.697442076857776
89.4513805522209 0.6982880982865767
89.54741896758703 0.699134312052109
89.64345738295319 0.6999804861913046
89.73949579831933 0.700826240209867
89.83553421368548 0.7016714849123137
89.93157262905163 0.7025165564721683
90.02761104441777 0.7033618701431654
90.12364945978392 0.7042074724795792
90.21968787515006 0.7050530922295798
90.31572629051621 0.705898586779103
90.41176470588236 0.7067440911060385
90.5078031212485 0.7075898082469488
90.60384153661465 0.7084357240872134
90.69987995198079 0.7092816546750198
90.79591836734694 0.7101276442790567
90.8919567827131 0.7109741014461495
90.98799519807923 0.7118213734217325
91.08403361344538 0.7126691379271906
91.18007202881152 0.7135164833035097
91.27611044417768 0.7143626962073514
91.37214885954383 0.7152075626319472
91.46818727490997 0.7160513066107939
91.56422569027612 0.7168944974727374
91.66026410564226 0.7177379436134159
91.75630252100841 0.718582042897929
91.85234093637456 0.7194265251776434
91.9483793517407 0.7202707881219326
92.04441776710685 0.7211144280871131
92.14045618247299 0.7219572930094412
92.23649459783914 0.722799527095982
92.33253301320529 0.7236415868480697
92.42857142857143 0.7244840160812174
92.52460984393758 0.7253270722525689
92.62064825930372 0.7261707154808592
92.71668667466987 0.7270147878659817
92.81272509003601 0.7278590946228403
92.90876350540216 0.7287034266423842
93.00480192076832 0.7295475990576392
93.10084033613445 0.7303914710596453
93.1968787515006 0.7312350718183679
93.29291716686674 0.7320786584422875
93.3889555822329 0.732922569210225
93.48499399759905 0.7337669539211962
93.58103241296519 0.7346117520827922
93.67707082833134 0.7354567480444417
93.77310924369748 0.7363015993663181
93.86914765906363 0.7371459821589904
93.96518607442978 0.7379898728190247
94.06122448979592 0.7388335427099259
94.15726290516207 0.7396772195914003
94.25330132052821 0.7405209095771275
94.34933973589436 0.7413645097700831
94.44537815126051 0.7422080422625137
94.54141656662665 0.7430516692216178
94.6374549819928 0.743895561172153
94.73349339735894 0.7447398233338615
94.8295318127251 0.7455844247537883
94.92557022809125 0.7464290480130613
95.02160864345738 0.7472731266703811
95.11764705882354 0.748116422742177
95.21368547418967 0.7489593619416515
95.30972388955583 0.7498026803425188
95.40576230492198 0.750646614838048
95.50180072028812 0.7514908292531393
95.59783913565427 0.7523348221049438
95.6938775510204 0.7531781775195582
95.78991596638656 0.7540206887342442
95.88595438175271 0.7548626437158182
95.98199279711885 0.7557048041205816
96.078031212485 0.7565476822525616
96.17406962785114 0.7573910757522925
96.27010804321729 0.7582343537895316
96.36614645858344 0.7590771960430431
96.46218487394958 0.7599196766537418
96.55822328931573 0.7607618885508538
96.65426170468187 0.7616036891383808
96.75030012004802 0.7624448153251413
96.84633853541418 0.7632852011795412
96.94237695078031 0.7641250153635366
97.03841536614647 0.7649644697009318
97.1344537815126 0.7658036829387862
97.23049219687876 0.7666426899135566
97.3265306122449 0.7674814751000663
97.42256902761105 0.7683199846720764
97.5186074429772 0.7691582128008462
97.61464585834334 0.7699962658973558
97.71068427370949 0.7708343564478577
97.80672268907563 0.7716727815118221
97.90276110444178 0.7725118951233318
97.99879951980793 0.7733517398981373
98.09483793517407 0.7741917573416659
98.19087635054022 0.775031104760091
98.28691476590636 0.7758696709879642
98.38295318127251 0.7767082135021188
98.47899159663866 0.7775473519575918
98.5750300120048 0.7783867366545233
98.67106842737095 0.7792253913858844
98.76710684273709 0.7800629281053189
98.86314525810324 0.780899763216192
98.9591836734694 0.7817365034319875
99.05522208883554 0.7825734123879033
99.15126050420169 0.783410432656693
99.24729891956783 0.7842473245520855
99.34333733493398 0.7850837098727375
99.43937575030013 0.7859193264499456
99.53541416566627 0.7867542600499009
99.63145258103242 0.7875888478234623
99.72749099639856 0.788423290927198
99.82352941176471 0.7892575731903524
99.91956782713086 0.7900916315122108
100.015606242497 0.7909255189521314
100.11164465786315 0.7917593627820824
100.20768307322929 0.7925931748233479
100.30372148859544 0.7934268091343829
100.3997599039616 0.7942600608554882
100.49579831932773 0.7950927661600743
100.59183673469389 0.7959248124834446
100.68787515006002 0.7967561609051922
100.78391356542618 0.7975868486341112
100.87995198079233 0.7984169185755594
100.97599039615847 0.7992463455113645
101.07202881152462 0.8000750660707245
101.16806722689076 0.8009031236486673
101.26410564225691 0.8017307015715711
101.36014405762306 0.802557955065982
101.4561824729892 0.8033848252276442
101.55222088835535 0.8042110918828995
101.64825930372149 0.8050366621382608
101.74429771908764 0.8058616492012617
101.84033613445378 0.8066862232282863
101.93637454981993 0.8075104369815377
102.03241296518608 0.8083342341506266
102.12845138055222 0.8091575404742561
102.22448979591837 0.8099802930294857
102.32052821128451 0.8108024659367035
102.41656662665066 0.8116241010222264
102.51260504201682 0.8124452889573206
102.60864345738295 0.8132660643344918
102.7046818727491 0.8140863742093845
102.80072028811524 0.8149061601834284
102.8967587034814 0.8157254637747648
102.99279711884755 0.8165443907046184
103.08883553421369 0.8173628762556232
103.18487394957984 0.8181806114735531
103.28091236494598 0.8189973210133046
103.37695078031213 0.8198131391522145
103.47298919567828 0.8206285538457831
103.56902761104442 0.8214439268583772
103.66506602641057 0.8222593237360525
103.76110444177671 0.82307467412981
103.85714285714286 0.8238899997370859
103.95318127250901 0.8247053823228003
104.04921968787515 0.8255206595167353
104.1452581032413 0.8263353170105285
104.24129651860744 0.8271489114595948
104.3373349339736 0.8279617020732764
104.43337334933975 0.8287745407790024
104.52941176470588 0.8295878200404501
104.62545018007204 0.8304010580951433
104.72148859543817 0.8312134375290448
104.81752701080433 0.8320246529631738
104.91356542617048 0.8328349169223406
105.00960384153662 0.8336444859803798
105.10564225690277 0.834453459642694
105.2016806722689 0.8352618225778461
105.29771908763506 0.8360695158962154
105.39375750300121 0.8368764541123225
105.48979591836735 0.837682599536669
105.5858343337335 0.8384879949586699
105.68187274909964 0.8392927070838159
105.77791116446579 0.840096727450407
105.87394957983194 0.840899976705884
105.96998799519808 0.8417024205482506
106.06602641056423 0.842504125120742
106.16206482593037 0.8433052477253307
106.25810324129652 0.8441060181250448
106.35414165666266 0.8449067113933859
106.45018007202881 0.8457074404885199
106.54621848739497 0.8465080540375192
106.6422569027611 0.8473082397888483
106.73829531812726 0.848107725266454
106.8343337334934 0.848906303346238
106.93037214885955 0.8497038567799475
107.0264105642257 0.8505003710534664
107.12244897959184 0.8512959517187685
107.21848739495799 0.8520908597468981
107.31452581032413 0.8528854806267827
107.41056422569028 0.8536799896692537
107.50660264105643 0.8544741683790251
107.60264105642257 0.8552676194042603
107.69867947178872 0.8560602305739478
107.79471788715486 0.8568521955021472
107.89075630252101 0.8576436185922929
107.98679471788716 0.8584342865297107
108.0828331332533 0.8592238692017344
108.17887154861945 0.8600123788874476
108.27490996398559 0.8608001935059284
108.37094837935174 0.8615876310244894
108.4669867947179 0.8623746897103679
108.56302521008404 0.8631611621136407
108.65906362545019 0.8639469149800528
108.75510204081633 0.8647319270315454
108.85114045618248 0.8655162515449908
108.94717887154863 0.8662999916732292
109.04321728691477 0.8670832376418411
109.13925570228092 0.867865911083183
109.23529411764706 0.8686477667756851
109.33133253301321 0.8694287087328244
109.42737094837936 0.8702090032826335
109.5234093637455 0.8709890979524209
109.61944777911165 0.8717691321108498
109.71548619447779 0.8725488842460435
109.81152460984394 0.873328128360097
109.9075630252101 0.8741068866485213
110.00360144057623 0.8748853500364457
110.09963985594239 0.8756636424447182
110.19567827130852 0.8764417816595106
110.29171668667468 0.8772196976280722
110.38775510204083 0.8779972457711569
110.48379351740697 0.8787742344752452
110.57983193277312 0.8795505060788391
110.67587034813926 0.880325954367424
110.77190876350541 0.8811005622732356
110.86794717887155 0.8818744311398813
110.9639855942377 0.8826477440462837
111.06002400960385 0.8834206498005108
111.15606242496999 0.8841932414681712
111.25210084033614 0.8849655735494778
111.34813925570228 0.885737676455302
111.44417767106843 0.8865095131249979
111.54021608643458 0.8872808326860842
111.63625450180072 0.8880511623717762
111.73229291716687 0.8888202103725378
111.82833133253301 0.8895882150241508
111.92436974789916 0.8903557747265396
112.02040816326532 0.8911232148019262
112.11644657863145 0.8918904619921606
112.2124849939976 0.8926572816466456
112.30852340936374 0.8934234932128285
112.4045618247299 0.8941889861327585
112.50060024009605 0.8949537508133178
112.59663865546219 0.8957178810286466
112.69267707082834 0.8964814682064339
112.78871548619448 0.8972444999826678
112.88475390156063 0.8980069036704745
112.98079231692678 0.8987687330922824
113.07683073229292 0.8995302038493411
113.17286914765907 0.9002914474667876
113.26890756302521 0.9010522642617464
113.36494597839136 0.9018122204362848
113.46098439375751 0.9025710940298182
113.55702280912365 0.9033289844122577
113.6530612244898 0.90408617437554
113.74909963985594 0.9048429849425286
113.8451380552221 0.9055997061939354
113.94117647058825 0.9063563244341892
114.03721488595438 0.9071124613941666
114.13325330132054 0.9078677480812305
114.22929171668667 0.9086222383732041
114.32533013205283 0.9093763259765428
114.42136854741898 0.9101302639998095
114.51740696278512 0.9108840282345936
114.61344537815127 0.9116373637371157
114.7094837935174 0.9123898383682426
114.80552220888356 0.9131409485751064
114.90156062424971 0.9138906236567532
114.99759903961585 0.9146393636163748
115.093637454982 0.9153877015001826
115.18967587034814 0.9161355469137228
115.28571428571429 0.9168822956597884
115.38175270108043 0.9176276006379737
115.47779111644658 0.9183716127746733
115.57382953181273 0.9191146949664473
115.66986794717887 0.9198570552832102
115.76590636254502 0.9205987277481373
115.86194477791116 0.9213395972445045
115.95798319327731 0.922079412394483
116.05402160864347 0.9228179669952185
116.1500600240096 0.9235553445857825
116.24609843937576 0.9242918633045603
116.3421368547419 0.9250276574558798
116.43817527010805 0.9257625323556983
116.5342136854742 0.926496218688103
116.63025210084034 0.9272287330403399
116.72629051620649 0.9279603623601442
116.82232893157263 0.9286914007972211
116.91836734693878 0.9294220492498424
117.01440576230493 0.9301524110084356
117.11044417767107 0.930882485822319
117.20648259303722 0.9316121907050983
117.30252100840336 0.932341497342376
117.39855942376951 0.9330704843921072
117.49459783913566 0.9337991579436191
117.5906362545018 0.9345271698468105
117.68667466986795 0.9352538800636403
117.78271308523409 0.9359789574024415
117.87875150060025 0.9367026287047346
117.9747899159664 0.9374253367357215
118.07082833133254 0.938147175867912
118.16686674669869 0.9388678976146578
118.26290516206483 0.9395873344023018
118.35894357743098 0.9403055870617705
118.45498199279713 0.9410228912636924
118.55102040816327 0.941739384736682
118.64705882352942 0.9424550989910205
118.74309723889556 0.9431700762329221
118.83913565426171 0.9438844244616909
118.93517406962786 0.9445983054610265
119.031212484994 0.9453119119111053
119.12725090036015 0.9460254419481615
119.22328931572629 0.9467389108475492
119.31932773109244 0.947452059921018
119.4153661464586 0.9481645510027823
119.51140456182473 0.9488763402710462
119.60744297719089 0.9495876819423623
119.70348139255702 0.9502987898585392
119.79951980792318 0.9510096611224497
119.89555822328931 0.9517201469229976
119.99159663865547 0.952430098989784
120.08763505402162 0.9531393942870086
120.18367346938776 0.9538480007264254
120.27971188475391 0.9545560127203312
120.37575030012005 0.9552635336152693
120.4717887154862 0.955970423877307
120.56782713085235 0.9566763108444925
120.66386554621849 0.9573810119182828
120.75990396158464 0.9580847782465203
120.85594237695078 0.9587880691308542
120.95198079231693 0.9594910396246374
121.04801920768308 0.9601935022925656
121.14405762304922 0.9608952582170927
121.24009603841537 0.9615962976458965
121.33613445378151 0.9622967537725107
121.43217286914766 0.9629967886203321
121.52821128451382 0.9636965668984209
121.62424969987995 0.9643961377510702
121.7202881152461 0.9650953589443998
121.81632653061224 0.9657940224019651
121.9123649459784 0.9664921715323468
122.00840336134455 0.9671901170353212
122.10444177671069 0.9678880336866101
122.20048019207684 0.9685856891974638
122.29651860744298 0.9692826006950646
122.39255702280913 0.9699784601164163
122.48859543817528 0.9706731967659661
122.58463385354142 0.9713668898020609
122.68067226890757 0.9720597060835412
122.77671068427371 0.9727518624262597
122.87274909963986 0.9734435244357619
122.96878751500601 0.9741347889996204
123.06482593037215 0.9748256843395341
123.1608643457383 0.9755161703600876
123.25690276110444 0.9762061655457523
123.3529411764706 0.9768956251442271
123.44897959183675 0.9775845507659076
123.54501800720288 0.978272920995366
123.64105642256904 0.9789606372489155
123.73709483793517 0.9796475584809755
123.83313325330133 0.980333613371994
123.92917166866746 0.9810188177953993
124.02521008403362 0.9817032048436622
124.12124849939977 0.982386767148544
124.21728691476591 0.9830694858966812
124.31332533013206 0.9837514326987566
124.4093637454982 0.9844327864185771
124.50540216086435 0.9851137551216742
124.6014405762305 0.9857945081996368
124.69747899159664 0.9864751335610997
124.79351740696279 0.9871554976350843
124.88955582232893 0.9878352283632401
124.98559423769508 0.9885139660841302
125.08163265306123 0.9891915909465848
125.17767106842737 0.989868190465607
125.27370948379352 0.9905439101311801
125.36974789915966 0.991218913441434
125.46578631452581 0.9918932721597794
125.56182472989197 0.9925668623260006
125.6578631452581 0.993239422651474
125.75390156062426 0.9939107957400064
125.8499399759904 0.9945809834460755
125.94597839135655 0.9952500805075328
126.0420168067227 0.9959182085645923
126.13805522208884 0.9965854928328113
126.23409363745499 0.9972519766015825
126.33013205282113 0.997917605535402
126.42617046818728 0.9985823964085327
126.52220888355343 0.9992466151003827
126.61824729891957 0.9999106898616335
126.71428571428572 1.0005747948593007
126.81032412965186 1.0012387445878401
126.90636254501801 1.0019022190219107
127.00240096038416 1.0025650129756902
127.0984393757503 1.0032270261369098
127.19447779111646 1.0038881550129655
127.2905162064826 1.0045482651717743
127.38655462184875 1.0052073064166924
127.4825930372149 1.0058654464967942
127.57863145258104 1.006523013553588
127.67466986794719 1.0071801805913245
127.77070828331333 1.0078368746568236
127.86674669867948 1.0084929397782072
127.96278511404563 1.0091483350260668
128.05882352941177 1.0098031195616963
128.1548619447779 1.010457314697479
128.25090036014404 1.011110860844761
128.3469387755102 1.0117636622462436
128.44297719087635 1.0124156440477032
128.53901560624251 1.0130667744736483
128.63505402160865 1.0137171664006308
128.7310924369748 1.0143671078722112
128.82713085234093 1.0150169066267107
128.92316926770707 1.0156666815391298
129.01920768307323 1.0163163739104675
129.11524609843937 1.016965894492053
129.21128451380554 1.017615174064709
129.30732292917168 1.018264066272951
129.4033613445378 1.0189122104434123
129.49939975990398 1.0195590960986676
129.59543817527012 1.0202045215232665
129.69147659063626 1.0208487619537254
129.7875150060024 1.0214922782491995
129.88355342136856 1.0221352839546096
129.9795918367347 1.0227777335097352
130.07563025210084 1.0234194720427277
130.171668667467 1.0240602974158737
130.26770708283314 1.0247000810898448
130.36374549819928 1.0253389565868904
130.45978391356545 1.0259772790777928
130.55582232893158 1.0266152358678815
130.65186074429772 1.0272526847483907
130.74789915966386 1.0278893242530829
130.84393757503003 1.028524973453131
130.93997599039616 1.0291595987752726
131.0360144057623 1.0297933240918913
131.13205282112847 1.0304264327013113
131.2280912364946 1.0310591576990562
131.32412965186074 1.0316913197602733
131.42016806722688 1.0323223710533969
131.51620648259305 1.032952011030606
131.6122448979592 1.0335804714051307
131.70828331332532 1.0342082028470798
131.8043217286915 1.0348353034379556
131.90036014405763 1.0354615167594645
131.99639855942377 1.0360867141982368
132.09243697478993 1.0367111310655417
132.18847539015607 1.0373350856004888
132.2845138055222 1.0379584374940747
132.38055222088835 1.038580607955377
132.4765906362545 1.0392012929490424
132.57262905162065 1.0398208316690596
132.6686674669868 1.0404398393642083
132.76470588235296 1.0410584613239702
132.8607442977191 1.0416763502009139
132.95678271308523 1.0422932914966614
133.0528211284514 1.0429095447926449
133.14885954381754 1.0435255590981103
133.24489795918367 1.0441413608905012
133.3409363745498 1.0447565265381993
133.43697478991598 1.045370686620013
133.53301320528212 1.045983816455966
133.62905162064826 1.0465961176322582
133.72509003601442 1.0472077450014592
133.82112845138056 1.0478187711285394
133.9171668667467 1.0484292038490526
134.01320528211286 1.0490389974100482
134.109243697479 1.0496481124638932
134.20528211284514 1.0502566567969476
134.30132052821128 1.0508648804293308
134.39735894357744 1.051472891372946
134.49339735894358 1.0520804748438977
134.58943577430972 1.0526872164658982
134.6854741896759 1.0532928153356815
134.78151260504202 1.0538971284181469
134.87755102040816 1.0545001319757172
134.97358943577433 1.0551018957777747
135.06962785114047 1.0557025576772856
135.1656662665066 1.056302257920247
135.26170468187274 1.056901120091806
135.3577430972389 1.0574991384856949
135.45378151260505 1.0580960985391945
135.54981992797119 1.0586917343161746
135.64585834333735 1.059286171163095
135.7418967587035 1.0598799604659508
135.83793517406963 1.0604734953638337
135.93397358943577 1.0610665774733712
136.03001200480193 1.061658668132452
136.12605042016807 1.062249654173249
136.2220888355342 1.0628399502125478
136.31812725090037 1.0634299375445786
136.4141656662665 1.0640195271373725
136.51020408163265 1.0646083104671673
136.60624249699882 1.0651960606098276
136.70228091236496 1.0657828172104054
136.7983193277311 1.0663687016469952
136.89435774309723 1.0669537657973636
136.9903961584634 1.0675380151398128
137.08643457382954 1.0681214990851136
137.18247298919567 1.0687043291664864
137.27851140456184 1.0692866692707623
137.37454981992798 1.0698687268536213
137.47058823529412 1.0704507086629884
137.56662665066028 1.0710326691367236
137.66266506602642 1.071614483581789
137.75870348139256 1.0721959601970714
137.8547418967587 1.0727769413118566
137.95078031212486 1.0733573122929816
138.046818727491 1.073937021173894
138.14285714285714 1.074516079795146
138.2388955582233 1.0750944917705425
138.33493397358944 1.075672183973086
138.43097238895558 1.0762490399797593
138.52701080432175 1.0768250402353816
138.62304921968789 1.0774002909783764
138.71908763505402 1.0779749125248184
138.81512605042016 1.0785489280536755
138.91116446578633 1.079122268258504
139.00720288115247 1.0796948088871519
139.1032412965186 1.0802663862447697
139.19927971188477 1.0808369480898805
139.2953181272509 1.081406711801108
139.39135654261705 1.0819760453297163
139.4873949579832 1.0825449188885061
139.58343337334935 1.0831127783187353
139.6794717887155 1.08367913787549
139.77551020408163 1.0842442322048986
139.8715486194478 1.0848088352493221
139.96758703481393 1.0853732775069926
140.06362545018007 1.0859371822988986
140.15966386554624 1.0865000074799969
140.25570228091237 1.0870616713915966
140.3517406962785 1.0876224724742023
140.44777911164465 1.088182531461786
140.54381752701082 1.0887416297775387
140.63985594237695 1.089299450749058
140.7358943577431 1.089855871910985
140.83193277310926 1.0904109667468904
140.9279711884754 1.0909649261933039
141.02400960384153 1.09151803036502
141.1200480192077 1.092070520742158
141.21608643457384 1.0926224364383947
141.31212484993998 1.0931736338465694
141.40816326530611 1.0937239532227299
141.50420168067228 1.0942732764066454
141.60024009603842 1.0948215616674242
141.69627851140456 1.0953688899627105
141.79231692677072 1.0959154623834622
141.88835534213686 1.0964615681311998
141.984393757503 1.0970075687951555
142.08043217286917 1.0975537057766207
142.1764705882353 1.0980998291540298
142.27250900360144 1.0986454586340795
142.36854741896758 1.0991902783891025
142.46458583433375 1.0997343200577268
142.56062424969988 1.100277752069918
142.65666266506602 1.100820567146996
142.7527010804322 1.1013625883211091
142.84873949579833 1.1019036721240283
142.94477791116446 1.1024437893265895
143.04081632653063 1.1029829880581867
143.13685474189677 1.1035213356087719
143.2328931572629 1.1040589177672926
143.32893157262905 1.1045958712949844
143.4249699879952 1.1051323954882535
143.52100840336135 1.1056685931642638
143.6170468187275 1.106204209851859
143.71308523409365 1.106738704519902
143.8091236494598 1.1072719412201915
143.90516206482593 1.1078044889817842
144.0012004801921 1.108337073897327
144.09723889555823 1.1088696332413288
144.19327731092437 1.1094013528523012
144.2893157262905 1.109931676528533
144.38535414165668 1.11046077382789
144.48139255702282 1.110989142980461
144.57743097238895 1.11151688664141
144.67346938775512 1.112043694221331
144.76950780312126 1.1125693251205337
144.8655462184874 1.1130938458525006
144.96158463385353 1.1136175044264838
145.0576230492197 1.1141404876646366
145.15366146458584 1.1146628965140488
145.24969987995198 1.1151847676406865
145.34573829531814 1.1157060846379339
145.44177671068428 1.1162267995303297
145.53781512605042 1.1167468763679047
145.63385354141658 1.117266302281031
145.72989195678272 1.1177851379798658
145.82593037214886 1.1183035441101552
145.921968787515 1.1188216685816752
146.01800720288117 1.119339408362856
146.1140456182473 1.119856414116852
146.21008403361344 1.1203724341964696
146.3061224489796 1.1208875116708596
146.40216086434575 1.1214018688614389
146.49819927971188 1.121915645181053
146.59423769507805 1.1224288630440442
146.6902761104442 1.1229414395348987
146.78631452581033 1.123453193597813
146.88235294117646 1.1239639114284914
146.97839135654263 1.1244735003543762
147.07442977190877 1.1249819958454716
147.1704681872749 1.1254893906382595
147.26650660264107 1.1259955264553463
147.3625450180072 1.1265002083125575
147.45858343337335 1.1270034920729848
147.55462184873952 1.127505709430045
147.65066026410565 1.1280072430046257
147.7466986794718 1.128508375833911
147.84273709483793 1.1290092396563225
147.9387755102041 1.1295096859783538
148.03481392557023 1.1300092965065804
148.13085234093637 1.1305077904618321
148.22689075630254 1.1310053109654918
148.32292917166868 1.1315022765095917
148.4189675870348 1.1319989542026205
148.51500600240098 1.1324953887572144
148.61104441776712 1.1329914308526292
148.70708283313326 1.1334867583314838
148.8031212484994 1.1339810040889966
148.89915966386556 1.1344741281874997
148.9951980792317 1.1349664629264402
149.09123649459784 1.1354583755531942
149.187274909964 1.1359500060408416
149.28331332533014 1.1364413090225067
149.37935174069628 1.1369322043051653
149.47539015606242 1.137422605672934
149.57142857142858 1.1379124163778604
149.66746698679472 1.138401525506571
149.76350540216086 1.138889811837362
149.85954381752703 1.1393771563357007
149.95558223289316 1.1398634473376448
150.0516206482593 1.140348631802703
150.14765906362547 1.1408327596792693
150.2436974789916 1.141315972680518
150.33973589435774 1.141798459466966
150.43577430972388 1.142280437774629
150.53181272509005 1.1427620085948924
150.6278511404562 1.14324302539168
150.72388955582232 1.1437231945290005
150.8199279711885 1.1442024572659988
150.91596638655463 1.1446810641941398
151.01200480192077 1.145159315761975
151.10804321728693 1.1456373167184144
151.20408163265307 1.1461150223414591
151.3001200480192 1.1465924535599403
151.39615846338535 1.1470697408734996
151.4921968787515 1.1475469469578294
151.58823529411765 1.1480238906773739
151.6842737094838 1.1485001986051493
151.78031212484996 1.1489755441928418
151.8763505402161 1.1494497111016935
151.97238895558223 1.1499226601515518
152.0684273709484 1.1503945996612537
152.16446578631454 1.1508659047793057
152.26050420168067 1.1513367542305706
152.3565426170468 1.1518070415388388
152.45258103241298 1.1522766304750602
152.54861944777912 1.1527456354983059
152.64465786314526 1.1532143341471692
152.74069627851142 1.1536826997657124
152.83673469387756 1.154150281654299
152.9327731092437 1.154616626274782
153.02881152460984 1.155081763298899
153.124849939976 1.155546120305655
153.22088835534214 1.1560099785831612
153.31692677070828 1.1564733157659797
153.41296518607444 1.1569360532853903
153.50900360144058 1.1573983563086108
153.60504201680672 1.157860564839864
153.7010804321729 1.1583227475575981
153.79711884753902 1.1587845687598417
153.89315726290516 1.1592456504040798
153.9891956782713 1.1597060332996365
154.08523409363747 1.160166114328392
154.1812725090036 1.1606261422990087
154.27731092436974 1.1610860502639009
154.3733493397359 1.16154558151178
154.46938775510205 1.162004458655931
154.56542617046819 1.1624624236265932
154.66146458583435 1.1629193982896262
154.7575030012005 1.1633755377408717
154.85354141656663 1.163831056121323
154.94957983193277 1.1642859819812956
155.04561824729893 1.1647401913416329
155.14165666266507 1.1651937208476846
155.2376950780312 1.1656468803754048
155.33373349339738 1.1660999628303312
155.4297719087635 1.1665528149580768
155.52581032412965 1.1670048952206158
155.62184873949582 1.1674558706949658
155.71788715486196 1.1679058510648248
155.8139255702281 1.1683551720441547
155.90996398559423 1.1688040579352295
156.0060024009604 1.1692525914143328
156.10204081632654 1.1697007066657243
156.19807923169267 1.1701481884137575
156.29411764705884 1.170594781467621
156.39015606242498 1.1710403692574543
156.48619447779112 1.1714849724239498
156.58223289315728 1.1719286203549868
156.67827130852342 1.1723712949001643
156.77430972388956 1.1728129706953592
156.8703481392557 1.1732536846673056
156.96638655462186 1.1736935369684036
157.062424969988 1.1741326471226239
157.15846338535414 1.1745711336549034
157.2545018007203 1.1750090928627546
157.35054021608644 1.1754465599581008
157.44657863145258 1.1758835234085567
157.54261704681872 1.17632007884134
157.6386554621849 1.1767565031589582
157.73469387755102 1.1771930653272504
157.83073229291716 1.1776296649402391
157.92677070828333 1.178065842064056
158.02280912364947 1.1785012163238566
158.1188475390156 1.1789357133001097
158.21488595438177 1.179369442349306
158.3109243697479 1.1798024481403415
158.40696278511405 1.1802346917735536
158.50300120048018 1.1806661511380085
158.59903961584635 1.181096875576734
158.6950780312125 1.1815269573727136
158.79111644657863 1.181956470093372
158.8871548619448 1.1823854609183102
158.98319327731093 1.182813952854309
159.07923169267707 1.183241945885398
159.17527010804324 1.1836694177926497
159.27130852340937 1.1840963264583455
159.3673469387755 1.1845226165752631
159.46338535414165 1.1849482840338896
159.55942376950782 1.185373414322872
159.65546218487395 1.1857981266204298
159.7515006002401 1.1862224416722709
159.84753901560626 1.1866462752873028
159.9435774309724 1.1870695792956607
160.03961584633853 1.1874924308828516
160.1356542617047 1.1879149697009177
160.23169267707084 1.1883372387161741
160.32773109243698 1.1887591663736137
160.42376950780312 1.189180642939899
160.51980792316928 1.1896015713578127
160.61584633853542 1.1900218453610236
160.71188475390156 1.1904412902630936
160.80792316926772 1.1908596683424038
160.90396158463386 1.191276868081569
161.0 1.1916930362053308
161.09603841536617 1.1921084907310815
161.1920768307323 1.1925234755473961
161.28811524609844 1.192938116621253
161.38415366146458 1.1933523886741582
161.48019207683075 1.1937660903288874
161.57623049219688 1.194178939663409
161.67226890756302 1.194590854941667
161.7683073229292 1.1950019931667282
161.86434573829533 1.195412564612921
161.96038415366147 1.1958226889916759
162.0564225690276 1.1962324154900381
162.15246098439377 1.1966417958012106
162.2484993997599 1.1970508916174172
162.34453781512605 1.1974596699039515
162.4405762304922 1.197867917804056
162.53661464585835 1.198275320121651
162.6326530612245 1.1986817188904046
162.72869147659065 1.199087161918309
162.8247298919568 1.1994918325060449
162.92076830732293 1.1998959893345216
163.01680672268907 1.2002998974024908
163.11284513805523 1.200703596722945
163.20888355342137 1.2011068667277638
163.3049219687875 1.201509498461355
163.40096038415368 1.2019115396472486
163.49699879951982 1.2023132089637032
163.59303721488595 1.2027145514994357
163.68907563025212 1.203115372592554
163.78511404561826 1.203515490036605
163.8811524609844 1.2039149719922977
163.97719087635053 1.2043140680340862
164.0732292917167 1.2047129094927054
164.16926770708284 1.2051114432021526
164.26530612244898 1.205509553922695
164.36134453781514 1.2059071853053942
164.45738295318128 1.2063043294026803
164.55342136854742 1.2067009640229664
164.64945978391358 1.207097038670919
164.74549819927972 1.2074925160343453
164.84153661464586 1.2078874149348138
164.937575030012 1.2082817873806864
165.03361344537817 1.2086756117927626
165.1296518607443 1.209068770575351
165.22569027611044 1.2094612186727434
165.3217286914766 1.2098531678731534
165.41776710684275 1.2102450012991584
165.51380552220888 1.2106368413139588
165.60984393757505 1.2110284355174519
165.7058823529412 1.2114194258072928
165.80192076830733 1.2118096577031152
165.89795918367346 1.2121991570613453
165.99399759903963 1.2125879348112487
166.09003601440577 1.2129759314107003
166.1860744297719 1.2133631387446004
166.28211284513807 1.2137497478187327
166.3781512605042 1.2141360729030188
166.47418967587035 1.2145221173595715
166.5702280912365 1.2149074467536956
166.66626650660265 1.2152916135254856
166.7623049219688 1.215674695944862
166.85834333733493 1.2160572118996087
166.9543817527011 1.2164394655519928
167.05042016806723 1.2168213343584324
167.14645858343337 1.2172025576725334
167.24249699879954 1.2175831215184902
167.33853541416568 1.2179632214653218
167.43457382953181 1.218342897730349
167.53061224489795 1.2187219106956013
167.62665066026412 1.2190999780413772
167.72268907563026 1.219477106869088
167.8187274909964 1.2198535595843993
167.91476590636256 1.220229497593874
168.0108043217287 1.22060484966322
168.10684273709484 1.2209794288305968
168.202881152461 1.2213531049907855
168.29891956782714 1.2217258346044217
168.39495798319328 1.2220977625002165
168.49099639855942 1.2224692579021015
168.58703481392558 1.2228406728327101
168.68307322929172 1.2232119682434668
168.77911164465786 1.2235827519368474
168.87515006002403 1.223952753887601
168.97118847539016 1.2243220225298874
169.0672268907563 1.2246907682277859
169.16326530612247 1.2250591078495365
169.2593037214886 1.2254270524564352
169.35534213685474 1.225794586978742
169.45138055222088 1.226161705372258
169.54741896758705 1.2265284025484322
169.6434573829532 1.2268946600056332
169.73949579831933 1.2272604452626514
169.8355342136855 1.2276257199972251
169.93157262905163 1.2279904443184044
170.02761104441777 1.2283546045389722
170.12364945978393 1.2287182629059619
170.21968787515007 1.2290815534248851
170.3157262905162 1.2294446067418439
170.41176470588235 1.2298075133533404
170.50780312124851 1.2301702998590291
170.60384153661465 1.2305328838496479
170.6998799519808 1.2308950864431347
170.79591836734696 1.2312567862983441
170.8919567827131 1.2316179986742255
170.98799519807923 1.2319788202954451
171.08403361344537 1.2323393180993127
171.18007202881154 1.2326995132198761
171.27611044417768 1.2330593534902259
171.3721488595438 1.2334186989123628
171.46818727490998 1.2337774091898275
171.56422569027612 1.234135528612415
171.66026410564226 1.2344932832693787
171.75630252100842 1.2348508223425327
171.85234093637456 1.2352080707811415
171.9483793517407 1.2355648408170246
172.04441776710684 1.2359210828305462
172.140456182473 1.236276897760695
172.23649459783914 1.2366323133723947
172.33253301320528 1.2369871501006167
172.42857142857144 1.237341142558609
172.52460984393758 1.2376942281120478
172.62064825930372 1.2380465720982163
172.7166866746699 1.2383983880183433
172.81272509003603 1.2387498237442083
172.90876350540216 1.2391009510011457
173.0048019207683 1.2394517432950116
173.10084033613447 1.239802088051951
173.1968787515006 1.2401519774965142
173.29291716686674 1.240501635691627
173.3889555822329 1.2408513335347144
173.48499399759905 1.2412009000113247
173.5810324129652 1.2415496961939378
173.67707082833135 1.2418972987460024
173.7731092436975 1.242243978002143
173.86914765906363 1.2425903962693987
173.96518607442977 1.2429367513748673
174.06122448979593 1.2432826723931196
174.15726290516207 1.2436278001894776
174.2533013205282 1.2439722145800953
174.34933973589438 1.2443162885093983
174.4453781512605 1.2446602356308836
174.54141656662665 1.2450040374307991
174.63745498199282 1.2453475771295148
174.73349339735896 1.2456907433971107
174.8295318127251 1.2460334389672736
174.92557022809123 1.246375598508909
175.0216086434574 1.2467171920248832
175.11764705882354 1.2470582257702727
175.21368547418967 1.2473987430308098
175.30972388955584 1.2477388021156033
175.40576230492198 1.2480784048260127
175.50180072028812 1.2484174849902017
175.59783913565425 1.2487559598156306
175.69387755102042 1.2490937736609116
175.78991596638656 1.2494308998599681
175.8859543817527 1.249767342291603
175.98199279711886 1.250103135844109
176.078031212485 1.2504383513324522
176.17406962785114 1.250773100013475
176.2701080432173 1.2511074976945487
176.36614645858344 1.251441533658103
176.46218487394958 1.251775050290263
176.55822328931572 1.2521079344041728
176.6542617046819 1.2524402973419293
176.75030012004802 1.2527724147077912
176.84633853541416 1.2531044685817072
176.94237695078033 1.253436487178852
177.03841536614647 1.2537683776547865
177.1344537815126 1.254099958554458
177.23049219687877 1.254431003036806
177.3265306122449 1.2547614086950918
177.42256902761105 1.255091235984914
177.51860744297718 1.255420595468834
177.61464585834335 1.2557495307832864
177.7106842737095 1.2560780243627727
177.80672268907563 1.2564060448497478
177.9027611044418 1.25673356090391
177.99879951980793 1.2570605725687578
178.09483793517407 1.257387145620556
178.19087635054024 1.2577133772180642
178.28691476590637 1.258039231433289
178.3829531812725 1.2583644987829756
178.47899159663865 1.2586889839472637
178.57503001200482 1.259012721051167
178.67106842737095 1.2593359402822732
178.7671068427371 1.2596588505839823
178.86314525810326 1.2599815743307228
178.9591836734694 1.2603041460355118
179.05522208883554 1.2606265106962316
179.1512605042017 1.2609485487201806
179.24729891956784 1.2612702036961663
179.34333733493398 1.261591520670439
179.43937575030012 1.2619125593363814
179.53541416566628 1.2622332841366388
179.63145258103242 1.2625535870257356
179.72749099639856 1.2628734481898043
179.82352941176472 1.2631929866951328
179.91956782713086 1.2635123296587287
180.015606242497 1.2638314384907146
180.11164465786314 1.2641501415680694
180.2076830732293 1.264468388421922
180.30372148859544 1.2647863361606926
180.39975990396158 1.2651041795655154
180.49579831932775 1.2654219134738904
180.59183673469389 1.2657393525146925
180.68787515006002 1.2660563583603113
180.7839135654262 1.2663729238628312
180.87995198079233 1.2666891075025872
180.97599039615847 1.2670049364833862
181.0720288115246 1.2673204051061553
181.16806722689077 1.267635515759086
181.2641056422569 1.2679502947104924
181.36014405762305 1.268264753644015
181.4561824729892 1.2685788299450402
181.55222088835535 1.2688924062565299
181.6482593037215 1.26920547837511
181.74429771908765 1.2695182225965183
181.8403361344538 1.2698308283340975
181.93637454981993 1.270143226439322
182.03241296518607 1.2704551109194933
182.12845138055224 1.2707662724181263
182.22448979591837 1.2710767430963865
182.3205282112845 1.2713866807703202
182.41656662665068 1.2716961705256233
182.51260504201682 1.2720052134060182
182.60864345738295 1.272313787083758
182.70468187274912 1.2726218739112947
182.80072028811526 1.2729294604615768
182.8967587034814 1.2732365366067997
182.99279711884753 1.2735430976012678
183.0888355342137 1.2738491608356657
183.18487394957984 1.2741547733501515
183.28091236494598 1.274459959951895
183.37695078031214 1.2747646253302996
183.47298919567828 1.2750685741212973
183.56902761104442 1.275371777744771
183.66506602641059 1.275674509923639
183.76110444177672 1.2759771382162217
183.85714285714286 1.276279706716902
183.953181272509 1.2765819254118422
184.04921968787517 1.276883527452936
184.1452581032413 1.2771844621590331
184.24129651860744 1.2774848037297373
184.3373349339736 1.2777845558526466
184.43337334933975 1.2780836352801557
184.52941176470588 1.278381952298397
184.62545018007202 1.2786794566249484
184.7214885954382 1.2789761289940496
184.81752701080433 1.2792719612394594
184.91356542617046 1.2795669604282125
185.00960384153663 1.279861222067885
185.10564225690277 1.280154973784415
185.2016806722689 1.2804484884124177
185.29771908763507 1.2807418797478574
185.3937575030012 1.2810350863114577
185.48979591836735 1.2813280145389996
185.5858343337335 1.2816206290404346
185.68187274909965 1.2819129314482787
185.7779111644658 1.2822049051576538
185.87394957983193 1.2824965044170036
185.9699879951981 1.2827876224159833
186.06602641056423 1.2830780701459445
186.16206482593037 1.2833676300398023
186.25810324129654 1.2836561964604547
186.35414165666268 1.283943794703481
186.45018007202881 1.2842305351226337
186.54621848739495 1.2845165809022894
186.64225690276112 1.2848020972427308
186.73829531812726 1.2850871140547175
186.8343337334934 1.2853715164253023
186.93037214885956 1.2856552354572262
187.0264105642257 1.2859383882504853
187.12244897959184 1.2862211928005778
187.218487394958 1.2865037120521974
187.31452581032414 1.286785820159956
187.41056422569028 1.2870673882358303
187.50660264105642 1.2873484277103342
187.60264105642258 1.28762903595037
187.69867947178872 1.2879092181737548
187.79471788715486 1.288188863183273
187.89075630252103 1.2884679011469329
187.98679471788716 1.2887464314821069
188.0828331332533 1.2890246524701423
188.17887154861947 1.2893026216855585
188.2749099639856 1.289580215822926
188.37094837935174 1.289857271813015
188.46698679471788 1.290133706909075
188.56302521008405 1.2904095166731424
188.6590636254502 1.2906847550708038
188.75510204081633 1.290959525642847
188.8511404561825 1.291233897926893
188.94717887154863 1.2915078328709504
189.04321728691477 1.291781223891563
189.1392557022809 1.2920540545907557
189.23529411764707 1.292326431218916
189.3313325330132 1.2925985169272844
189.42737094837935 1.2928704699233318
189.52340936374551 1.2931424061378893
189.61944777911165 1.293414265770814
189.7154861944778 1.2936857892676934
189.81152460984396 1.2939566891100953
189.9075630252101 1.2942268190562998
190.00360144057623 1.2944961614975887
190.09963985594237 1.2947647480968179
190.19567827130854 1.295032639730583
190.29171668667468 1.2952999252408655
190.3877551020408 1.2955667199768763
190.48379351740698 1.2958331324734322
190.57983193277312 1.2960991224918046
190.67587034813926 1.296364470803267
190.77190876350542 1.296628982230033
190.86794717887156 1.2968927063715563
190.9639855942377 1.2971558927550437
191.06002400960384 1.2974187380404405
191.15606242497 1.2976813160220773
191.25210084033614 1.2979436243149507
191.34813925570228 1.2982056377126714
191.44417767106845 1.2984673110725415
191.54021608643458 1.2987285789312437
191.63625450180072 1.2989893555193772
191.7322929171669 1.2992495410179048
191.82833133253303 1.2995090291731675
191.92436974789916 1.2997677267803573
192.0204081632653 1.3000256501526748
192.11644657863147 1.30028295210179
192.2124849939976 1.3005397928020384
192.30852340936374 1.3007961768391039
192.4045618247299 1.3010519823627438
192.50060024009605 1.3013071736399813
192.5966386554622 1.301561869380199
192.69267707082835 1.3018162314250092
192.7887154861945 1.302070317289786
192.88475390156063 1.3023240820131603
192.98079231692677 1.3025774456637036
193.07683073229293 1.3028303183880907
193.17286914765907 1.3030826557374684
193.2689075630252 1.303334535752481
193.36494597839138 1.3035861259252015
193.4609843937575 1.3038374497049263
193.55702280912365 1.304088302930929
193.6530612244898 1.304338434305166
193.74909963985596 1.3045878096977142
193.8451380552221 1.3048366032860998
193.94117647058823 1.3050850075900753
194.0372148859544 1.3053331581890655
194.13325330132054 1.3055811065090421
194.22929171668667 1.3058287779656488
194.32533013205284 1.306075989023644
194.42136854741898 1.3063225879717597
194.51740696278512 1.3065685137485372
194.61344537815125 1.3068138025794713
194.70948379351742 1.3070585982006877
194.80552220888356 1.307303123473394
194.9015606242497 1.307547469904413
194.99759903961586 1.3077915070537802
195.093637454982 1.3080350117390556
195.18967587034814 1.3082778886924262
195.2857142857143 1.3085201748702
195.38175270108044 1.3087619081461135
195.47779111644658 1.309003067538958
195.57382953181272 1.3092436598278128
195.6698679471789 1.3094838753572073
195.76590636254502 1.3097240618374377
195.86194477791116 1.3099643800045018
195.95798319327733 1.310204637636042
196.05402160864347 1.3104444703537093
196.1500600240096 1.3106836845622105
196.24609843937577 1.3109222891425982
196.3421368547419 1.3111604428250878
196.43817527010805 1.3113984263136678
196.53421368547419 1.3116365033120554
196.63025210084035 1.3118746442244724
196.7262905162065 1.3121125391096036
196.82232893157263 1.312350020181368
196.9183673469388 1.312587288951704
197.01440576230493 1.3128246871903624
197.11044417767107 1.3130622124482998
197.20648259303724 1.313299493819791
197.30252100840337 1.31353615207584
197.3985594237695 1.3137720045225243
197.49459783913565 1.3140070628762874
197.59063625450182 1.314241523624999
197.68667466986795 1.314475738391269
197.7827130852341 1.3147099159992945
197.87875150060026 1.3149439446633429
197.9747899159664 1.3151775363742786
198.07082833133254 1.3154105684161843
198.16686674669867 1.315643118495844
198.26290516206484 1.3158753142289705
198.35894357743098 1.3161072382068513
198.45498199279712 1.3163389290088077
198.55102040816328 1.3165703876297847
198.64705882352942 1.3168015815404381
198.74309723889556 1.3170324800516888
198.83913565426172 1.3172630775563439
198.93517406962786 1.31749338777938
199.031212484994 1.3177234281849772
199.12725090036014 1.3179532140604113
199.2232893157263 1.3181827135757915
199.31932773109244 1.318411816594022
199.41536614645858 1.3186403726632043
199.51140456182475 1.318868296385984
199.60744297719089 1.319095581073308
199.70348139255702 1.3193222421320083
199.7995198079232 1.3195482757405106
199.89555822328933 1.3197736973903824
199.99159663865547 1.3199986558414145
200.0876350540216 1.3202234386052822
200.18367346938777 1.3204482488057816
200.2797118847539 1.3206730335944945
200.37575030012005 1.3208975697110135
200.4717887154862 1.3211217379512807
200.56782713085235 1.321345566283457
200.6638655462185 1.3215690849234834
200.75990396158466 1.3217922093295793
200.8559423769508 1.3220147792345318
200.95198079231693 1.3222366949704987
201.04801920768307 1.32245794177532
201.14405762304924 1.3226785354406796
201.24009603841537 1.3228984760343954
201.3361344537815 1.323117771136587
201.43217286914768 1.3233365207307586
201.52821128451382 1.3235549262917523
201.62424969987995 1.32377311902073
201.72028811524612 1.323991006590723
201.81632653061226 1.3242083478217794
201.9123649459784 1.324425041373873
202.00840336134453 1.3246411833335165
202.1044417767107 1.3248569136351094
202.20048019207684 1.325072272095691
202.29651860744298 1.3252872314655135
202.39255702280914 1.325501845138274
202.48859543817528 1.3257162739231372
202.58463385354142 1.3259305950797826
202.68067226890756 1.3261446143470172
202.77671068427372 1.326357944841848
202.87274909963986 1.3265703576173316
202.968787515006 1.3267818661573598
203.06482593037217 1.3269926299509627
203.1608643457383 1.3272028547887387
203.25690276110444 1.327412768979107
203.3529411764706 1.3276225417884644
203.44897959183675 1.3278322594941816
203.54501800720288 1.328041862294
203.64105642256902 1.3282510755913168
203.7370948379352 1.3284594987853078
203.83313325330133 1.3286670228715667
203.92917166866746 1.3288739377569807
204.02521008403363 1.3290806181418366
204.12124849939977 1.3292871653462985
204.2172869147659 1.32949345249127
204.31332533013207 1.3296994335751149
204.4093637454982 1.3299052309261128
204.50540216086435 1.330110978043814
204.6014405762305 1.3303166314505903
204.69747899159665 1.3305220040165526
204.7935174069628 1.3307269893714917
204.88955582232893 1.3309316302663938
204.9855942376951 1.3311360306040658
205.08163265306123 1.3313402448459937
205.17767106842737 1.331544271005011
205.27370948379354 1.3317480502800345
205.36974789915968 1.331951469767712
205.46578631452581 1.3321544799343252
205.56182472989195 1.332357250048202
205.65786314525812 1.3325600932196655
205.75390156062426 1.3327629799116212
205.8499399759904 1.3329653771993992
205.94597839135656 1.3331667366203201
206.0420168067227 1.3333671722193305
206.13805522208884 1.3335673740729759
206.234093637455 1.3337677879505887
206.33013205282114 1.3339683161396798
206.42617046818728 1.3341686370191632
206.52220888355342 1.3343686723309576
206.61824729891958 1.3345685693909677
206.71428571428572 1.3347683521246418
206.81032412965186 1.334967787760542
206.90636254501803 1.3351666101130855
207.00240096038416 1.3353648628945085
207.0984393757503 1.3355628727045272
207.19447779111644 1.3357608693199499
207.2905162064826 1.3359588299353748
207.38655462184875 1.336156596401512
207.48259303721488 1.3363540653588384
207.57863145258105 1.3365512053812112
207.6746698679472 1.3367480559622702
207.77070828331333 1.3369447261191165
207.8667466986795 1.3371413217972759
207.96278511404563 1.337337822523617
208.05882352941177 1.3375340855896134
208.1548619447779 1.337729969340021
208.25090036014407 1.3379253901477828
208.3469387755102 1.3381203382974316
208.44297719087635 1.3383149060575468
208.53901560624251 1.3385092684311597
208.63505402160865 1.3387035022203428
208.7310924369748 1.3388974988649405
208.82713085234096 1.3390910612780105
208.9231692677071 1.3392840874055514
209.01920768307323 1.3394765828782043
209.11524609843937 1.3396685942115973
209.21128451380554 1.3398601745848424
209.30732292917168 1.3400513889416557
209.4033613445378 1.3402423246813764
209.49939975990398 1.3404330834680178
209.59543817527012 1.3406236946520278
209.69147659063626 1.340814069045959
209.78751500600242 1.3410040601035438
209.88355342136856 1.341193592453891
209.9795918367347 1.3413826731568625
210.07563025210084 1.3415713450454754
210.171668667467 1.3417596603045623
210.26770708283314 1.3419476782903523
210.36374549819928 1.3421354612953484
210.45978391356545 1.3423230687354826
210.55582232893158 1.342510502066889
210.65186074429772 1.3426976721298969
210.7478991596639 1.3428844497203571
210.84393757503003 1.3430707837843152
210.93997599039616 1.3432567095372583
211.0360144057623 1.343442253865677
211.13205282112847 1.343627376163452
211.2280912364946 1.3438119879188202
211.32412965186074 1.3439960024400706
211.4201680672269 1.3441793481670703
211.51620648259305 1.344362040278309
211.6122448979592 1.3445442279454163
211.70828331332532 1.3447261332331757
211.8043217286915 1.3449078909653878
211.90036014405763 1.3450895294524474
211.99639855942377 1.3452710516364568
212.09243697478993 1.3454524914873827
212.18847539015607 1.3456338924856763
212.2845138055222 1.3458152457101349
212.38055222088838 1.345996479368082
212.4765906362545 1.3461774586467756
212.57262905162065 1.3463579857108146
212.6686674669868 1.346537870187532
212.76470588235296 1.3467171320131017
212.8607442977191 1.3468960197572073
212.95678271308523 1.347074744906521
213.0528211284514 1.3472532782016424
213.14885954381754 1.3474314369100657
213.24489795918367 1.347609165838217
213.34093637454984 1.347786580969004
213.43697478991598 1.3479638166916206
213.53301320528212 1.34814090273411
213.62905162064826 1.3483177875449264
213.72509003601442 1.3484944246571118
213.82112845138056 1.348670789494452
213.9171668667467 1.3488468698691933
214.01320528211286 1.3490226578390416
214.109243697479 1.3491981506212165
214.20528211284514 1.3493733550210636
214.3013205282113 1.3495482852607503
214.39735894357744 1.3497229002217792
214.49339735894358 1.3498970473507943
214.58943577430972 1.3500705207281454
214.6854741896759 1.3502432776955429
214.78151260504202 1.350415479414711
214.87755102040816 1.3505873227958825
214.97358943577433 1.350758883330955
215.06962785114047 1.3509301167086223
215.1656662665066 1.3511008882325641
215.26170468187277 1.3512709880348943
215.3577430972389 1.3514403105053112
215.45378151260505 1.3516090301822463
215.54981992797119 1.3517775092301434
215.64585834333735 1.3519458958274884
215.7418967587035 1.352114033058925
215.83793517406963 1.3522816985926347
215.9339735894358 1.3524488516867228
216.03001200480193 1.3526156070030066
216.12605042016807 1.352782074802564
216.2220888355342 1.3529483188698976
216.31812725090037 1.3531143691750698
216.4141656662665 1.3532802355869595
216.51020408163265 1.3534459139790544
216.60624249699882 1.353611410613797
216.70228091236496 1.353776747792104
216.7983193277311 1.3539419287574044
216.89435774309726 1.3541068978267474
216.9903961584634 1.3542715537018029
217.08643457382954 1.3544358230698657
217.18247298919567 1.3545996818090273
217.27851140456184 1.3547631333147523
217.37454981992798 1.3549261826752637
217.47058823529412 1.355088843954902
217.56662665066028 1.355251184418813
217.66266506602642 1.3554133361026697
217.75870348139256 1.355575413281421
217.85474189675872 1.3557374089575704
217.95078031212486 1.3558992103095528
218.046818727491 1.3560607161910725
218.14285714285714 1.356221875629793
218.2388955582233 1.3563826605862865
218.33493397358944 1.3565430298541243
218.43097238895558 1.3567029342096086
218.52701080432175 1.3568623602999743
218.62304921968789 1.35702134574734
218.71908763505402 1.357179958547499
218.8151260504202 1.3573382683226418
218.91116446578633 1.357496339620592
219.00720288115247 1.3576542048623623
219.1032412965186 1.3578118548091649
219.19927971188477 1.3579692631456781
219.2953181272509 1.3581264222997989
219.39135654261705 1.3582833378265655
219.4873949579832 1.358439974607062
219.58343337334935 1.35859623720461
219.6794717887155 1.3587520516986031
219.77551020408166 1.3589074909625234
219.8715486194478 1.359062754465103
219.96758703481393 1.3592179614723936
220.06362545018007 1.359373066857078
220.15966386554624 1.3595279376190312
220.25570228091237 1.359682476208894
220.3517406962785 1.359836636376443
220.44777911164468 1.3599904580676263
220.54381752701082 1.3601440817524644
220.63985594237695 1.360297668556112
220.7358943577431 1.3604512646128875
220.83193277310926 1.3606047994244017
220.9279711884754 1.3607581738100265
221.02400960384153 1.360911300495018
221.1200480192077 1.361064107243235
221.21608643457384 1.3612165418505486
221.31212484993998 1.3613685770137038
221.40816326530614 1.361520246780362
221.50420168067228 1.36167166358394
221.60024009603842 1.3618229363408032
221.69627851140456 1.3619740162969183
221.79231692677072 1.362124705362953
221.88835534213686 1.3622748745073066
221.984393757503 1.362424574649062
222.08043217286917 1.3625739606884966
222.1764705882353 1.3627231396766974
222.27250900360144 1.3628721536444512
222.3685474189676 1.3630209851761002
222.46458583433375 1.363169560682897
222.56062424969988 1.3633177941264152
222.65666266506602 1.363465677966639
222.7527010804322 1.3636132837978021
222.84873949579833 1.3637606577205115
222.94477791116446 1.3639077614171575
223.04081632653063 1.364054530031419
223.13685474189677 1.3642010007353609
223.2328931572629 1.3643473126458852
223.32893157262907 1.3644935266470988
223.4249699879952 1.3646395184176914
223.52100840336135 1.3647850819456462
223.6170468187275 1.3649301724962908
223.71308523409365 1.3650749184104418
223.8091236494598 1.3652193694918349
223.90516206482593 1.3653633397989822
224.0012004801921 1.3655065639748978
224.09723889555823 1.3656490847812064
224.19327731092437 1.3657912783226838
224.28931572629054 1.3659334618399033
224.38535414165668 1.3660756356303123
224.48139255702282 1.3662175990092242
224.57743097238895 1.3663592605392254
224.67346938775512 1.3665006772574815
224.76950780312126 1.3666419263457197
224.8655462184874 1.366783016265043
224.96158463385356 1.3669239031980611
225.0576230492197 1.3670645406877435
225.15366146458584 1.3672048867810083
225.24969987995198 1.3673448863409519
225.34573829531814 1.367484458135395
225.44177671068428 1.3676235056732624
225.53781512605042 1.367761949182951
225.63385354141658 1.3678997351820754
225.72989195678272 1.3680368946650687
225.82593037214886 1.3681735876306171
225.92196878751503 1.3683100410575424
226.01800720288117 1.3684463572685306
226.1140456182473 1.3685824854330302
226.21008403361344 1.368718343861187
226.3061224489796 1.368853918179133
226.40216086434575 1.3689892349325623
226.49819927971188 1.3691242684578622
226.59423769507805 1.3692589286272367
226.6902761104442 1.3693931686461855
226.78631452581033 1.369527075961232
226.8823529411765 1.3696608048957668
226.97839135654263 1.3697943388088993
227.07442977190877 1.3699274530331709
227.1704681872749 1.3700599631208894
227.26650660264107 1.3701919450434201
227.3625450180072 1.3703236665454288
227.45858343337335 1.3704553135839714
227.55462184873952 1.3705869311839696
227.65066026410565 1.3707184685787128
227.7466986794718 1.370849821426927
227.84273709483796 1.370980853221453
227.9387755102041 1.3711114697716158
228.03481392557023 1.3712416355834838
228.13085234093637 1.3713713490017438
228.22689075630254 1.3715006180378209
228.32292917166868 1.3716294571087755
228.4189675870348 1.3717578776567574
228.51500600240098 1.3718858869273989
228.61104441776712 1.3720135164519704
228.70708283313326 1.3721408513501747
228.80312124849942 1.372268010457952
228.89915966386556 1.3723950562785583
228.9951980792317 1.3725219721948905
229.09123649459784 1.372648691223046
229.187274909964 1.3727751270485273
229.28331332533014 1.37290119851979
229.37935174069628 1.3730269326813467
229.47539015606245 1.3731524889793194
229.57142857142858 1.3732780233104092
229.66746698679472 1.3734035339451125
229.76350540216086 1.3735288878544587
229.85954381752703 1.3736539850726976
229.95558223289316 1.3737788065550287
230.0516206482593 1.3739033862924908
230.14765906362547 1.3740277781793928
230.2436974789916 1.3741520488440413
230.33973589435774 1.374276251142792
230.4357743097239 1.374400416291546
230.53181272509005 1.374524569430275
230.6278511404562 1.374648749060368
230.72388955582232 1.374772992262131
230.8199279711885 1.3748972495584748
230.91596638655463 1.3750213591476173
231.01200480192077 1.3751451440167366
231.10804321728693 1.375268539586322
231.20408163265307 1.3753915800362677
231.3001200480192 1.3755142724037848
231.39615846338538 1.3756365552544016
231.4921968787515 1.375758424188934
231.58823529411765 1.3758801053853928
231.6842737094838 1.3760019972183741
231.78031212484996 1.376124244568425
231.8763505402161 1.376246587045967
231.97238895558223 1.3763686576654022
232.0684273709484 1.3764904171123526
232.16446578631454 1.3766121222296883
232.26050420168067 1.3767339097432236
232.35654261704684 1.3768556361345272
232.45258103241298 1.376977025730734
232.54861944777912 1.3770978974488266
232.64465786314526 1.3772181832801715
232.74069627851142 1.3773379238210954
232.83673469387756 1.377457264986449
232.9327731092437 1.3775763648126502
233.02881152460986 1.3776952438144558
233.124849939976 1.3778138030203013
233.22088835534214 1.3779320492432086
233.3169267707083 1.37805019091156
233.41296518607444 1.378168475060877
233.50900360144058 1.3782869113622482
233.60504201680672 1.3784052799177038
233.7010804321729 1.3785233913591592
233.79711884753902 1.3786412049520094
233.89315726290516 1.3787587395273837
233.98919567827133 1.3788759143893188
234.08523409363747 1.3789925604323514
234.1812725090036 1.3791086403522264
234.27731092436974 1.379224353316328
234.3733493397359 1.3793399706627425
234.46938775510205 1.379455527487392
234.56542617046819 1.3795708182887925
234.66146458583435 1.3796856490383207
234.7575030012005 1.3797999651734534
234.85354141656663 1.3799138225882555
234.9495798319328 1.380027328589794
235.04561824729893 1.3801406215953222
235.14165666266507 1.380253748600142
235.2376950780312 1.3803666003079533
235.33373349339738 1.3804790327517085
235.4297719087635 1.3805911209531279
235.52581032412965 1.3807031578727238
235.62184873949582 1.3808153371875518
235.71788715486196 1.3809275752021257
235.8139255702281 1.3810396612372813
235.90996398559426 1.3811515907531322
236.0060024009604 1.3812635803063136
236.10204081632654 1.3813757656557377
236.19807923169267 1.3814880231008209
236.29411764705884 1.3816000855707986
236.39015606242498 1.3817118155804724
236.48619447779112 1.3818232309742071
236.58223289315728 1.3819343657703884
236.67827130852342 1.3820451834918859
236.77430972388956 1.3821556112800093
236.87034813925573 1.38226562579665
236.96638655462186 1.3823752610337905
237.062424969988 1.382484549758003
237.15846338535414 1.3825934851238548
237.2545018007203 1.3827020382848578
237.35054021608644 1.382810205342174
237.44657863145258 1.3829180146979692
237.54261704681875 1.3830255254085906
237.6386554621849 1.383132825951793
237.73469387755102 1.383240020555331
237.8307322929172 1.3833471923989857
237.92677070828333 1.3834543947220779
238.02280912364947 1.3835616131372326
238.1188475390156 1.3836687383572386
238.21488595438177 1.3837756349608827
238.3109243697479 1.3838823398449174
238.40696278511405 1.3839890776962447
238.5030012004802 1.3840959692420736
238.59903961584635 1.3842028088528573
238.6950780312125 1.3843092087826567
238.79111644657863 1.3844150521081087
238.8871548619448 1.3845205560772955
238.98319327731093 1.384625923617513
239.07923169267707 1.3847310641156676
239.17527010804324 1.38483571010971
239.27130852340937 1.3849398151388628
239.3673469387755 1.3850436157989612
239.46338535414168 1.3851473371584646
239.55942376950782 1.3852509449061459
239.65546218487395 1.3853542245057402
239.7515006002401 1.3854570742883623
239.84753901560626 1.3855595605927513
239.9435774309724 1.3856617946829415
240.03961584633853 1.3857638239344992
240.1356542617047 1.385865633606854
240.23169267707084 1.3859671665961406
240.32773109243698 1.3860683315483544
240.42376950780314 1.3861690769644635
240.51980792316928 1.3862694599879115
240.61584633853542 1.386369619274164
240.71188475390156 1.3864696627379427
240.80792316926772 1.3865696410530568
240.90396158463386 1.3866695476758673
241.0 1.38676931886864
