1.0 0.247688
1.0960384153661464 0.2476831623720896
1.1920768307322929 0.24767869446953988
1.2881152460984393 0.24767474223039646
1.3841536614645857 0.24767141586213193
1.4801920768307322 0.24766875040424022
1.5762304921968788 0.2476667544576972
1.6722689075630253 0.24766548138097838
1.7683073229291717 0.24766502449579392
1.8643457382953181 0.24766545059200307
1.9603841536614646 0.24766677465106582
2.0564225690276112 0.24766900880656523
2.1524609843937577 0.2476722375484544
2.248499399759904 0.24767660990358092
2.3445378151260505 0.2476822433690025
2.440576230492197 0.24768918471900592
2.5366146458583434 0.24769745139339872
2.63265306122449 0.2477070984794778
2.7286914765906363 0.24771820700913544
2.8247298919567827 0.24773075621554427
2.920768307322929 0.24774456980727289
3.0168067226890756 0.2477594803359069
3.112845138055222 0.24777560859037442
3.2088835534213684 0.247793338320769
3.3049219687875153 0.24781291630092614
3.4009603841536618 0.2478342698802295
3.496998799519808 0.2478571755905362
3.5930372148859546 0.24788156209350062
3.689075630252101 0.24790751760206178
3.7851140456182475 0.24793509534943506
3.881152460984394 0.24796421980312008
3.9771908763505404 0.24799476051080405
4.073229291716687 0.24802667215227192
4.169267707082833 0.24806000355125313
4.26530612244898 0.24809484179688715
4.3613445378151265 0.2481312831812823
4.4573829531812725 0.24816937014919677
4.5534213685474185 0.2482089669072077
4.649459783913565 0.24824977826762476
4.745498199279712 0.24829165797971575
4.841536614645858 0.24833477369638352
4.937575030012005 0.24837942446721908
5.033613445378151 0.2484256565758836
5.129651860744298 0.24847325114257204
5.225690276110444 0.24852207484188243
5.321728691476591 0.24857227809302604
5.417767106842737 0.2486241581694833
5.513805522208884 0.24867785313219762
5.609843937575031 0.2487333155653179
5.705882352941177 0.24879046454474688
5.8019207683073235 0.24884927622946387
5.8979591836734695 0.24890976491691166
5.993997599039616 0.24897193629239775
6.090036014405762 0.24903577843943153
6.186074429771909 0.2491012352081277
6.282112845138055 0.24916818958066883
6.378151260504202 0.24923649507746487
6.474189675870348 0.24930605322288615
6.570228091236495 0.24937682301070838
6.666266506602641 0.24944879480212936
6.762304921968788 0.24952197310168198
6.858343337334934 0.24959637594375547
6.954381752701081 0.24967203408107116
7.050420168067227 0.24974898791796518
7.146458583433374 0.24982724965977754
7.2424969987995205 0.24990677703647218
7.3385354141656665 0.2499874744295286
7.434573829531813 0.25006919744963363
7.530612244897959 0.25015176433255293
7.626650660264106 0.2502351030271
7.722689075630252 0.25031935844655584
7.818727490996399 0.2504048056912021
7.914765906362545 0.2504915931268869
8.010804321728692 0.25057970286352305
8.106842737094837 0.2506690471216886
8.202881152460986 0.2507595421121755
8.29891956782713 0.25085111721902
8.394957983193278 0.25094373718939217
8.490996398559425 0.2510374056639459
8.58703481392557 0.2511321540439075
8.683073229291717 0.2512280325216752
8.779111644657863 0.2513250939162467
8.87515006002401 0.25142334252508797
8.971188475390157 0.2515227249576289
9.067226890756302 0.25162314959130794
9.16326530612245 0.2517245030414676
9.259303721488596 0.2518266989891584
9.355342136854743 0.25192984233146437
9.451380552220888 0.25203424730965024
9.547418967587035 0.2521401213638592
9.643457382953182 0.25224728397612467
9.739495798319329 0.25235529475104845
9.835534213685474 0.2524639497426551
9.93157262905162 0.25257338055011613
10.027611044417768 0.25268379788556766
10.123649459783914 0.25279525203015624
10.219687875150061 0.25290765334139353
10.315726290516206 0.25302088551441937
10.411764705882353 0.2531348353549434
10.5078031212485 0.2532494564251257
10.603841536614647 0.253364831499304
10.699879951980792 0.25348111617969377
10.795918367346939 0.2535983011737453
10.891956782713086 0.2537161627234053
10.987995198079233 0.2538345139400718
11.084033613445378 0.25395346385335626
11.180072028811525 0.2540733403233147
11.276110444177672 0.2541943104293465
11.372148859543818 0.25431628564552966
11.468187274909964 0.25443909073677884
11.56422569027611 0.25456264661954314
11.660264105642257 0.2546869622137743
11.756302521008404 0.25481205629704473
11.852340936374551 0.2549379358083241
11.948379351740696 0.2550646047124325
12.044417767106843 0.2551920740829845
12.14045618247299 0.2553203564575772
12.236494597839137 0.2554494363003395
12.332533013205282 0.25557926082545557
12.428571428571429 0.25570972853099
12.524609843937576 0.25584067551279055
12.620648259303723 0.2559719074785913
12.716686674669868 0.2561033656155419
12.812725090036015 0.2562351754780743
12.908763505402161 0.25636752244120964
13.004801920768308 0.2565004953261356
13.100840336134453 0.2566341029741845
13.1968787515006 0.2567684162103736
13.292917166866747 0.256903611125517
13.388955582232894 0.25703980745782845
13.484993997599041 0.25717685540671287
13.581032412965186 0.2573143889962451
13.677070828331333 0.2574522119546991
13.77310924369748 0.25759042961671114
13.869147659063627 0.2577292704684894
13.965186074429772 0.2578688385157315
14.061224489795919 0.25800910807708166
14.157262905162066 0.2581500024256768
14.253301320528212 0.258291424025611
14.349339735894358 0.2584333088228604
14.445378151260504 0.25857570526145435
14.541416566626651 0.25871875741460804
14.637454981992798 0.258862557360313
14.733493397358943 0.2590070876390382
14.82953181272509 0.2591522435728379
14.925570228091237 0.259297867725509
15.021608643457384 0.25944378064807966
15.11764705882353 0.2595899689568019
15.213685474189676 0.25973665985304956
15.309723889555823 0.2598840932932109
15.40576230492197 0.26003215452689576
15.501800720288117 0.26018041816186344
15.597839135654262 0.2603287045557268
15.693877551020408 0.26047731892411713
15.789915966386555 0.2606267531600109
15.885954381752702 0.26077717860316607
15.981992797118847 0.26092844194727904
16.078031212484994 0.261080410074465
16.17406962785114 0.26123312761400086
16.270108043217288 0.26138671866419316
16.366146458583433 0.26154120994742674
16.46218487394958 0.261696521553279
16.558223289315727 0.26185254068885305
16.654261704681872 0.2620091575982544
16.75030012004802 0.26216628602295855
16.846338535414166 0.26232390114513743
16.942376950780314 0.2624820355128054
17.03841536614646 0.2626407074213707
17.134453781512605 0.2627998845165174
17.230492196878753 0.26295950763650155
17.3265306122449 0.2631195385588505
17.422569027611043 0.26327996702650797
17.518607442977192 0.26344082358128057
17.614645858343337 0.26360218627318216
17.710684273709486 0.2637641462415394
17.80672268907563 0.26392673588207427
17.902761104441776 0.26408992844545304
17.998799519807925 0.2642537224046562
18.09483793517407 0.2644181889236765
18.19087635054022 0.264583413402516
18.286914765906364 0.2647493659846414
18.38295318127251 0.2649158968057116
18.478991596638657 0.26508286712589674
18.575030012004802 0.2652502273255509
18.671068427370948 0.2654179896458414
18.767106842737096 0.26558616260756274
18.86314525810324 0.2657547453210459
18.95918367346939 0.2659237671723232
19.055222088835535 0.26609331260632985
19.15126050420168 0.2662634891498078
19.24729891956783 0.26643434839848334
19.343337334933974 0.2666058750810858
19.439375750300123 0.2667779984428072
19.535414165666268 0.2669505998026638
19.631452581032413 0.26712355183902425
19.72749099639856 0.26729681943387423
19.823529411764707 0.26747046655788165
19.91956782713085 0.26764453808790617
20.015606242497 0.2678189780202948
20.111644657863145 0.26799368401469936
20.207683073229294 0.2681686602249258
20.30372148859544 0.2683440279551163
20.399759903961584 0.26851981683298326
20.495798319327733 0.268695812864265
20.591836734693878 0.268871694477509
20.687875150060023 0.2690474332406291
20.78391356542617 0.26922334022698136
20.879951980792317 0.26939968969070144
20.975990396158466 0.26957643118268454
21.07202881152461 0.26975331546733383
21.168067226890756 0.2699302991628337
21.264105642256904 0.27010760507925047
21.36014405762305 0.27028546172560514
21.456182472989198 0.2704638938930964
21.552220888355343 0.2706427651038477
21.64825930372149 0.2708219331916696
21.744297719087637 0.27100128388404915
21.840336134453782 0.2711807734638623
21.936374549819927 0.2713604648174119
22.032412965186076 0.27154049068930325
22.12845138055222 0.2717209250275896
22.22448979591837 0.27190175825017415
22.320528211284515 0.27208294525656174
22.41656662665066 0.2722644480231183
22.51260504201681 0.2724462398144561
22.608643457382954 0.27262831495799034
22.704681872749102 0.2728106872975132
22.800720288115247 0.272993313948196
22.896758703481392 0.27317602422613674
22.99279711884754 0.27335860059532296
23.088835534213686 0.2735410962021415
23.18487394957983 0.2737238954716694
23.28091236494598 0.2739073828580805
23.376950780312125 0.2740916185590975
23.472989195678274 0.2742763957057471
23.56902761104442 0.27446152543747937
23.665066026410564 0.27464690627907884
23.761104441776713 0.2748324720628888
23.857142857142858 0.27501813837706185
23.953181272509003 0.2752038232182333
24.04921968787515 0.27538954505338864
24.145258103241297 0.2755754454750379
24.241296518607445 0.27576169691333313
24.33733493397359 0.27594840295622153
24.433373349339735 0.27613560096245104
24.529411764705884 0.2763232963838804
24.62545018007203 0.27651147167797546
24.721488595438178 0.2767000662510657
24.817527010804323 0.2768889537125488
24.913565426170468 0.2770779770365385
25.009603841536617 0.2772671218142341
25.10564225690276 0.27745656186437384
25.201680672268907 0.27764646597561554
25.297719087635056 0.2778367675766388
25.3937575030012 0.27802721704702216
25.48979591836735 0.27821771389746136
25.585834333733494 0.27840840612803647
25.68187274909964 0.2785995070313198
25.777911164465788 0.2787910657402949
25.873949579831933 0.27898297811064354
25.969987995198082 0.27917512285926144
26.066026410564227 0.279367406533096
26.162064825930372 0.27955975538068206
26.25810324129652 0.27975210460928274
26.354141656662666 0.27994441084673705
26.45018007202881 0.2801367264798131
26.54621848739496 0.2803292223821517
26.642256902761105 0.2805220338724628
26.738295318127253 0.28071504772137024
26.8343337334934 0.28090794102025696
26.930372148859544 0.28110050853752444
27.026410564225692 0.2812927822153441
27.122448979591837 0.28148493646001577
27.218487394957986 0.2816771501125077
27.31452581032413 0.281869588370837
27.410564225690276 0.28206235695980647
27.506602641056425 0.28225548470234035
27.60264105642257 0.2824489550838804
27.698679471788715 0.2826427545811128
27.794717887154864 0.28283687892058545
27.89075630252101 0.2830313477450505
27.986794717887157 0.2832262095589602
28.082833133253303 0.2834214673795053
28.178871548619448 0.28361695929163383
28.274909963985596 0.2838123788362609
28.37094837935174 0.2840074988522653
28.466986794717887 0.2842022685947077
28.563025210084035 0.2843967866564958
28.65906362545018 0.2845912543577507
28.75510204081633 0.28478594262784623
28.851140456182474 0.2849809741046398
28.94717887154862 0.28517622468595255
29.043217286914768 0.28537146955592974
29.139255702280913 0.28556664393477066
29.23529411764706 0.28576184877760197
29.331332533013207 0.2859571787968529
29.42737094837935 0.28615263961718096
29.5234093637455 0.2863481785819063
29.619447779111646 0.28654374350929823
29.71548619447779 0.286739287497078
29.81152460984394 0.2869347548230001
29.907563025210084 0.2871300739857566
30.003601440576233 0.2873251864950786
30.099639855942378 0.28752010370912945
30.195678271308523 0.28771490805705024
30.291716686674672 0.2879097027226778
30.387755102040817 0.2881045846350157
30.483793517406966 0.28829963699039984
30.57983193277311 0.2884949142812428
30.675870348139256 0.2886904436007454
30.771908763505404 0.28888625582744215
30.86794717887155 0.2890824030103427
30.963985594237695 0.2892789166930614
31.060024009603843 0.28947571633940605
31.15606242496999 0.28967260936446093
31.252100840336137 0.28986941878319394
31.348139255702282 0.29006605891158393
31.444177671068427 0.29026250807877846
31.540216086434576 0.29045874325777943
31.63625450180072 0.29065473649043844
31.732292917166866 0.2908505171831863
31.828331332533015 0.2910462108707395
31.92436974789916 0.2912419798682941
32.02040816326531 0.2914378773796385
32.116446578631454 0.2916338339680975
32.2124849939976 0.2918297569638415
32.308523409363744 0.2920255956933017
32.404561824729896 0.29222131619079034
32.50060024009604 0.29241683333046414
32.596638655462186 0.29261200869476117
32.69267707082833 0.29280676103225334
32.78871548619448 0.2930011424740816
32.88475390156063 0.29319527815107393
32.98079231692677 0.29338919829763904
33.07683073229292 0.29358282297424887
33.172869147659064 0.29377613990079315
33.26890756302521 0.293969333481315
33.36494597839136 0.2941626939255642
33.460984393757506 0.29435634864477905
33.55702280912365 0.2945502249813242
33.6530612244898 0.29474420710531846
33.74909963985594 0.2949382556757662
33.84513805522209 0.29513238524170826
33.94117647058824 0.29532658667129746
34.037214885954384 0.29552081526139623
34.13325330132053 0.2957150342004276
34.229291716686674 0.29590924940804025
34.32533013205282 0.29610350401545954
34.42136854741897 0.29629785748373066
34.51740696278512 0.2964923789020461
34.61344537815126 0.29668710309107854
34.70948379351741 0.29688199362802736
34.80552220888355 0.2970769479043741
34.901560624249704 0.2972718183405692
34.99759903961585 0.2974664234997195
35.093637454981994 0.2976606723582474
35.18967587034814 0.2978546742550181
35.285714285714285 0.298048676957303
35.38175270108044 0.29824283130213
35.47779111644658 0.29843714237060887
35.57382953181273 0.29863154681965376
35.66986794717887 0.29882598473293026
35.76590636254502 0.2990203951525071
35.86194477791116 0.29921468891585223
35.957983193277315 0.29940874522363053
36.05402160864346 0.29960247789599004
36.150060024009605 0.29979590004049433
36.24609843937575 0.2999890991103526
36.342136854741895 0.3001821260822144
36.43817527010805 0.30037496927496016
36.53421368547419 0.30056759185932086
36.63025210084034 0.30075997031083057
36.72629051620648 0.30095211808383115
36.82232893157263 0.30114417825318235
36.91836734693878 0.30133643893780393
37.014405762304925 0.3015290908797788
37.11044417767107 0.30172196643694105
37.206482593037215 0.30191462167672495
37.30252100840336 0.3021067631057371
37.39855942376951 0.302298362773006
37.49459783913566 0.30248952895348763
37.5906362545018 0.30268035985921077
37.68667466986795 0.3028709329888942
37.78271308523409 0.3030612919243394
37.878751500600245 0.3032514434417011
37.97478991596639 0.3034413912020425
38.070828331332535 0.30363117577835497
38.16686674669868 0.3038208627728122
38.262905162064826 0.3040104714056686
38.35894357743097 0.3041999538431637
38.45498199279712 0.3043892562834381
38.55102040816327 0.30457839521004815
38.64705882352941 0.30476743917440874
38.74309723889556 0.3049563863067553
38.8391356542617 0.3051451261074336
38.935174069627855 0.30533353347413666
39.031212484994 0.3055215920496673
39.127250900360146 0.3057093778823492
39.22328931572629 0.3058969199725293
39.319327731092436 0.3060841532083374
39.41536614645859 0.30627099456697665
39.51140456182473 0.3064574482089827
39.60744297719088 0.306643597233014
39.70348139255702 0.306829508397838
39.79951980792317 0.30701519742078326
39.89555822328932 0.3072006529986622
39.991596638655466 0.30738587170037046
40.08763505402161 0.3075708636718561
40.183673469387756 0.30775567135882065
40.2797118847539 0.30794037545685343
40.375750300120046 0.30812501669918707
40.4717887154862 0.30830947675708836
40.56782713085234 0.30849350835515144
40.66386554621849 0.30867700502654283
40.759903961584634 0.30886011018205284
40.85594237695078 0.309043089860763
40.95198079231693 0.30922612830597196
41.048019207683076 0.30940929829819985
41.14405762304922 0.3095924814419039
41.240096038415366 0.30977533655845985
41.33613445378151 0.309957534599174
41.432172869147664 0.31013915457209945
41.52821128451381 0.3103206463162662
41.624249699879954 0.3105022591117627
41.7202881152461 0.3106837834664572
41.816326530612244 0.3108648275677026
41.912364945978396 0.3110453098307101
42.00840336134454 0.3112254696121369
42.104441776710686 0.3114055453001643
42.20048019207683 0.31158561951314473
42.29651860744298 0.3117656469530242
42.39255702280912 0.311945508364652
42.488595438175274 0.3121250330978578
42.58463385354142 0.3123041420733478
42.680672268907564 0.3124829198047763
42.77671068427371 0.3126615411993952
42.872749099639854 0.31284012654613597
42.96878751500601 0.3130187231882553
43.06482593037215 0.31319729292197734
43.1608643457383 0.3133757056152099
43.25690276110444 0.31355380124815435
43.35294117647059 0.31373151844949293
43.44897959183674 0.3139089009948486
43.545018007202884 0.314086005406593
43.64105642256903 0.3142628489953508
43.737094837935174 0.3144394100120841
43.83313325330132 0.31461562929881665
43.92917166866747 0.31479142741773697
44.02521008403362 0.31496688006620854
44.12124849939976 0.3151423211274962
44.21728691476591 0.3153181391589614
44.31332533013205 0.31549430646740195
44.409363745498204 0.31567035965190116
44.50540216086435 0.31584591794340483
44.601440576230495 0.3160210054962333
44.69747899159664 0.3161959151531204
44.793517406962785 0.31637086595218256
44.88955582232893 0.31654594913514933
44.98559423769508 0.31672109205025145
45.08163265306123 0.31689603475711664
45.17767106842737 0.31707046364440106
45.27370948379352 0.31724435431021614
45.36974789915966 0.3174179945304606
45.465786314525815 0.3175915864555501
45.56182472989196 0.3177649730409018
45.657863145258105 0.3179378012487737
45.75390156062425 0.3181099775839545
45.849939975990395 0.3182817274467076
45.94597839135655 0.31845336350502246
46.04201680672269 0.31862511809952665
46.13805522208884 0.3187970975725735
46.23409363745498 0.3189691629674999
46.33013205282113 0.3191409313451609
46.42617046818728 0.3193121081690875
46.522208883553425 0.31948273996998766
46.61824729891957 0.3196530950457806
46.714285714285715 0.31982328459770726
46.81032412965186 0.31999320158701294
46.906362545018006 0.32016267941907983
47.00240096038416 0.32033161870083987
47.0984393757503 0.3204999925449486
47.19447779111645 0.3206678520272814
47.29051620648259 0.3208353244606983
47.38655462184874 0.3210025641932002
47.48259303721489 0.3211697113142781
47.578631452581035 0.3213368657602869
47.67466986794718 0.32150400456974315
47.770708283313326 0.3216709718998695
47.86674669867947 0.32183761799347266
47.96278511404562 0.32200392169968595
48.05882352941177 0.32216996249579977
48.15486194477791 0.322335805678938
48.25090036014406 0.32250147588391437
48.3469387755102 0.322666938348527
48.442977190876356 0.3228320815588241
48.5390156062425 0.3229967517527727
48.635054021608646 0.3231608854533124
48.73109243697479 0.3233245374671934
48.827130852340936 0.32348780937056537
48.92316926770709 0.32365077994820335
49.01920768307323 0.32381348785402425
49.11524609843938 0.3239758740924759
49.21128451380552 0.3241377751316078
49.30732292917167 0.32429910230300824
49.403361344537814 0.3244600250807084
49.499399759903966 0.3246208883100919
49.59543817527011 0.3247818277908866
49.691476590636256 0.3249426777821609
49.7875150060024 0.32510320548687677
49.883553421368546 0.3252633626744241
49.9795918367347 0.3254232502078106
50.075630252100844 0.32558290410634116
50.17166866746699 0.32574223974934446
50.267707082833134 0.32590116383048384
50.36374549819928 0.32605970054733224
50.45978391356543 0.3262179577876056
50.555822328931576 0.32637593537655096
50.65186074429772 0.3265334743616686
50.747899159663866 0.32669044459895324
50.84393757503001 0.3268469668534592
50.939975990396164 0.3270033432848682
51.03601440576231 0.32715964516084844
51.132052821128454 0.3273155922281313
51.2280912364946 0.32747083748052463
51.324129651860744 0.3276253214345751
51.42016806722689 0.32777925154007886
51.51620648259304 0.3279328749939182
51.61224489795919 0.3280864024973036
51.70828331332533 0.32823995301158804
51.80432172869148 0.32839348165239646
51.90036014405762 0.32854681160805027
51.996398559423774 0.3286998408468014
52.09243697478992 0.3288526117514287
52.188475390156064 0.3290052058535637
52.28451380552221 0.32915759914858306
52.380552220888354 0.3293096761265992
52.47659063625451 0.3294613757941146
52.57262905162065 0.3296127442892484
52.6686674669868 0.329763879352391
52.76470588235294 0.3299148500245374
52.86074429771909 0.3300656853937542
52.95678271308524 0.33021634330540894
53.052821128451384 0.33036669964364723
53.14885954381753 0.3305166316537235
53.244897959183675 0.3306661444293968
53.34093637454982 0.3308153613180816
53.43697478991597 0.330964388721359
53.53301320528212 0.3311132610787696
53.62905162064826 0.3312619650436443
53.72509003601441 0.3314104783592533
53.82112845138055 0.3315587709856688
53.9171668667467 0.3317067885170543
54.01320528211285 0.3318544458158986
54.109243697478995 0.3320016878649594
54.20528211284514 0.3321485919376522
54.301320528211285 0.33229534879597794
54.39735894357743 0.3324420470201032
54.49339735894358 0.33258857593767244
54.58943577430973 0.332734732170454
54.68547418967587 0.33288040876393377
54.78151260504202 0.3330256129480372
54.87755102040816 0.33317045317574906
54.973589435774315 0.33331513205496077
55.06962785114046 0.333459853281259
55.165666266506605 0.3336046487047135
55.26170468187275 0.33374937735622573
55.357743097238895 0.33389387842456836
55.45378151260505 0.3340380486662715
55.54981992797119 0.334181851244615
55.64585834333734 0.3343253317985706
55.74189675870348 0.3344686051358553
55.83793517406963 0.33461171723685484
55.93397358943577 0.33475457237350736
56.030012004801925 0.3348970271280744
56.12605042016807 0.3350390856772243
56.222088835534215 0.33518090118399635
56.31812725090036 0.33532255546778755
56.414165666266506 0.3354639361312512
56.51020408163266 0.33560485623659675
56.6062424969988 0.335745317318493
56.70228091236495 0.3358855210071258
56.79831932773109 0.3360256317406008
56.89435774309724 0.33616563709762165
56.99039615846339 0.33630541504931705
57.086434573829536 0.33644489222847207
57.18247298919568 0.3365840629288044
57.278511404561826 0.3367229550373826
57.37454981992797 0.3368616088807548
57.47058823529412 0.33700006727177406
57.56662665066027 0.33713835222977134
57.66266506602641 0.33727646374152115
57.75870348139256 0.3374144059356489
57.8547418967587 0.33755220409161546
57.950780312124856 0.3376898758070863
58.046818727491 0.3378273567959688
58.142857142857146 0.3379645005619963
58.23889555822329 0.33810122217322525
58.334933973589436 0.3382375967779994
58.43097238895558 0.3383737880530371
58.52701080432173 0.33850985044150195
58.62304921968788 0.33864570385092635
58.719087635054024 0.3387812378712311
58.81512605042017 0.3389163869219141
58.911164465786314 0.3390511428663001
59.007202881152466 0.339185586036622
59.10324129651861 0.339319881042846
59.199279711884756 0.3394541348750459
59.2953181272509 0.33958828940677277
59.391356542617046 0.3397221704186736
59.4873949579832 0.33985564290412473
59.583433373349344 0.3399886414117339
59.67947178871549 0.3401211906120055
59.775510204081634 0.3402534216733591
59.87154861944778 0.34038553339857597
59.96758703481393 0.34051766740524325
60.063625450180076 0.34064988258939005
60.15966386554622 0.3407821413405657
60.25570228091237 0.3409142980040146
60.35174069627851 0.3410461398922482
60.44777911164466 0.34117752613151897
60.54381752701081 0.3413084158104612
60.639855942376954 0.34143885016073083
60.7358943577431 0.34156893690530993
60.831932773109244 0.34169880886633314
60.92797118847539 0.34182847900408575
61.02400960384154 0.3419578149195085
61.12004801920769 0.34208667260437314
61.21608643457383 0.3422150198871048
61.31212484993998 0.34234292517468007
61.40816326530612 0.342470497660284
61.504201680672274 0.3425978705892853
61.60024009603842 0.34272514171551016
61.696278511404564 0.34285231557755474
61.79231692677071 0.34297932858109326
61.888355342136855 0.34310615812822365
61.98439375750301 0.3432328467372625
62.08043217286915 0.34335943135441627
62.1764705882353 0.34348587137827474
62.27250900360144 0.34361206143373585
62.36854741896759 0.34373789874572325
62.46458583433373 0.3438633023564174
62.560624249699885 0.3439882528883641
62.65666266506603 0.34411283506522683
62.752701080432175 0.3442372100535943
62.84873949579832 0.3443614831012535
62.944777911164465 0.3444856685106246
63.04081632653062 0.3446097400779715
63.13685474189676 0.34473368775957147
63.23289315726291 0.3448575111929804
63.32893157262905 0.34498117505492476
63.4249699879952 0.3451045978133209
63.52100840336135 0.34522771122813484
63.617046818727495 0.34535053056318443
63.71308523409364 0.34547313102006527
63.809123649459785 0.3455955101320952
63.90516206482593 0.3457175478591062
64.00120048019208 0.3458391073724545
64.09723889555823 0.3459601600150957
64.19327731092437 0.34608078521188657
64.28931572629051 0.3462011287096219
64.38535414165666 0.34632138533596035
64.48139255702282 0.3464416598407764
64.57743097238895 0.34656178567440166
64.6734693877551 0.3466813861365151
64.76950780312126 0.34680028428395265
64.8655462184874 0.34691864019894597
64.96158463385353 0.3470367308213607
65.05762304921969 0.34715464836764137
65.15366146458584 0.34727230846660084
65.24969987995199 0.3473896275947479
65.34573829531813 0.34750658753880587
65.44177671068428 0.3476232084289692
65.53781512605042 0.34773950978974394
65.63385354141657 0.34785551033555434
65.72989195678272 0.3479712456163076
65.82593037214886 0.3480867743688745
65.92196878751501 0.34820215152823997
66.01800720288115 0.348317387388332
66.1140456182473 0.3484324464264199
66.21008403361344 0.34854726223721955
66.3061224489796 0.3486617444669066
66.40216086434575 0.34877583356285774
66.49819927971188 0.3488895878045602
66.59423769507804 0.3490031667968658
66.69027611044417 0.3491166598730165
66.78631452581033 0.3492300132343549
66.88235294117648 0.3493431071136481
66.97839135654262 0.3494558853717399
67.07442977190877 0.3495683625459413
67.1704681872749 0.3496805839565549
67.26650660264106 0.34979260740536866
67.36254501800721 0.3499044851799119
67.45858343337335 0.35001623254078357
67.5546218487395 0.3501278266225304
67.65066026410564 0.3502392233583909
67.74669867947179 0.35035036590459384
67.84273709483794 0.35046121913942146
67.93877551020408 0.35057183346660126
68.03481392557023 0.35068233637256296
68.13085234093637 0.3507928018891155
68.22689075630252 0.3509031852662779
68.32292917166868 0.3510133799422917
68.41896758703481 0.35112332968334187
68.51500600240097 0.35123303847468906
68.6110444177671 0.3513425426797621
68.70708283313326 0.3514518961479671
68.80312124849941 0.351561150652609
68.89915966386555 0.351670315981893
68.9951980792317 0.3517793618170148
69.09123649459784 0.3518882831894353
69.18727490996399 0.3519971367369157
69.28331332533014 0.3521059832081095
69.37935174069628 0.352214762135225
69.47539015606243 0.35232329213982966
69.57142857142857 0.35243144284909134
69.66746698679472 0.35253923564627354
69.76350540216087 0.35264677224459784
69.85954381752701 0.35275406868336084
69.95558223289316 0.3528610426264304
70.0516206482593 0.35296762730668807
70.14765906362545 0.35307384185769836
70.2436974789916 0.35317975441875327
70.33973589435774 0.3532853907920603
70.4357743097239 0.3533907266345633
70.53181272509003 0.3534957540661591
70.62785114045619 0.3536005249193405
70.72388955582232 0.35370512455655057
70.81992797118848 0.35380960348991203
70.91596638655463 0.35391396738120084
71.01200480192077 0.35401818595100193
71.10804321728692 0.3541221991020484
71.20408163265306 0.35422594049365025
71.30012004801921 0.3543294004117859
71.39615846338536 0.3544326334616273
71.4921968787515 0.3545357213196589
71.58823529411765 0.35463874594284733
71.68427370948379 0.35474176381625566
71.78031212484994 0.35484473476181566
71.8763505402161 0.35494751805094743
71.97238895558223 0.3550499983066758
72.06842737094838 0.35515218055843106
72.16446578631452 0.35525414594256244
72.26050420168067 0.35535591216612633
72.35654261704683 0.3554574133733801
72.45258103241297 0.3555585919031074
72.54861944777912 0.3556594710930556
72.64465786314526 0.35576013003537
72.74069627851141 0.3558606174102359
72.83673469387756 0.35596093690166414
72.9327731092437 0.35606108790712676
73.02881152460985 0.35616109947316765
73.12484993997599 0.3562610102919848
73.22088835534214 0.35636079839843887
73.31692677070829 0.35646037127907393
73.41296518607443 0.35655965374284704
73.50900360144058 0.35665866487790376
73.60504201680672 0.356757486599682
73.70108043217287 0.3568561432422344
73.79711884753902 0.3569545784494092
73.89315726290516 0.3570527246555688
73.98919567827132 0.35715056700361086
74.08523409363745 0.3572481407065041
74.1812725090036 0.3573455122178493
74.27731092436976 0.35744277352290416
74.3733493397359 0.35754001350678133
74.46938775510205 0.3576372902885876
74.56542617046819 0.3577346212902912
74.66146458583434 0.3578319484967948
74.75750300120049 0.35792913346399857
74.85354141656663 0.35802604294665585
74.94957983193278 0.3581226358021943
75.04561824729892 0.3582189506220112
75.14165666266507 0.35831503760565886
75.23769507803121 0.35841094016946856
75.33373349339736 0.3585066799719819
75.42977190876351 0.3586022409523717
75.52581032412965 0.35869757713101313
75.6218487394958 0.3587926506439426
75.71788715486194 0.35888744261230454
75.8139255702281 0.3589819628626309
75.90996398559425 0.35907626080777066
76.00600240096038 0.3591704119266952
76.10204081632654 0.3592644516628492
76.19807923169267 0.35935835691103374
76.29411764705883 0.3594520726575631
76.39015606242498 0.35954554332003275
76.48619447779112 0.35963872746680436
76.58223289315727 0.35973166189967976
76.6782713085234 0.3598244784263647
76.77430972388956 0.3599172963525362
76.87034813925571 0.3600100896366063
76.96638655462185 0.36010271064671506
77.062424969988 0.36019505835689225
77.15846338535414 0.36028713204416807
77.25450180072029 0.36037897920124157
77.35054021608644 0.3604706278640306
77.44657863145258 0.360562079081804
77.54261704681873 0.3606532902136719
77.63865546218487 0.3607441707412747
77.73469387755102 0.3608346518947839
77.83073229291718 0.3609247816452315
77.92677070828331 0.3610147073826576
78.02280912364947 0.3611045333806404
78.1188475390156 0.3611942695493149
78.21488595438176 0.3612838708822048
78.31092436974791 0.3613732941434037
78.40696278511405 0.3614625009968215
78.5030012004802 0.36155145022116647
78.59903961584634 0.36164009531111274
78.69507803121249 0.3617284180018122
78.79111644657864 0.3618164788070238
78.88715486194478 0.36190440281419073
78.98319327731093 0.36199225767766946
79.07923169267707 0.3620800050044957
79.17527010804322 0.36216756573941694
79.27130852340936 0.3622549240516174
79.36734693877551 0.36234212736244553
79.46338535414166 0.3624292216247854
79.5594237695078 0.3625162235445957
79.65546218487395 0.3626031196411098
79.75150060024009 0.3626898648681438
79.84753901560624 0.36277638814990565
79.9435774309724 0.36286263477993547
80.03961584633853 0.3629485855445949
80.13565426170469 0.3630342516717966
80.23169267707082 0.36311966579196325
80.32773109243698 0.36320487707347926
80.42376950780313 0.3632899198148402
80.51980792316927 0.36337479860241684
80.61584633853542 0.36345950182182307
80.71188475390156 0.36354402678154246
80.80792316926771 0.363628380369013
80.90396158463386 0.3637125616675008
81.0 0.36379655326726557
81.09603841536615 0.36388032639849344
81.19207683073229 0.3639638510427691
81.28811524609844 0.36404710344107843
81.3841536614646 0.3641301231221674
81.48019207683073 0.3642130425422822
81.57623049219688 0.3642960086805991
81.67226890756302 0.36437902194120003
81.76830732292918 0.36446193165694674
81.86434573829533 0.36454458248046306
81.96038415366147 0.3646268958737737
82.05642256902762 0.3647088702133947
82.15246098439376 0.3647905790769947
82.24849939975991 0.364872160747622
82.34453781512606 0.3649537128822294
82.4405762304922 0.3650352309987947
82.53661464585835 0.3651166539217923
82.63265306122449 0.3651979689395691
82.72869147659064 0.3652792197496133
82.82472989195679 0.3653604342062019
82.92076830732293 0.3654415798980803
83.01680672268908 0.36552259578448965
83.11284513805522 0.36560346965027646
83.20888355342137 0.36568424311508185
83.30492196878753 0.36576493705652685
83.40096038415366 0.36584550335725985
83.49699879951982 0.36592585853948406
83.59303721488595 0.36600597095392573
83.6890756302521 0.36608586973281326
83.78511404561824 0.36616558659065224
83.8811524609844 0.3662451161998623
83.97719087635055 0.3663244348195395
84.07322929171669 0.366403552094458
84.16926770708284 0.36648251526328507
84.26530612244898 0.36656135055430555
84.36134453781513 0.3666400212413823
84.45738295318128 0.3667184578929883
84.55342136854742 0.3667966462775631
84.64945978391357 0.3668746389386375
84.74549819927971 0.36695249982057154
84.84153661464586 0.36703026258430477
84.93757503001201 0.36710792910951034
85.03361344537815 0.3671854680949798
85.1296518607443 0.3672628181860625
85.22569027611044 0.3673399409362984
85.3217286914766 0.367416862693415
85.41776710684275 0.36749365288808683
85.51380552220888 0.36757035203126903
85.60984393757504 0.3676469577581126
85.70588235294117 0.36772342801103863
85.80192076830733 0.3677996836881974
85.89795918367348 0.367875640934657
85.99399759903962 0.36795131837321227
86.09003601440577 0.36802685192824647
86.1860744297719 0.36810235831558646
86.28211284513806 0.36817781586972403
86.37815126050421 0.36825311101956826
86.47418967587035 0.3683282160964256
86.5702280912365 0.3684032221238471
86.66626650660264 0.3684782133733455
86.76230492196879 0.3685531523291679
86.85834333733494 0.36862791248145155
86.95438175270108 0.36870241640599616
87.05042016806723 0.36877666581865265
87.14645858343337 0.3688506964021629
87.24249699879952 0.36892453429573513
87.33853541416568 0.36899819949300927
87.43457382953181 0.36907172619474243
87.53061224489797 0.36914516588121166
87.6266506602641 0.36921854167622586
87.72268907563026 0.36929180217840746
87.81872749099641 0.36936485281614767
87.91476590636255 0.36943769517745656
88.0108043217287 0.3695104577514317
88.10684273709484 0.3695832520933486
88.20288115246099 0.3696560199855712
88.29891956782713 0.36972857465542985
88.39495798319328 0.3698008154096358
88.49099639855943 0.3698727838804554
88.58703481392557 0.3699445805548767
88.68307322929172 0.37001627160453504
88.77911164465786 0.3700878864958875
88.87515006002401 0.3701594297423579
88.97118847539016 0.3702308846808159
89.0672268907563 0.37030222459666146
89.16326530612245 0.37037342576765625
89.25930372148859 0.370444467103172
89.35534213685474 0.3705153246864613
89.4513805522209 0.3705859705974065
89.54741896758703 0.37065639041990617
89.64345738295319 0.3707266048049608
89.73949579831933 0.37079666378496634
89.83553421368548 0.37086661002819254
89.93157262905163 0.3709364665542773
90.02761104441777 0.37100622502182407
90.12364945978392 0.37107583058358684
90.21968787515006 0.3711451968585947
90.31572629051621 0.3712142945312739
90.41176470588236 0.3712831805115668
90.5078031212485 0.3713519386964646
90.60384153661465 0.37142059936721145
90.69987995198079 0.37148914066491506
90.79591836734694 0.37155753118573603
90.8919567827131 0.37162574544558435
90.98799519807923 0.3716937624481956
91.08403361344538 0.3717615636059578
91.18007202881152 0.37182913309090926
91.27611044417768 0.3718964610074336
91.37214885954383 0.3719635446555754
91.46818727490997 0.3720303909157632
91.56422569027612 0.37209701982631765
91.66026410564226 0.3721634630366414
91.75630252100841 0.37222975162744154
91.85234093637456 0.3722959112557425
91.9483793517407 0.3723619673312505
92.04441776710685 0.37242795321749084
92.14045618247299 0.37249390349104633
92.23649459783914 0.372559801650956
92.33253301320529 0.3726255585208497
92.42857142857143 0.37269106839153626
92.52460984393758 0.3727563024693736
92.62064825930372 0.37282131018324266
92.71668667466987 0.3728861631311809
92.81272509003601 0.3729509294919508
92.90876350540216 0.37301564641488755
93.00480192076832 0.37308027196526217
93.10084033613445 0.37314469522510774
93.1968787515006 0.3732088546082136
93.29291716686674 0.37327279357026827
93.3889555822329 0.37333660947682357
93.48499399759905 0.37340035886134393
93.58103241296519 0.3734640492146663
93.67707082833134 0.37352765569739615
93.77310924369748 0.37359112971417535
93.86914765906363 0.3736544247714512
93.96518607442978 0.37371754645652855
94.06122448979592 0.3737805514804119
94.15726290516207 0.37384348771765896
94.25330132052821 0.37390636276495337
94.34933973589436 0.3739691676809373
94.44537815126051 0.37403192601651636
94.54141656662665 0.37409469235982384
94.6374549819928 0.3741574813206049
94.73349339735894 0.3742202283782542
94.8295318127251 0.37428283618562647
94.92557022809125 0.3743452750478864
95.02160864345738 0.3744075894325325
95.11764705882354 0.37446983141152806
95.21368547418967 0.37453202179835854
95.30972388955583 0.3745941497163196
95.40576230492198 0.3746561727373558
95.50180072028812 0.3747180216783796
95.59783913565427 0.37477965267599644
95.6938775510204 0.3748410790970365
95.78991596638656 0.37490234782403054
95.88595438175271 0.37496348144718067
95.98199279711885 0.37502446899384
96.078031212485 0.375085256504479
96.17406962785114 0.3751457410465761
96.27010804321729 0.37520581334617853
96.36614645858344 0.37526546554530155
96.46218487394958 0.37532480056960194
96.55822328931573 0.37538394006881115
96.65426170468187 0.37544296187972115
96.75030012004802 0.37550189504029785
96.84633853541418 0.3755607097200409
96.94237695078031 0.37561932210565285
97.03841536614647 0.37567768220732245
97.1344537815126 0.3757358365056766
97.23049219687876 0.37579388657220897
97.3265306122449 0.37585186894592054
97.42256902761105 0.37590973872274747
97.5186074429772 0.3759674350856533
97.61464585834334 0.3760249304762791
97.71068427370949 0.3760822299530496
97.80672268907563 0.3761393657231127
97.90276110444178 0.3761963942913196
97.99879951980793 0.3762533677980509
98.09483793517407 0.3763103114184169
98.19087635054022 0.3763672228173415
98.28691476590636 0.37642407238185027
98.38295318127251 0.37648080558751607
98.47899159663866 0.3765373819808055
98.5750300120048 0.37659380747165155
98.67106842737095 0.37665012241298595
98.76710684273709 0.37670635880381925
98.86314525810324 0.3767625315750081
98.9591836734694 0.37681864130595333
99.05522208883554 0.3768746765884077
99.15126050420169 0.37693061596966104
99.24729891956783 0.3769864345010339
99.34333733493398 0.37704210602100874
99.43937575030013 0.37709761984188594
99.53541416566627 0.3771529960042944
99.63145258103242 0.37720827815749947
99.72749099639856 0.3772635050364033
99.82352941176471 0.377318703173087
99.91956782713086 0.3773738725220649
100.015606242497 0.37742897265743336
100.11164465786315 0.3774839380767004
100.20768307322929 0.37753874050053177
100.30372148859544 0.3775934019203774
100.3997599039616 0.3776479420859114
100.49579831932773 0.3777023255449488
100.59183673469389 0.37775648628349456
100.68787515006002 0.37781043983230456
100.78391356542618 0.37786430763821427
100.87995198079233 0.3779181955017739
100.97599039615847 0.37797206480809586
101.07202881152462 0.37802576440079433
101.16806722689076 0.3780791980476463
101.26410564225691 0.37813236907057435
101.36014405762306 0.37818534135566173
101.4561824729892 0.37823819596710717
101.55222088835535 0.3782910133987632
101.64825930372149 0.3783438015548721
101.74429771908764 0.37839647759290834
101.84033613445378 0.37844895426677155
101.93637454981993 0.3785012408453942
102.03241296518608 0.3785534227403926
102.12845138055222 0.37860553293861704
102.22448979591837 0.3786575145744461
102.32052821128451 0.37870929273644666
102.41656662665066 0.3787608626493353
102.51260504201682 0.37881228015620944
102.60864345738295 0.3788635838544657
102.7046818727491 0.37891477068415663
102.80072028811524 0.37896582978552756
102.8967587034814 0.37901678619538054
102.99279711884755 0.3790676897454783
103.08883553421369 0.3791185377842514
103.18487394957984 0.37916925052447
103.28091236494598 0.3792197517416607
103.37695078031213 0.37927007820486675
103.47298919567828 0.3793203576609414
103.56902761104442 0.37937063435911894
103.66506602641057 0.37942080821061797
103.76110444177671 0.3794707522266609
103.85714285714286 0.3795204799769808
103.95318127250901 0.3795701310774263
104.04921968787515 0.3796198016045219
104.1452581032413 0.3796694799302163
104.24129651860744 0.3797190881990091
104.3373349339736 0.3797685446613631
104.43337334933975 0.37981777988933274
104.52941176470588 0.3798668097651097
104.62545018007204 0.3799157634470367
104.72148859543817 0.3799647873916966
104.81752701080433 0.38001389405452635
104.91356542617048 0.38006296850673904
105.00960384153662 0.3801119075966759
105.10564225690277 0.3801606789969227
105.2016806722689 0.3802093028707455
105.29771908763506 0.38025782112683637
105.39375750300121 0.3803062890226308
105.48979591836735 0.38035473432628086
105.5858343337335 0.3804031393184402
105.68187274909964 0.3804514706006816
105.77791116446579 0.38049973120520475
105.87394957983194 0.3805479565204462
105.96998799519808 0.38059614095035443
106.06602641056423 0.3806442038149609
106.16206482593037 0.38069205237485043
106.25810324129652 0.38073969782392664
106.35414165666266 0.38078725276728903
106.45018007202881 0.38083480586726115
106.54621848739497 0.38088235961272593
106.6422569027611 0.38092986676453405
106.73829531812726 0.38097730164045834
106.8343337334934 0.3810246655834736
106.93037214885955 0.3810719631521047
107.0264105642257 0.381119189695553
107.12244897959184 0.38116634333266264
107.21848739495799 0.3812134495421543
107.31452581032413 0.381260558701446
107.41056422569028 0.3813076942523193
107.50660264105643 0.3813548241800248
107.60264105642257 0.38140188762107485
107.69867947178872 0.38144885254384353
107.79471788715486 0.3814957211130222
107.89075630252101 0.38154250848011634
107.98679471788716 0.3815892304054884
108.0828331332533 0.38163589540313875
108.17887154861945 0.3816824873442393
108.27490996398559 0.381728966087683
108.37094837935174 0.3817753002363803
108.4669867947179 0.38182148715922204
108.56302521008404 0.38186754259510763
108.65906362545019 0.3819134751935762
108.75510204081633 0.38195928348185265
108.85114045618248 0.3820049637239092
108.94717887154863 0.3820505149791323
109.04321728691477 0.3820959382624316
109.13925570228092 0.3821412342219741
109.23529411764706 0.3821864038354202
109.33133253301321 0.38223146151775683
109.42737094837936 0.3822764439731515
109.5234093637455 0.38232139678543176
109.61944777911165 0.3823663384016208
109.71548619447779 0.3824112559578517
109.81152460984394 0.3824561284132681
109.9075630252101 0.3825009430097785
110.00360144057623 0.3825456906335294
110.09963985594239 0.3825903518345417
110.19567827130852 0.38263489691977975
110.29171668667468 0.38267932212682576
110.38775510204083 0.38272367666141216
110.48379351740697 0.38276803157734757
110.57983193277312 0.3828123857649733
110.67587034813926 0.38285665525953816
110.77190876350541 0.3829007755308019
110.86794717887155 0.38294478187227005
110.9639855942377 0.3829887678555159
111.06002400960385 0.38303274862722025
111.15606242496999 0.3830766408395237
111.25210084033614 0.3831203724787951
111.34813925570228 0.38316397356409093
111.44417767106843 0.3832075422500364
111.54021608643458 0.38325112375634496
111.63625450180072 0.38329468835903546
111.73229291716687 0.3833381851822208
111.82833133253301 0.383381588867043
111.92436974789916 0.38342489661847146
112.02040816326532 0.3834681124578294
112.11644657863145 0.3835112435228592
112.2124849939976 0.3835542949416243
112.30852340936374 0.38359726516084647
112.4045618247299 0.3836401493117696
112.50060024009605 0.38368295229103994
112.59663865546219 0.3837256907307364
112.69267707082834 0.3837683705533475
112.78871548619448 0.383810965486162
112.88475390156063 0.38385342876045336
112.98079231692678 0.3838957422738773
113.07683073229292 0.38393792765782037
113.17286914765907 0.38398002398753694
113.26890756302521 0.38402206537112815
113.36494597839136 0.38406407639523243
113.46098439375751 0.3841060573485477
113.55702280912365 0.3841479816376022
113.6530612244898 0.38418982738404744
113.74909963985594 0.38423161079277457
113.8451380552221 0.38427337213624574
113.94117647058825 0.38431510734224683
114.03721488595438 0.3843567509951119
114.13325330132054 0.384398224838086
114.22929171668667 0.3844394915751485
114.32533013205283 0.3844805563294471
114.42136854741898 0.38452146039575597
114.51740696278512 0.38456227812125765
114.61344537815127 0.3846030763820404
114.7094837935174 0.3846438673661095
114.80552220888356 0.38468461717392616
114.90156062424971 0.38472530112637904
114.99759903961585 0.3847659197785571
115.093637454982 0.3848064673648849
115.18967587034814 0.38484689316853765
115.28571428571429 0.38488711871519615
115.38175270108043 0.3849271393607673
115.47779111644658 0.3849670548176262
115.57382953181273 0.3850069790511772
115.66986794717887 0.3850469243757744
115.76590636254502 0.38508681534712513
115.86194477791116 0.3851266072442095
115.95798319327731 0.38516632543321
116.05402160864347 0.3852060155258169
116.1500600240096 0.3852456759703143
116.24609843937576 0.3852852630009927
116.3421368547419 0.3853247473735179
116.43817527010805 0.38536413441225814
116.5342136854742 0.38540344219166134
116.63025210084034 0.3854426705037695
116.72629051620649 0.3854818020940353
116.82232893157263 0.3855208249161315
116.91836734693878 0.38555974060348247
117.01440576230493 0.38559856340910625
117.11044417767107 0.3856373185960631
117.20648259303722 0.38567603894624186
117.30252100840336 0.3857147427378106
117.39855942376951 0.3857534251036366
117.49459783913566 0.38579207212687483
117.5906362545018 0.3858306830118062
117.68667466986795 0.3858692693367598
117.78271308523409 0.3859078363544651
117.87875150060025 0.38594637521662845
117.9747899159664 0.3859848749548683
118.07082833133254 0.3860233423141992
118.16686674669869 0.3860617993647018
118.26290516206483 0.38610025214154653
118.35894357743098 0.38613867681266595
118.45498199279713 0.38617703746533294
118.55102040816327 0.3862153171257158
118.64705882352942 0.38625351898142213
118.74309723889556 0.3862916516150219
118.83913565426171 0.3863297219876213
118.93517406962786 0.3863677307936324
119.031212484994 0.3864056640431393
119.12725090036015 0.3864434963733538
119.22328931572629 0.3864812261934483
119.31932773109244 0.38651889289093144
119.4153661464586 0.38655654491703534
119.51140456182473 0.38659417810274677
119.60744297719089 0.3866317361891456
119.70348139255702 0.3866691778989153
119.79951980792318 0.3867065118935468
119.89555822328931 0.3867437728233158
119.99159663865547 0.38678097213886453
120.08763505402162 0.3868180938894435
120.18367346938776 0.3868551113210742
120.27971188475391 0.3868919960885245
120.37575030012005 0.3869287291602867
120.4717887154862 0.38696532390674326
120.56782713085235 0.3870018254139483
120.66386554621849 0.3870382734899744
120.75990396158464 0.3870746812405764
120.85594237695078 0.3871110437572143
120.95198079231693 0.3871473582769704
121.04801920768308 0.3871836270747247
121.14405762304922 0.38721985892658944
121.24009603841537 0.387256069953688
121.33613445378151 0.38729226933237004
121.43217286914766 0.3873284253381182
121.52821128451382 0.3873644658268787
121.62424969987995 0.3874003407724435
121.7202881152461 0.3874360623501817
121.81632653061224 0.3874716800858298
121.9123649459784 0.3875072169456495
122.00840336134455 0.38754266183355945
122.10444177671069 0.38757799859840497
122.20048019207684 0.38761322561257794
122.29651860744298 0.3876483551232099
122.39255702280913 0.3876834105614025
122.48859543817528 0.3877184246519797
122.58463385354142 0.3877534201360698
122.68067226890757 0.3877883961036108
122.77671068427371 0.38782333733970004
122.87274909963986 0.38785824122949647
122.96878751500601 0.3878931213316053
123.06482593037215 0.38792799187953714
123.1608643457383 0.38796285621992677
123.25690276110444 0.38799770252705296
123.3529411764706 0.3880324919875784
123.44897959183675 0.3880671601233629
123.54501800720288 0.3881016704840176
123.64105642256904 0.3881360567122454
123.73709483793517 0.3881703951337427
123.83313325330133 0.3882047158219024
123.92917166866746 0.3882389881004936
124.02521008403362 0.3882731667014482
124.12124849939977 0.388307229768909
124.21728691476591 0.3883411794621133
124.31332533013206 0.3883750402045208
124.4093637454982 0.3884088564345742
124.50540216086435 0.38844265864575206
124.6014405762305 0.3884764340136136
124.69747899159664 0.3885101419076599
124.79351740696279 0.3885437713170928
124.88955582232893 0.3885773511069449
124.98559423769508 0.38861090631060174
125.08163265306123 0.3886444184182491
125.17767106842737 0.38867783856130234
125.27370948379352 0.38871114143291363
125.36974789915966 0.38874433668128844
125.46578631452581 0.3887774471464353
125.56182472989197 0.3888104880906575
125.6578631452581 0.38884346740448966
125.75390156062426 0.38887638964430016
125.8499399759904 0.3889092567298278
125.94597839135655 0.38894206134124726
126.0420168067227 0.3889747803005288
126.13805522208884 0.38900738221745423
126.23409363745499 0.3890398602307724
126.33013205282113 0.38907223937980706
126.42617046818728 0.3891045494651042
126.52220888355343 0.38913679647504823
126.61824729891957 0.38916896675735485
126.71428571428572 0.3892010511787369
126.81032412965186 0.3892330514043389
126.90636254501801 0.3892649712331721
127.00240096038416 0.3892968070160294
127.0984393757503 0.38932854964476843
127.19447779111646 0.38936019603685307
127.2905162064826 0.38939175221746314
127.38655462184875 0.389423226191634
127.4825930372149 0.3894546196637956
127.57863145258104 0.3894859293553304
127.67466986794719 0.38951715572265766
127.77070828331333 0.3895483055858379
127.86674669867948 0.3895793910294173
127.96278511404563 0.38961042806007756
128.05882352941177 0.3896414332639266
128.1548619447779 0.38967240692336935
128.25090036014404 0.3897033281029711
128.3469387755102 0.38973417482529765
128.44297719087635 0.38976494994316224
128.53901560624251 0.389795676345753
128.63505402160865 0.3898263613707306
128.7310924369748 0.3898569850913069
128.82713085234093 0.38988751812966166
128.92316926770707 0.3899179456718049
129.01920768307323 0.38994826950820305
129.11524609843937 0.3899785100338108
129.21128451380554 0.39000870650573227
129.30732292917168 0.3900388949518249
129.4033613445378 0.3900690768871039
129.49939975990398 0.3900992211913087
129.59543817527012 0.39012929029673843
129.69147659063626 0.3901592504412543
129.7875150060024 0.390189087632327
129.88355342136856 0.39021883138062685
129.9795918367347 0.39024854619848504
130.07563025210084 0.39027826346139455
130.171668667467 0.39030795458184675
130.26770708283314 0.39033756304400036
130.36374549819928 0.39036705466295313
130.45978391356545 0.3903964183799462
130.55582232893158 0.3904256414069104
130.65186074429772 0.3904546989915006
130.74789915966386 0.3904835747808399
130.84393757503003 0.39051229440637875
130.93997599039616 0.39054092102336346
131.0360144057623 0.39056949943460967
131.13205282112847 0.3905980314364036
131.2280912364946 0.3906264996590066
131.32412965186074 0.390654909059707
131.42016806722688 0.3906832866747538
131.51620648259305 0.39071164736204894
131.6122448979592 0.3907399778048774
131.70828331332532 0.3907682483376689
131.8043217286915 0.3907964346744463
131.90036014405763 0.3908245211563114
131.99639855942377 0.390852508551759
132.09243697478993 0.39088041778023547
132.18847539015607 0.3909082732235797
132.2845138055222 0.3909360706480522
132.38055222088835 0.39096377937129023
132.4765906362545 0.3909913936097261
132.57262905162065 0.39101895901312245
132.6686674669868 0.39104653459870425
132.76470588235296 0.39107411534956493
132.8607442977191 0.39110163211091015
132.95678271308523 0.3911290386614381
133.0528211284514 0.3911563593582104
133.14885954381754 0.39118365320419
133.24489795918367 0.39121093627992026
133.3409363745498 0.3912381758180727
133.43697478991598 0.39126533067590946
133.53301320528212 0.3912923747719374
133.62905162064826 0.3913193034716185
133.72509003601442 0.39134614727537553
133.82112845138056 0.3913729677299667
133.9171668667467 0.3913997934012874
134.01320528211286 0.39142658104912564
134.109243697479 0.3914532538121552
134.20528211284514 0.39147979288296786
134.30132052821128 0.3915062456470378
134.39735894357744 0.39153266673964
134.49339735894358 0.39155908033348324
134.58943577430972 0.3915854836432288
134.6854741896759 0.39161185721517233
134.78151260504202 0.391638168269276
134.87755102040816 0.3916643924336006
134.97358943577433 0.3916905283604615
135.06962785114047 0.39171659260193337
135.1656662665066 0.39174260538667927
135.26170468187274 0.39176858703812695
135.3577430972389 0.39179454122589497
135.45378151260505 0.3918204431432104
135.54981992797119 0.39184625933697925
135.64585834333735 0.3918720035708147
135.7418967587035 0.3918977410116789
135.83793517406963 0.3919235107437207
135.93397358943577 0.3919492681828454
136.03001200480193 0.39197491525366523
136.12605042016807 0.39200039310253937
136.2220888355342 0.3920256969645848
136.31812725090037 0.3920508443311008
136.4141656662665 0.3920758500806505
136.51020408163265 0.3921007270194949
136.60624249699882 0.3921254896130489
136.70228091236496 0.3921501551566138
136.7983193277311 0.39217475117853395
136.89435774309723 0.392199321513234
136.9903961584634 0.3922239093658314
137.08643457382954 0.39224850112478826
137.18247298919567 0.39227301929323555
137.27851140456184 0.392297401955609
137.37454981992798 0.3923216713020629
137.47058823529412 0.3923459098271058
137.56662665066028 0.3923701698837858
137.66266506602642 0.39239445503609943
137.75870348139256 0.3924187388531138
137.8547418967587 0.3924429819329242
137.95078031212486 0.39246714243410585
138.046818727491 0.3924912124951436
138.14285714285714 0.39251522486395396
138.2388955582233 0.3925392164215014
138.33493397358944 0.39256319347644053
138.43097238895558 0.3925871388257553
138.52701080432175 0.392611044547924
138.62304921968789 0.39263491907204484
138.71908763505402 0.39265876661078325
138.81512605042016 0.3926825666068323
138.91116446578633 0.39270628347173947
139.00720288115247 0.3927299102999065
139.1032412965186 0.3927534789840171
139.19927971188477 0.3927770320738602
139.2953181272509 0.39280059323794414
139.39135654261705 0.3928241683127841
139.4873949579832 0.3928477559601367
139.58343337334935 0.39287135050060784
139.6794717887155 0.3928949401721172
139.77551020408163 0.392918505209839
139.8715486194478 0.39294202092687236
139.96758703481393 0.39296547235419044
140.06362545018007 0.39298885838373004
140.15966386554624 0.39301218969835966
140.25570228091237 0.39303548637384894
140.3517406962785 0.39305877110389803
140.44777911164465 0.3930820368389805
140.54381752701082 0.3931052380456112
140.63985594237695 0.3931283279011389
140.7358943577431 0.3931513035491217
140.83193277310926 0.39317420004083975
140.9279711884754 0.3931970449584533
141.02400960384153 0.39321984402674687
141.1200480192077 0.39324258869209056
141.21608643457384 0.39326526581963334
141.31212484993998 0.39328785924730464
141.40816326530611 0.3933103548223881
141.50420168067228 0.39333274230168114
141.60024009603842 0.39335502326540367
141.69627851140456 0.39337722174479767
141.79231692677072 0.39339937788753515
141.88835534213686 0.3934215069671358
141.984393757503 0.39344358527247675
142.08043217286917 0.3934655786002716
142.1764705882353 0.39348748250541205
142.27250900360144 0.3935093218210144
142.36854741896758 0.39353112905741555
142.46458583433375 0.39355293600125385
142.56062424969988 0.39357476219728893
142.65666266506602 0.3935965978790944
142.7527010804322 0.39361840880638965
142.84873949579833 0.3936401767418137
142.94477791116446 0.3936619152666198
143.04081632653063 0.39368364689694496
143.13685474189677 0.3937053673091543
143.2328931572629 0.3937270467756185
143.32893157262905 0.39374866152199517
143.4249699879952 0.39377020685440167
143.52100840336135 0.3937916898439701
143.6170468187275 0.3938131172438493
143.71308523409365 0.3938344952930575
143.8091236494598 0.3938558365010024
143.90516206482593 0.39387716247721133
144.0012004801921 0.3938984884563398
144.09723889555823 0.3939197965565376
144.19327731092437 0.39394103941927455
144.2893157262905 0.39396218923118187
144.38535414165668 0.39398326049642074
144.48139255702282 0.3940042890795009
144.57743097238895 0.3940252938839504
144.67346938775512 0.3940462723536069
144.76950780312126 0.39406719681353786
144.8655462184874 0.3940880129037407
144.96158463385353 0.3941086674150376
145.0576230492197 0.39412916155965333
145.15366146458584 0.39414955054739476
145.24969987995198 0.3941698868432451
145.34573829531814 0.39419019071358724
145.44177671068428 0.39421046034734186
145.53781512605042 0.3942306927579833
145.63385354141658 0.39425088649034445
145.72989195678272 0.39427104347384756
145.82593037214886 0.39429117003695796
145.921968787515 0.3943112767419069
146.01800720288117 0.394331378011353
146.1140456182473 0.39435149136519904
146.21008403361344 0.3943716302466508
146.3061224489796 0.39439179987500134
146.40216086434575 0.3944119949180821
146.49819927971188 0.3944321943984432
146.59423769507805 0.3944523628032737
146.6902761104442 0.39447246937963076
146.78631452581033 0.3944924998188071
146.88235294117646 0.3945124506856418
146.97839135654263 0.3945323158898271
147.07442977190877 0.39455208563119043
147.1704681872749 0.394571756647773
147.26650660264107 0.3945913387435987
147.3625450180072 0.3946108508349123
147.45858343337335 0.39463031084790945
147.55462184873952 0.3946497341506229
147.65066026410565 0.39466913326828923
147.7466986794718 0.3946885176953615
147.84273709483793 0.3947078954531951
147.9387755102041 0.39472727719003287
148.03481392557023 0.39474667531350993
148.13085234093637 0.3947660838243427
148.22689075630254 0.3947854641119608
148.32292917166868 0.39480475847499
148.4189675870348 0.3948239284376689
148.51500600240098 0.39484296158737087
148.61104441776712 0.3948618751069815
148.70708283313326 0.39488071837541583
148.8031212484994 0.39489955152372164
148.89915966386556 0.3949183824495843
148.9951980792317 0.39493715939993035
149.09123649459784 0.39495583275062246
149.187274909964 0.39497440311990173
149.28331332533014 0.39499290804841686
149.37935174069628 0.3950113768365491
149.47539015606242 0.39502982253171176
149.57142857142858 0.3950482534004584
149.66746698679472 0.39506668231413994
149.76350540216086 0.39508511627972
149.85954381752703 0.3951035212858636
149.95558223289316 0.3951218186546777
150.0516206482593 0.39513994782683765
150.14765906362547 0.39515792033760794
150.2436974789916 0.39517579715201284
150.33973589435774 0.3951936041550395
150.43577430972388 0.39521131653864067
150.53181272509005 0.3952289099385358
150.6278511404562 0.395246406614967
150.72388955582232 0.395263859499459
150.8199279711885 0.39528128773086396
150.91596638655463 0.3952986640628003
151.01200480192077 0.39531595997520275
151.10804321728693 0.3953331884662872
151.20408163265307 0.395350386727435
151.3001200480192 0.3953675425140947
151.39615846338535 0.39538457984527164
151.4921968787515 0.39540143945173345
151.58823529411765 0.3954181589291254
151.6842737094838 0.39543484636555615
151.78031212484996 0.39545155809142735
151.8763505402161 0.395468269639487
151.97238895558223 0.3954849324181623
152.0684273709484 0.395501533019373
152.16446578631454 0.3955180883677192
152.26050420168067 0.3955346125694777
152.3565426170468 0.39555110809064536
152.45258103241298 0.39556757014137767
152.54861944777912 0.395583991495563
152.64465786314526 0.39560036272664734
152.74069627851142 0.39561667215715
152.83673469387756 0.3956329062100736
152.9327731092437 0.39564906047814247
153.02881152460984 0.3956651525044336
153.124849939976 0.39568121356980035
153.22088835534214 0.395697245361233
153.31692677070828 0.3957132079751327
153.41296518607444 0.3957290580369908
153.50900360144058 0.3957447949422593
153.60504201680672 0.39576045453641223
153.7010804321729 0.395776062320883
153.79711884753902 0.395791618858055
153.89315726290516 0.39580711466596863
153.9891956782713 0.39582254920870397
154.08523409363747 0.39583792904722853
154.1812725090036 0.3958532510599295
154.27731092436974 0.3958684971883552
154.3733493397359 0.3958836522768936
154.46938775510205 0.39589872796808906
154.56542617046819 0.3959137590456817
154.66146458583435 0.39592877270106497
154.7575030012005 0.39594377760152316
154.85354141656663 0.39595876681884845
154.94957983193277 0.3959737219710373
155.04561824729893 0.3959886177839668
155.14165666266507 0.39600344807338683
155.2376950780312 0.3960182350922029
155.33373349339738 0.396033004727872
155.4297719087635 0.3960477497811387
155.52581032412965 0.39606243409146
155.62184873949582 0.396077038487836
155.71788715486196 0.39609157880728996
155.8139255702281 0.3961060876938226
155.90996398559423 0.3961205862109802
156.0060024009604 0.39613508143978626
156.10204081632654 0.3961495668385099
156.19807923169267 0.39616402263476724
156.29411764705884 0.39617843265050207
156.39015606242498 0.3961928118271943
156.48619447779112 0.39620720228863204
156.58223289315728 0.39622162599550914
156.67827130852342 0.3962360639950911
156.77430972388956 0.3962504764459493
156.8703481392557 0.39626483724729356
156.96638655462186 0.39627913663074676
157.062424969988 0.3962933747200821
157.15846338535414 0.3963075585404888
157.2545018007203 0.396321703866184
157.35054021608644 0.39633583859741056
157.44657863145258 0.3963499987813388
157.54261704681872 0.3963641928393237
157.6386554621849 0.3963783841964623
157.73469387755102 0.39639251950675064
157.83073229291716 0.3964065827095367
157.92677070828333 0.3964205971253157
158.02280912364947 0.3964345905082647
158.1188475390156 0.3964485769498236
158.21488595438177 0.3964625611679211
158.3109243697479 0.3964765474297824
158.40696278511405 0.3964905405770566
158.50300120048018 0.39650454563168075
158.59903961584635 0.3965185675598582
158.6950780312125 0.39653260777384697
158.79111644657863 0.3965466567360293
158.8871548619448 0.3965606945195394
158.98319327731093 0.39657470580356535
159.07923169267707 0.39658868844995915
159.17527010804324 0.3966026445834198
159.27130852340937 0.3966165604727046
159.3673469387755 0.39663040629745144
159.46338535414165 0.3966441626734011
159.55942376950782 0.396657836647402
159.65546218487395 0.396671449361083
159.7515006002401 0.3966850065216746
159.84753901560626 0.3966984966307194
159.9435774309724 0.39671191914088344
160.03961584633853 0.3967253023162506
160.1356542617047 0.39673868566533016
160.23169267707084 0.39675207566053605
160.32773109243698 0.39676544209832665
160.42376950780312 0.396778756065018
160.51980792316928 0.3967920153099685
160.61584633853542 0.3968052351078247
160.71188475390156 0.3968184231223561
160.80792316926772 0.39683157667240543
160.90396158463386 0.39684470013240897
161.0 0.39685781713888435
161.09603841536617 0.39687095054094096
161.1920768307323 0.3968840662932732
161.28811524609844 0.39689707067781743
161.38415366146458 0.3969099065329045
161.48019207683075 0.3969226243220585
161.57623049219688 0.3969353349633225
161.67226890756302 0.39694806727621024
161.7683073229292 0.3969607488543044
161.86434573829533 0.39697330832627287
161.96038415366147 0.39698575475162706
162.0564225690276 0.3969981512236791
162.15246098439377 0.39701052702046596
162.2484993997599 0.39702286364514516
162.34453781512605 0.39703514267800544
162.4405762304922 0.39704738481501706
162.53661464585835 0.397059636675505
162.6326530612245 0.3970719240662084
162.72869147659065 0.39708424338334414
162.8247298919568 0.39709657775482304
162.92076830732293 0.3971089108765
163.01680672268907 0.39712123012122386
163.11284513805523 0.3971335357144451
163.20888355342137 0.3971458419374887
163.3049219687875 0.3971581622967291
163.40096038415368 0.3971704961703331
163.49699879951982 0.39718283060669046
163.59303721488595 0.39719514862469
163.68907563025212 0.39720743143279363
163.78511404561826 0.3972196652535464
163.8811524609844 0.39723184777776743
163.97719087635053 0.39724398656317744
164.0732292917167 0.3972560918762197
164.16926770708284 0.397268174613868
164.26530612244898 0.3972802383069001
164.36134453781514 0.3972922711763972
164.45738295318128 0.3973042509409992
164.55342136854742 0.39731616583991647
164.64945978391358 0.3973280198735573
164.74549819927972 0.3973398297058714
164.84153661464586 0.3973516214323812
164.937575030012 0.3973634243527683
165.03361344537817 0.3973752447200521
165.1296518607443 0.3973870596795993
165.22569027611044 0.39739884530324837
165.3217286914766 0.397410607311842
165.41776710684275 0.3974223726441797
165.51380552220888 0.3974341437452587
165.60984393757505 0.39744588647163115
165.7058823529412 0.39745755902733565
165.80192076830733 0.39746914527479277
165.89795918367346 0.3974806522856624
165.99399759903963 0.3974920895692591
166.09003601440577 0.39750346298753686
166.1860744297719 0.3975147810531824
166.28211284513807 0.3975260625474665
166.3781512605042 0.3975373305604839
166.47418967587035 0.3975485796242762
166.5702280912365 0.397559766402621
166.66626650660265 0.39757085360481864
166.7623049219688 0.39758186578533405
166.85834333733493 0.39759287467059656
166.9543817527011 0.39760389999012635
167.05042016806723 0.39761487765691367
167.14645858343337 0.397625728075426
167.24249699879954 0.3976364473718157
167.33853541416568 0.3976470976236309
167.43457382953181 0.3976577142009455
167.53061224489795 0.3976682736971738
167.62665066026412 0.39767873891506683
167.72268907563026 0.3976891220443641
167.8187274909964 0.3976994779045013
167.91476590636256 0.39770983397850734
168.0108043217287 0.397720164715972
168.10684273709484 0.397730425428947
168.202881152461 0.397740602357203
168.29891956782714 0.3977507114687722
168.39495798319328 0.3977607647322009
168.49099639855942 0.3977707569657471
168.58703481392558 0.3977806809047398
168.68307322929172 0.3977905506208538
168.77911164465786 0.3978003974830614
168.87515006002403 0.39781022866336274
168.97118847539016 0.39782001028378716
169.0672268907563 0.3978297048506027
169.16326530612247 0.3978393324058892
169.2593037214886 0.397848964262944
169.35534213685474 0.3978586364459086
169.45138055222088 0.3978683119491668
169.54741896758705 0.3978779228136428
169.6434573829532 0.39788744261393827
169.73949579831933 0.3978968891241103
169.8355342136855 0.39790628977907494
169.93157262905163 0.39791566556413926
170.02761104441777 0.39792502939217744
170.12364945978393 0.39793438333622405
170.21968787515007 0.39794371785080174
170.3157262905162 0.397953007762731
170.41176470588235 0.3979622105203943
170.50780312124851 0.3979712906137185
170.60384153661465 0.39798026601770853
170.6998799519808 0.3979892053139987
170.79591836734696 0.39799815701859426
170.8919567827131 0.3980071132114246
170.98799519807923 0.39801603298289334
171.08403361344537 0.3980248899829731
171.18007202881154 0.3980336767071876
171.27611044417768 0.39804239162930344
171.3721488595438 0.3980510322308587
171.46818727490998 0.39805960072397606
171.56422569027612 0.39806811626778527
171.66026410564226 0.3980766144729765
171.75630252100842 0.3980851270745267
171.85234093637456 0.39809367027203
171.9483793517407 0.3981022420804093
172.04441776710684 0.39811081674850635
172.140456182473 0.39811934784894787
172.23649459783914 0.39812780908038914
172.33253301320528 0.3981362187902795
172.42857142857144 0.3981446199735008
172.52460984393758 0.39815303260489276
172.62064825930372 0.39816144862211195
172.7166866746699 0.3981698523972156
172.81272509003603 0.398178233718947
172.90876350540216 0.39818658844870125
173.0048019207683 0.3981949196315649
173.10084033613447 0.3982032367550997
173.1968787515006 0.39821154468117376
173.29291716686674 0.3982198362755571
173.3889555822329 0.3982280969892903
173.48499399759905 0.3982363171604987
173.5810324129652 0.3982444940249609
173.67707082833135 0.3982526321029457
173.7731092436975 0.39826074346316304
173.86914765906363 0.39826884257410783
173.96518607442977 0.39827693210813836
174.06122448979593 0.39828500031699315
174.15726290516207 0.3982930182105424
174.2533013205282 0.39830093749625906
174.34933973589438 0.3983087104059104
174.4453781512605 0.3983163475136602
174.54141656662665 0.39832392397044725
174.63745498199282 0.39833151578150494
174.73349339735896 0.39833915047872664
174.8295318127251 0.39834681743644496
174.92557022809123 0.3983545035351044
175.0216086434574 0.3983621994185251
175.11764705882354 0.3983698901657234
175.21368547418967 0.3983775477051963
175.30972388955584 0.39838513866791775
175.40576230492198 0.39839265062172446
175.50180072028812 0.3984000962847058
175.59783913565425 0.3984074940445276
175.69387755102042 0.39841485131148463
175.78991596638656 0.39842216782166795
175.8859543817527 0.3984294488282722
175.98199279711886 0.39843670713357904
176.078031212485 0.3984439478372686
176.17406962785114 0.39845115464569014
176.2701080432173 0.3984582995042898
176.36614645858344 0.3984653793769158
176.46218487394958 0.39847242305844427
176.55822328931572 0.39847945920332706
176.6542617046819 0.3984864861798471
176.75030012004802 0.3984934804675509
176.84633853541416 0.39850043347478026
176.94237695078033 0.39850735974511564
177.03841536614647 0.3985142824285116
177.1344537815126 0.398521218892429
177.23049219687877 0.39852817582385486
177.3265306122449 0.39853513180165784
177.42256902761105 0.3985420345541149
177.51860744297718 0.39854884273302943
177.61464585834335 0.3985555693678438
177.7106842737095 0.3985622700980297
177.80672268907563 0.3985689837811482
177.9027611044418 0.3985757169716954
177.99879951980793 0.39858245639461376
178.09483793517407 0.3985891825741701
178.19087635054024 0.3985958743127248
178.28691476590637 0.3986025259467423
178.3829531812725 0.3986091518411945
178.47899159663865 0.3986157739079426
178.57503001200482 0.398622407280263
178.67106842737095 0.3986290603405767
178.7671068427371 0.39863573865719576
178.86314525810326 0.39864244577494806
178.9591836734694 0.3986491701734644
179.05522208883554 0.39865586954309956
179.1512605042017 0.3986624816900204
179.24729891956784 0.3986689849897431
179.34333733493398 0.39867541640286247
179.43937575030012 0.3986818264234093
179.53541416566628 0.3986882220016558
179.63145258103242 0.39869457316168333
179.72749099639856 0.39870086862500276
179.82352941176472 0.39870713392707274
179.91956782713086 0.39871340703106584
180.015606242497 0.3987197058505498
180.11164465786314 0.3987260266102371
180.2076830732293 0.3987323473499719
180.30372148859544 0.3987386295960569
180.39975990396158 0.3987448380579708
180.49579831932775 0.39875096817904787
180.59183673469389 0.3987570447183099
180.68787515006002 0.39876310067981163
180.7839135654262 0.39876916915375143
180.87995198079233 0.3987752701044453
180.97599039615847 0.39878139096366716
181.0720288115246 0.3987874929324477
181.16806722689077 0.39879356152759576
181.2641056422569 0.3987996260024219
181.36014405762305 0.39880572370245143
181.4561824729892 0.3988118448803543
181.55222088835535 0.39881793733693605
181.6482593037215 0.3988239704107563
181.74429771908765 0.39882996132184867
181.8403361344538 0.3988359482118627
181.93637454981993 0.398841946162076
182.03241296518607 0.3988479467628271
182.12845138055224 0.3988539442368966
182.22448979591837 0.3988599468098262
182.3205282112845 0.39886596554501746
182.41656662665068 0.39887199516008504
182.51260504201682 0.3988780156079925
182.60864345738295 0.398884018735306
182.70468187274912 0.39889002041791816
182.80072028811526 0.39889603757777686
182.8967587034814 0.3989020466893817
182.99279711884753 0.3989079876021258
183.0888355342137 0.3989138303860801
183.18487394957984 0.3989196077280966
183.28091236494598 0.39892537964012964
183.37695078031214 0.39893116616242424
183.47298919567828 0.3989369448518739
183.56902761104442 0.39894269428723156
183.66506602641059 0.39894841641177936
183.76110444177672 0.39895412550602716
183.85714285714286 0.3989598258119565
183.953181272509 0.39896551072266745
184.04921968787517 0.3989711799238764
184.1452581032413 0.3989768485992091
184.24129651860744 0.398982531430201
184.3373349339736 0.39898820876800634
184.43337334933975 0.3989938275132911
184.52941176470588 0.39899935214406645
184.62545018007202 0.3990047937823034
184.7214885954382 0.39901019369153595
184.81752701080433 0.39901558595964876
184.91356542617046 0.39902099135160973
185.00960384153663 0.3990264052673381
185.10564225690277 0.39903179059086386
185.2016806722689 0.3990371004726693
185.29771908763507 0.3990423317775154
185.3937575030012 0.399047527699628
185.48979591836735 0.3990527211724011
185.5858343337335 0.39905789916130924
185.68187274909965 0.39906302554085427
185.7779111644658 0.3990680988515527
185.87394957983193 0.3990731573412166
185.9699879951981 0.39907823420014493
186.06602641056423 0.3990833278315396
186.16206482593037 0.39908841453770477
186.25810324129654 0.39909348290206154
186.35414165666268 0.3990985379845569
186.45018007202881 0.3991035841609388
186.54621848739495 0.3991086131345067
186.64225690276112 0.39911360664261486
186.73829531812726 0.3991185445608008
186.8343337334934 0.399123407784655
186.93037214885956 0.39912819921399634
187.0264105642257 0.39913295914801317
187.12244897959184 0.3991377463648504
187.218487394958 0.3991425822315469
187.31452581032414 0.3991474428576997
187.41056422569028 0.3991522925304728
187.50660264105642 0.3991571095217261
187.60264105642258 0.3991618861399292
187.69867947178872 0.3991666268427505
187.79471788715486 0.39917134734637216
187.89075630252103 0.39917606602727956
187.98679471788716 0.3991807969490861
188.0828331332533 0.3991855495228038
188.17887154861947 0.3991903280579568
188.2749099639856 0.3991951315567664
188.37094837935174 0.3991999516984886
188.46698679471788 0.3992047711226925
188.56302521008405 0.3992095687549898
188.6590636254502 0.39921433823365987
188.75510204081633 0.399219090525912
188.8511404561825 0.39922382876864154
188.94717887154863 0.3992285257515807
189.04321728691477 0.39923313777750924
189.1392557022809 0.399237657748595
189.23529411764707 0.39924212512762813
189.3313325330132 0.3992465835298359
189.42737094837935 0.39925104085564606
189.52340936374551 0.3992554757450765
189.61944777911165 0.39925986824232856
189.7154861944778 0.3992642070016176
189.81152460984396 0.3992684861608835
189.9075630252101 0.39927270225485223
190.00360144057623 0.39927685643550215
190.09963985594237 0.39928096400788304
190.19567827130854 0.39928505609544684
190.29171668667468 0.39928916116671737
190.3877551020408 0.3992932858763699
190.48379351740698 0.39929741855113804
190.57983193277312 0.399301547960461
190.67587034813926 0.3993056682703691
190.77190876350542 0.3993097768990036
190.86794717887156 0.3993138721804761
190.9639855942377 0.39931795186061786
191.06002400960384 0.3993220068023534
191.15606242497 0.39932601966705566
191.25210084033614 0.39932997878757914
191.34813925570228 0.3993338940427577
191.44417767106845 0.39933779294736277
191.54021608643458 0.39934169768283867
191.63625450180072 0.3993456182632269
191.7322929171669 0.39934955441326625
191.82833133253303 0.39935349782755214
191.92436974789916 0.3993574345536573
192.0204081632653 0.3993613564344435
192.11644657863147 0.39936526454926397
192.2124849939976 0.39936916233593717
192.30852340936374 0.39937304690265285
192.4045618247299 0.3993769101241924
192.50060024009605 0.39938074754418734
192.5966386554622 0.3993845613248095
192.69267707082835 0.39938835882959645
192.7887154861945 0.39939215073994927
192.88475390156063 0.3993959483369532
192.98079231692677 0.39939974873156625
193.07683073229293 0.3994035299497459
193.17286914765907 0.3994072654259709
193.2689075630252 0.39941094422480183
193.36494597839138 0.3994145715821583
193.4609843937575 0.39941816310408157
193.55702280912365 0.3994217423363473
193.6530612244898 0.39942532723680085
193.74909963985596 0.3994289103496952
193.8451380552221 0.39943246305485663
193.94117647058823 0.3994359729416407
194.0372148859544 0.39943945819044346
194.13325330132054 0.3994429455889431
194.22929171668667 0.3994464365921592
194.32533013205284 0.3994499093881695
194.42136854741898 0.3994533526624581
194.51740696278512 0.39945677940190844
194.61344537815125 0.399460209356557
194.70948379351742 0.3994636405352087
194.80552220888356 0.3994670510953915
194.9015606242497 0.39947043179945574
194.99759903961586 0.39947380003753086
195.093637454982 0.3994771815315479
195.18967587034814 0.39948057903178685
195.2857142857143 0.3994839730094275
195.38175270108044 0.3994873504178692
195.47779111644658 0.3994907179103088
195.57382953181272 0.3994940927292114
195.6698679471789 0.39949748622789494
195.76590636254502 0.3995009017915057
195.86194477791116 0.3995043318816131
195.95798319327733 0.399507756697247
196.05402160864347 0.3995111554564599
196.1500600240096 0.3995145277249207
196.24609843937577 0.3995178926898686
196.3421368547419 0.3995212622884986
196.43817527010805 0.39952462748664047
196.53421368547419 0.399527969702877
196.63025210084035 0.39953128375820407
196.7262905162065 0.3995345782062371
196.82232893157263 0.39953785328224245
196.9183673469388 0.3995410890666628
197.01440576230493 0.39954426061855364
197.11044417767107 0.3995473699328329
197.20648259303724 0.39955044668758694
197.30252100840337 0.3995535159522172
197.3985594237695 0.3995565798537775
197.49459783913565 0.3995596285478199
197.59063625450182 0.3995626649171605
197.68667466986795 0.3995657059779672
197.7827130852341 0.39956876289923554
197.87875150060026 0.39957182906063
197.9747899159664 0.3995748875391862
198.07082833133254 0.3995779289182774
198.16686674669867 0.3995809533409659
198.26290516206484 0.39958396514914213
198.35894357743098 0.3995869694943732
198.45498199279712 0.39958996866195395
198.55102040816328 0.3995929531728379
198.64705882352942 0.3995959018750451
198.74309723889556 0.3995987992218851
198.83913565426172 0.3996016467081219
198.93517406962786 0.3996044562537295
199.031212484994 0.3996072325259885
199.12725090036014 0.39960997055441044
199.2232893157263 0.3996126614369764
199.31932773109244 0.39961529632315973
199.41536614645858 0.39961787147418026
199.51140456182475 0.39962040188675574
199.60744297719089 0.3996229212511176
199.70348139255702 0.3996254492847764
199.7995198079232 0.3996279678259555
199.89555822328933 0.3996304357020051
199.99159663865547 0.3996328332804567
200.0876350540216 0.39963516942447047
200.18367346938777 0.39963746586842525
200.2797118847539 0.3996397451915453
200.37575030012005 0.39964202602798543
200.4717887154862 0.39964430938505363
200.56782713085235 0.39964657708258705
200.6638655462185 0.3996488085528399
200.75990396158466 0.3996509944234374
200.8559423769508 0.3996531338791785
200.95198079231693 0.39965522489077815
201.04801920768307 0.39965726237543286
201.14405762304924 0.3996592404324789
201.24009603841537 0.39966115424299165
201.3361344537815 0.3996630040995837
201.43217286914768 0.3996648089539662
201.52821128451382 0.3996666073100757
201.62424969987995 0.39966841954281085
201.72028811524612 0.39967021427510985
201.81632653061226 0.3996719266523934
201.9123649459784 0.3996735285723336
202.00840336134453 0.39967504305789975
202.1044417767107 0.39967651409874927
202.20048019207684 0.39967797838419533
202.29651860744298 0.3996794623558338
202.39255702280914 0.39968097511558975
202.48859543817528 0.39968250723585386
202.58463385354142 0.3996840420073985
202.68067226890756 0.3996855665125708
202.77671068427372 0.3996870717196484
202.87274909963986 0.3996885509729795
202.968787515006 0.3996899997792661
203.06482593037217 0.399691419905769
203.1608643457383 0.3996928236179325
203.25690276110444 0.3996942288066746
203.3529411764706 0.3996956373165859
203.44897959183675 0.3996970298593574
203.54501800720288 0.3996983849148649
203.64105642256902 0.39969969925953086
203.7370948379352 0.3997009847447361
203.83313325330133 0.3997022490545354
203.92917166866746 0.3997034905267864
204.02521008403363 0.3997047058618372
204.12124849939977 0.3997058989172932
204.2172869147659 0.39970707881804274
204.31332533013207 0.39970824860938625
204.4093637454982 0.3997094020879654
204.50540216086435 0.39971053110423993
204.6014405762305 0.39971163431485823
204.69747899159665 0.3997127156563615
204.7935174069628 0.3997137739891053
204.88955582232893 0.3997148000908258
204.9855942376951 0.3997157863591706
205.08163265306123 0.3997167390297924
205.17767106842737 0.3997176766437602
205.27370948379354 0.399718617640257
205.36974789915968 0.3997195761620847
205.46578631452581 0.3997205600713619
205.56182472989195 0.3997215683281054
205.65786314525812 0.399722592565239
205.75390156062426 0.39972362706856374
205.8499399759904 0.39972467220922253
205.94597839135656 0.3997257303325069
206.0420168067227 0.3997268000360539
206.13805522208884 0.39972787609272636
206.234093637455 0.39972895153312404
206.33013205282114 0.3997300184891789
206.42617046818728 0.3997310716588049
206.52220888355342 0.3997321133676555
206.61824729891958 0.39973315233090523
206.71428571428572 0.3997341931767084
206.81032412965186 0.3997352323883187
206.90636254501803 0.39973626206934443
207.00240096038416 0.3997372757447485
207.0984393757503 0.3997382698079386
207.19447779111644 0.39973924998704874
207.2905162064826 0.3997402338202087
207.38655462184875 0.39974123658121846
207.48259303721488 0.39974224852116214
207.57863145258105 0.3997432365984247
207.6746698679472 0.39974417182626815
207.77070828331333 0.3997450412642933
207.8667466986795 0.3997458494700274
207.96278511404563 0.3997466208805554
208.05882352941177 0.39974739423941436
208.1548619447779 0.39974817822298986
208.25090036014407 0.39974893135247586
208.3469387755102 0.39974959773866825
208.44297719087635 0.3997501712212968
208.53901560624251 0.39975069487863957
208.63505402160865 0.39975120294424693
208.7310924369748 0.3997516927409541
208.82713085234096 0.39975214423707284
208.9231692677071 0.39975255722567454
209.01920768307323 0.3997529520367841
209.11524609843937 0.39975334012105007
209.21128451380554 0.39975370907381774
209.30732292917168 0.3997540346340992
209.4033613445378 0.3997543047193531
209.49939975990398 0.3997545219213923
209.59543817527012 0.39975470041398026
209.69147659063626 0.39975486420735956
209.78751500600242 0.39975503474974666
209.88355342136856 0.39975520506292256
209.9795918367347 0.39975533994404105
210.07563025210084 0.39975540980205904
210.171668667467 0.3997554098474811
210.26770708283314 0.39975535652118144
210.36374549819928 0.3997552791478047
210.45978391356545 0.3997552160493529
210.55582232893158 0.3997551854382324
210.65186074429772 0.39975516809790984
210.7478991596639 0.39975512417741427
210.84393757503003 0.3997550327095209
210.93997599039616 0.39975489579280876
211.0360144057623 0.3997547227768446
211.13205282112847 0.39975452033554576
211.2280912364946 0.3997542956272354
211.32412965186074 0.39975406440729766
211.4201680672269 0.39975385005363867
211.51620648259305 0.39975365723039313
211.6122448979592 0.3997534545313524
211.70828331332532 0.39975319432908357
211.8043217286915 0.3997528648451269
211.90036014405763 0.3997524954180073
211.99639855942377 0.39975211752353584
212.09243697478993 0.3997517377128103
212.18847539015607 0.3997513459968015
212.2845138055222 0.3997509402003104
212.38055222088838 0.3997505291734109
212.4765906362545 0.3997501203216875
212.57262905162065 0.3997497105064973
212.6686674669868 0.3997492901409063
212.76470588235296 0.39974885558329537
212.8607442977191 0.39974841109689163
212.95678271308523 0.3997479650061091
213.0528211284514 0.3997475267458178
213.14885954381754 0.3997471038972214
213.24489795918367 0.3997466933966488
213.34093637454984 0.3997462807295743
213.43697478991598 0.39974585373984617
213.53301320528212 0.3997454137597135
213.62905162064826 0.39974496897705497
213.72509003601442 0.399744512080504
213.82112845138056 0.3997440176589907
213.9171668667467 0.39974347491872597
214.01320528211286 0.39974291538914375
214.109243697479 0.39974239568301695
214.20528211284514 0.3997419358815633
214.3013205282113 0.39974150826021554
214.39735894357744 0.3997410713828809
214.49339735894358 0.39974060043405363
214.58943577430972 0.39974008746799555
214.6854741896759 0.39973953849947635
214.78151260504202 0.39973897191971386
214.87755102040816 0.3997383995075007
214.97358943577433 0.39973780868443437
215.06962785114047 0.3997371713851058
215.1656662665066 0.39973648040956067
215.26170468187277 0.39973575690274804
215.3577430972389 0.39973502437052477
215.45378151260505 0.3997342831754859
215.54981992797119 0.399733517029549
215.64585834333735 0.39973272345836514
215.7418967587035 0.39973192052232404
215.83793517406963 0.39973112379366105
215.9339735894358 0.3997303226212445
216.03001200480193 0.39972948807005604
216.12605042016807 0.3997286113960394
216.2220888355342 0.3997277135231325
216.31812725090037 0.39972682452745695
216.4141656662665 0.3997259614216369
216.51020408163265 0.39972512793422094
216.60624249699882 0.3997243185201639
216.70228091236496 0.39972351980349224
216.7983193277311 0.39972271975360624
216.89435774309726 0.3997219181226758
216.9903961584634 0.3997211243428861
217.08643457382954 0.39972034478948903
217.18247298919567 0.3997195788178146
217.27851140456184 0.3997188133258775
217.37454981992798 0.39971801625814996
217.47058823529412 0.39971714526743274
217.56662665066028 0.39971619340260095
217.66266506602642 0.3997152024222124
217.75870348139256 0.39971422383962607
217.85474189675872 0.39971327001507906
217.95078031212486 0.3997123182205751
218.046818727491 0.39971134898179994
218.14285714285714 0.3997103586935316
218.2388955582233 0.39970935348036624
218.33493397358944 0.3997083410873596
218.43097238895558 0.39970732918328483
218.52701080432175 0.39970631888812824
218.62304921968789 0.39970530267354876
218.71908763505402 0.39970427238496725
218.8151260504202 0.3997032303653841
218.91116446578633 0.3997021875874617
219.00720288115247 0.3997011475240078
219.1032412965186 0.39970010040652865
219.19927971188477 0.3996990360503077
219.2953181272509 0.39969796255630674
219.39135654261705 0.39969690262942703
219.4873949579832 0.399695860735216
219.58343337334935 0.39969481072407964
219.6794717887155 0.39969372516464463
219.77551020408166 0.39969262032754493
219.8715486194478 0.39969154913182725
219.96758703481393 0.399690527785899
220.06362545018007 0.3996895061839367
220.15966386554624 0.3996884180446736
220.25570228091237 0.3996872618440692
220.3517406962785 0.39968609641084085
220.44777911164468 0.39968495677571386
220.54381752701082 0.3996838179200368
220.63985594237695 0.3996826312435256
220.7358943577431 0.3996813866268583
220.83193277310926 0.3996801126705847
220.9279711884754 0.39967883274176896
221.02400960384153 0.3996775449337432
221.1200480192077 0.39967623838319016
221.21608643457384 0.39967492255967463
221.31212484993998 0.39967362593688927
221.40816326530614 0.39967236071846635
221.50420168067228 0.39967110592935634
221.60024009603842 0.39966982792766703
221.69627851140456 0.3996685191197857
221.79231692677072 0.3996671987186111
221.88835534213686 0.3996658825149623
221.984393757503 0.39966456751400187
222.08043217286917 0.3996632412008432
222.1764705882353 0.39966190009997665
222.27250900360144 0.3996605510184893
222.3685474189676 0.39965920246448206
222.46458583433375 0.39965786003963605
222.56062424969988 0.39965652746086033
222.65666266506602 0.39965520877993904
222.7527010804322 0.39965390795490724
222.84873949579833 0.39965262194170953
222.94477791116446 0.39965133683002474
223.04081632653063 0.39965003674815675
223.13685474189677 0.39964872350056113
223.2328931572629 0.39964741666260645
223.32893157262907 0.3996461273331998
223.4249699879952 0.3996448425529099
223.52100840336135 0.3996435371621159
223.6170468187275 0.3996422017137645
223.71308523409365 0.3996408449527744
223.8091236494598 0.39963947755142015
223.90516206482593 0.3996381019392668
224.0012004801921 0.3996367180384242
224.09723889555823 0.39963533763958886
224.19327731092437 0.3996339847058003
224.28931572629054 0.3996326732770074
224.38535414165668 0.3996313929322709
224.48139255702282 0.3996301159085274
224.57743097238895 0.39962881608867307
224.67346938775512 0.3996274725794637
224.76950780312126 0.3996260769408515
224.8655462184874 0.39962463818348093
224.96158463385356 0.39962317720212165
225.0576230492197 0.39962171137365593
225.15366146458584 0.39962025156794345
225.24969987995198 0.3996187966763697
225.34573829531814 0.3996173296387316
225.44177671068428 0.39961582659404415
225.53781512605042 0.3996142834067183
225.63385354141658 0.3996127186146827
225.72989195678272 0.3996111470216126
225.82593037214886 0.3996095595036563
225.92196878751503 0.39960793376839465
226.01800720288117 0.3996062685397487
226.1140456182473 0.3996045881727449
226.21008403361344 0.3996029132234268
226.3061224489796 0.39960123679870774
226.40216086434575 0.39959953540187887
226.49819927971188 0.39959780584619425
226.59423769507805 0.3995960710450931
226.6902761104442 0.39959435252579306
226.78631452581033 0.3995926472209696
226.8823529411765 0.3995909326416779
226.97839135654263 0.3995891868814474
227.07442977190877 0.3995873931954694
227.1704681872749 0.3995855464452074
227.26650660264107 0.399583658814481
227.3625450180072 0.3995817534940085
227.45858343337335 0.39957984132741947
227.55462184873952 0.39957791617773947
227.65066026410565 0.3995759670859756
227.7466986794718 0.3995739895993447
227.84273709483796 0.3995719852111313
227.9387755102041 0.3995699575971077
228.03481392557023 0.3995679116811135
228.13085234093637 0.39956585270242745
228.22689075630254 0.3995637853030844
228.32292917166868 0.39956171189888456
228.4189675870348 0.3995596262943219
228.51500600240098 0.39955751264335376
228.61104441776712 0.3995553590459523
228.70708283313326 0.3995531715236631
228.80312124849942 0.3995509688950681
228.89915966386556 0.3995487583037289
228.9951980792317 0.39954652938161334
229.09123649459784 0.39954427170603773
229.187274909964 0.3995419936467846
229.28331332533014 0.39953971817802675
229.37935174069628 0.3995374598476001
229.47539015606245 0.39953521844692874
229.57142857142858 0.3995329829946065
229.66746698679472 0.39953073625431057
229.76350540216086 0.3995284580507215
229.85954381752703 0.39952613988026914
229.95558223289316 0.39952378902374663
230.0516206482593 0.3995214212481408
230.14765906362547 0.39951905211153704
230.2436974789916 0.3995166948232382
230.33973589435774 0.39951435202894187
230.4357743097239 0.3995120136107883
230.53181272509005 0.3995096702739389
230.6278511404562 0.39950733055235294
230.72388955582232 0.39950501608362216
230.8199279711885 0.3995027306950673
230.91596638655463 0.3995004506865126
231.01200480192077 0.3994981465161095
231.10804321728693 0.3994958113277939
231.20408163265307 0.3994934585187833
231.3001200480192 0.39949109703963953
231.39615846338538 0.3994887229954488
231.4921968787515 0.3994863314085192
231.58823529411765 0.39948393248777364
231.6842737094838 0.39948154908386685
231.78031212484996 0.3994791943327147
231.8763505402161 0.39947686350119965
231.97238895558223 0.3994745402921989
232.0684273709484 0.39947220602323874
232.16446578631454 0.39946984186044326
232.26050420168067 0.39946743841136045
232.35654261704684 0.3994649993549306
232.45258103241298 0.3994625345357017
232.54861944777912 0.3994600494035078
232.64465786314526 0.39945754429083397
232.74069627851142 0.3994550155407391
232.83673469387756 0.3994524560346319
232.9327731092437 0.39944985932801363
233.02881152460986 0.39944722629074547
233.124849939976 0.3994445655589173
233.22088835534214 0.39944189248328604
233.3169267707083 0.39943922854542363
233.41296518607444 0.399436591679115
233.50900360144058 0.3994339799211118
233.60504201680672 0.39943137345851937
233.7010804321729 0.39942876212938283
233.79711884753902 0.39942615786819946
233.89315726290516 0.39942357985883825
233.98919567827133 0.3994210280222767
234.08523409363747 0.3994184826213047
234.1812725090036 0.39941592309125085
234.27731092436974 0.3994133371502671
234.3733493397359 0.399410721913926
234.46938775510205 0.3994080858705373
234.56542617046819 0.3994054468178356
234.66146458583435 0.39940281229101576
234.7575030012005 0.39940016970737946
234.85354141656663 0.3993975000271706
234.9495798319328 0.3993948048271348
235.04561824729893 0.399392105969714
235.14165666266507 0.3993894136376749
235.2376950780312 0.3993867093230653
235.33373349339738 0.39938396476223836
235.4297719087635 0.3993811815762047
235.52581032412965 0.3993783922246395
235.62184873949582 0.3993756212316295
235.71788715486196 0.3993728633787894
235.8139255702281 0.39937009687335845
235.90996398559426 0.39936731268926334
236.0060024009604 0.3993645167350556
236.10204081632654 0.39936171203160115
236.19807923169267 0.3993588881634276
236.29411764705884 0.399356028973382
236.39015606242498 0.3993531306273139
236.48619447779112 0.39935020277970895
236.58223289315728 0.3993472533101216
236.67827130852342 0.3993442788166466
236.77430972388956 0.39934127261665714
236.87034813925573 0.3993382445585541
236.96638655462186 0.3993352220525169
237.062424969988 0.39933222716607736
237.15846338535414 0.39932926159797777
237.2545018007203 0.39932631306884836
237.35054021608644 0.3993233723953046
237.44657863145258 0.3993204358243573
237.54261704681875 0.3993175003565946
237.6386554621849 0.39931456051549563
237.73469387755102 0.39931160718885816
237.8307322929172 0.3993086246638443
237.92677070828333 0.39930559119745185
238.02280912364947 0.39930249365623954
238.1188475390156 0.3992993381323761
238.21488595438177 0.3992961426404624
238.3109243697479 0.39929291554123153
238.40696278511405 0.39928965262543586
238.5030012004802 0.3992863506549673
238.59903961584635 0.3992830176868706
238.6950780312125 0.39927966867701203
238.79111644657863 0.39927631140479464
238.8871548619448 0.3992729443121807
238.98319327731093 0.39926956426801763
239.07923169267707 0.39926617278880566
239.17527010804324 0.3992627732558536
239.27130852340937 0.39925936146528335
239.3673469387755 0.39925592468296367
239.46338535414168 0.39925245776814927
239.55942376950782 0.3992489767461495
239.65546218487395 0.3992455111415538
239.7515006002401 0.39924207664738937
239.84753901560626 0.39923866988075535
239.9435774309724 0.39923527808353393
240.03961584633853 0.39923188770146206
240.1356542617047 0.39922848666106203
240.23169267707084 0.39922507144912606
240.32773109243698 0.39922164802286836
240.42376950780314 0.3992182182604049
240.51980792316928 0.3992147673741957
240.61584633853542 0.3992112686757247
240.71188475390156 0.3992077033912363
240.80792316926772 0.3992040653432139
240.90396158463386 0.3992003609499442
241.0 0.3991966092250662
