1.0 0.24724
1.0960384153661464 0.24710981766774232
1.1920768307322929 0.2469805137456428
1.2881152460984393 0.24685214772405448
1.3841536614645857 0.24672479055128427
1.4801920768307322 0.2465985432111789
1.5762304921968788 0.24647353970837807
1.6722689075630253 0.2463499513948955
1.7683073229291717 0.24622798389230535
1.8643457382953181 0.2461078555677958
1.9603841536614646 0.24598978751114464
2.0564225690276112 0.24587391159730387
2.1524609843937577 0.2457601296498185
2.248499399759904 0.24564817353761992
2.3445378151260505 0.2455380904139599
2.440576230492197 0.2454304373955494
2.5366146458583434 0.24532589318133932
2.63265306122449 0.24522463160449431
2.7286914765906363 0.24512634293930094
2.8247298919567827 0.24503079041733
2.920768307322929 0.244938050917145
3.0168067226890756 0.24484835378348122
3.112845138055222 0.2447618061425688
3.2088835534213684 0.24467837714195087
3.3049219687875153 0.24459797969933528
3.4009603841536618 0.24452050848980095
3.496998799519808 0.24444587129449089
3.5930372148859546 0.24437404455887232
3.689075630252101 0.24430508606823612
3.7851140456182475 0.24423919168188996
3.881152460984394 0.24417672094243767
3.9771908763505404 0.24411800101342157
4.073229291716687 0.2440629582241291
4.169267707082833 0.24401115176346713
4.26530612244898 0.24396241198450877
4.3613445378151265 0.24391716333600127
4.4573829531812725 0.24387604619549996
4.5534213685474185 0.2438391642330929
4.649459783913565 0.24380607742733656
4.745498199279712 0.24377654644152186
4.841536614645858 0.24375093039619994
4.937575030012005 0.2437297946202573
5.033613445378151 0.24371308574603115
5.129651860744298 0.24370011516147289
5.225690276110444 0.24369040319297594
5.321728691476591 0.2436841547459919
5.417767106842737 0.24368181907002784
5.513805522208884 0.2436831114826285
5.609843937575031 0.24368699219163764
5.705882352941177 0.24369280058051276
5.8019207683073235 0.24370092910987656
5.8979591836734695 0.243712370026404
5.993997599039616 0.24372764571371922
6.090036014405762 0.24374667752276272
6.186074429771909 0.243769004230012
6.282112845138055 0.24379391978443235
6.378151260504202 0.2438207254473293
6.474189675870348 0.24384934040354228
6.570228091236495 0.2438803430013938
6.666266506602641 0.2439143721996813
6.762304921968788 0.24395173313923532
6.858343337334934 0.2439924545389149
6.954381752701081 0.24403645432313023
7.050420168067227 0.24408358638343053
7.146458583433374 0.24413390270716423
7.2424969987995205 0.24418783452318943
7.3385354141656665 0.24424585474007748
7.434573829531813 0.24430754953643263
7.530612244897959 0.24437155624178725
7.626650660264106 0.2444368616778418
7.722689075630252 0.24450374762372357
7.818727490996399 0.24457328952472424
7.914765906362545 0.24464585460930077
8.010804321728692 0.24472089771978123
8.106842737094837 0.24479790927050055
8.202881152460986 0.244877140974167
8.29891956782713 0.24495930245646957
8.394957983193278 0.24504458404797277
8.490996398559425 0.2451325052832551
8.58703481392557 0.2452224471994554
8.683073229291717 0.2453140806636011
8.779111644657863 0.24540734942875816
8.87515006002401 0.2455023768494419
8.971188475390157 0.2455994416802727
9.067226890756302 0.2456988828432163
9.16326530612245 0.24580101890475106
9.259303721488596 0.2459060714876235
9.355342136854743 0.2460139138129564
9.451380552220888 0.24612404039177618
9.547418967587035 0.24623599815652508
9.643457382953182 0.24634976939859676
9.739495798319329 0.24646567645777825
9.835534213685474 0.24658399165720207
9.93157262905162 0.2467048493055351
10.027611044417768 0.24682823607211543
10.123649459783914 0.2469539819998015
10.219687875150061 0.24708182480528262
10.315726290516206 0.24721165552802427
10.411764705882353 0.24734356688181816
10.5078031212485 0.24747763158606362
10.603841536614647 0.24761368510230303
10.699879951980792 0.24775143668860722
10.795918367346939 0.24789095257570298
10.891956782713086 0.24803275722624707
10.987995198079233 0.24817734364206775
11.084033613445378 0.2483246692077532
11.180072028811525 0.24847427519988258
11.276110444177672 0.2486258936717773
11.372148859543818 0.2487795957248392
11.468187274909964 0.24893544246304064
11.56422569027611 0.24909310750738675
11.660264105642257 0.24925199150155203
11.756302521008404 0.24941182264127817
11.852340936374551 0.2495728148422357
11.948379351740696 0.24973535054189294
12.044417767106843 0.2498996203332579
12.14045618247299 0.2500656763035259
12.236494597839137 0.25023377927041185
12.332533013205282 0.25040448897024364
12.428571428571429 0.2505782374578903
12.524609843937576 0.2507548199463728
12.620648259303723 0.250933542485146
12.716686674669868 0.2511141181906745
12.812725090036015 0.25129693230501354
12.908763505402161 0.25148242973834506
13.004801920768308 0.2516703469204471
13.100840336134453 0.25185982534155543
13.1968787515006 0.25205027894422805
13.292917166866747 0.2522416742271595
13.388955582232894 0.2524341908097209
13.484993997599041 0.2526277738742476
13.581032412965186 0.2528221961506728
13.677070828331333 0.25301758185857803
13.77310924369748 0.2532145784264234
13.869147659063627 0.25341379349968274
13.965186074429772 0.25361501500756184
14.061224489795919 0.25381736987345055
14.157262905162066 0.2540206207110932
14.253301320528212 0.25422562954490374
14.349339735894358 0.254433456460282
14.445378151260504 0.2546440462844121
14.541416566626651 0.25485632826544946
14.637454981992798 0.25506951083748725
14.733493397358943 0.25528358199041556
14.82953181272509 0.2554989050566769
14.925570228091237 0.25571559810312516
15.021608643457384 0.25593353024489524
15.11764705882353 0.2561526512512136
15.213685474189676 0.2563731251647894
15.309723889555823 0.25659515333707267
15.40576230492197 0.25681868886298387
15.501800720288117 0.25704348314421266
15.597839135654262 0.2572696049638361
15.693877551020408 0.2574976608964332
15.789915966386555 0.257728331894834
15.885954381752702 0.25796158694503324
15.981992797118847 0.258196721038828
16.078031212484994 0.2584332249372933
16.17406962785114 0.25867118143696094
16.270108043217288 0.2589109411491423
16.366146458583433 0.2591525408641851
16.46218487394958 0.2593956923367036
16.558223289315727 0.25964017843200216
16.654261704681872 0.259886043652754
16.75030012004802 0.26013344569978114
16.846338535414166 0.2603823746065193
16.942376950780314 0.26063265507055267
17.03841536614646 0.2608842332921256
17.134453781512605 0.2611373225112727
17.230492196878753 0.2613922914140692
17.3265306122449 0.2616494412853127
17.422569027611043 0.26190896091828475
17.518607442977192 0.2621707531943387
17.614645858343337 0.26243434352040024
17.710684273709486 0.26269915087341933
17.80672268907563 0.2629650537596847
17.902761104441776 0.26323240679856813
17.998799519807925 0.2635015100455124
18.09483793517407 0.2637723092422312
18.19087635054022 0.2640444747659625
18.286914765906364 0.2643175824793885
18.38295318127251 0.2645911692905178
18.478991596638657 0.2648650632079917
18.575030012004802 0.2651395792378065
18.671068427370948 0.2654153620285973
18.767106842737096 0.26569301570161385
18.86314525810324 0.26597303087008556
18.95918367346939 0.26625555254500727
19.055222088835535 0.26654023558931594
19.15126050420168 0.2668265306908093
19.24729891956783 0.26711438740842236
19.343337334933974 0.2674043087969439
19.439375750300123 0.26769674436119095
19.535414165666268 0.2679916906627489
19.631452581032413 0.26828881814062594
19.72749099639856 0.2685878159613011
19.823529411764707 0.26888844585118055
19.91956782713085 0.2691905308733626
20.015606242497 0.2694939476058689
20.111644657863145 0.26979858019616676
20.207683073229294 0.27010419595856644
20.30372148859544 0.27041045733334873
20.399759903961584 0.2707173750763547
20.495798319327733 0.2710256377427051
20.591836734693878 0.27133626359240337
20.687875150060023 0.2716495799843687
20.78391356542617 0.27196508460367236
20.879951980792317 0.2722820907986285
20.975990396158466 0.27260022100016823
21.07202881152461 0.27291939051207253
21.168067226890756 0.27323971997387114
21.264105642256904 0.27356150198814716
21.36014405762305 0.2738849298234454
21.456182472989198 0.2742098794477968
21.552220888355343 0.27453603462803106
21.64825930372149 0.27486330791254304
21.744297719087637 0.27519190804435556
21.840336134453782 0.2755220485563489
21.936374549819927 0.2758537017932789
22.032412965186076 0.2761867070585406
22.12845138055222 0.2765211634473286
22.22448979591837 0.27685748977037444
22.320528211284515 0.2771959878046385
22.41656662665066 0.2775364549716803
22.51260504201681 0.27787832777079197
22.608643457382954 0.27822124479837185
22.704681872749102 0.2785651705039444
22.800720288115247 0.2789103448585432
22.896758703481392 0.27925723649156126
22.99279711884754 0.27960636382850296
23.088835534213686 0.27995762354057196
23.18487394957983 0.28031017252697604
23.28091236494598 0.28066334682754324
23.376950780312125 0.2810175607494882
23.472989195678274 0.28137396993646335
23.56902761104442 0.281732966843232
23.665066026410564 0.2820938421803189
23.761104441776713 0.2824557330008739
23.857142857142858 0.2828185970895262
23.953181272509003 0.2831830560051194
24.04921968787515 0.28354953801259863
24.145258103241297 0.2839180528992955
24.241296518607445 0.28428825432843347
24.33733493397359 0.28465950718044347
24.433373349339735 0.2850310290388027
24.529411764705884 0.2854025113391432
24.62545018007203 0.285774279624949
24.721488595438178 0.28614687226076624
24.817527010804323 0.28652056268461934
24.913565426170468 0.28689540345455217
25.009603841536617 0.287271558904391
25.10564225690276 0.28764939158208525
25.201680672268907 0.28802906335456374
25.297719087635056 0.2884100602850714
25.3937575030012 0.2887913833571656
25.48979591836735 0.28917264993477415
25.585834333733494 0.28955442431191236
25.68187274909964 0.2899376577936151
25.777911164465788 0.2903229877358201
25.873949579831933 0.2907106870215689
25.969987995198082 0.29110063193420976
26.066026410564227 0.29149230171736146
26.162064825930372 0.2918851980427033
26.25810324129652 0.2922793965896004
26.354141656662666 0.29267543728369677
26.45018007202881 0.29307349086925033
26.54621848739496 0.2934730782301521
26.642256902761105 0.29387359615803355
26.738295318127253 0.29427504440312197
26.8343337334934 0.29467795700754673
26.930372148859544 0.29508267078824435
27.026410564225692 0.2954890599344708
27.122448979591837 0.29589681680669894
27.218487394957986 0.29630586054300234
27.31452581032413 0.29671631255427766
27.410564225690276 0.29712813655437836
27.506602641056425 0.2975410007909119
27.60264105642257 0.2979544518099442
27.698679471788715 0.29836818039078766
27.794717887154864 0.298782070002047
27.89075630252101 0.29919637096413687
27.986794717887157 0.29961176653442717
28.082833133253303 0.3000289785470162
28.178871548619448 0.30044813371251117
28.274909963985596 0.3008687823965566
28.37094837935174 0.3012904441196643
28.466986794717887 0.30171284426225303
28.563025210084035 0.3021358748480228
28.65906362545018 0.3025595265232664
28.75510204081633 0.3029838746392904
28.851140456182474 0.3034090227699233
28.94717887154862 0.3038350770265185
29.043217286914768 0.30426216332114053
29.139255702280913 0.30469045827285823
29.23529411764706 0.3051202013478548
29.331332533013207 0.305551766655771
29.42737094837935 0.3059856946015799
29.5234093637455 0.30642236247500293
29.619447779111646 0.306861367872292
29.71548619447779 0.3073016075993353
29.81152460984394 0.30774253996483464
29.907563025210084 0.3081848217437583
30.003601440576233 0.30862957368924376
30.099639855942378 0.3090769230015147
30.195678271308523 0.3095259556324891
30.291716686674672 0.30997584412448276
30.387755102040817 0.31042645038695005
30.483793517406966 0.3108780662742667
30.57983193277311 0.31133086279010036
30.675870348139256 0.3117848272830369
30.771908763505404 0.3122398198218155
30.86794717887155 0.31269560563351134
30.963985594237695 0.3131519907868932
31.060024009603843 0.3136091180708923
31.15606242496999 0.3140674536908479
31.252100840336137 0.3145272394739324
31.348139255702282 0.31498816881323616
31.444177671068427 0.315449677149211
31.540216086434576 0.31591162186091337
31.63625450180072 0.3163743450409926
31.732292917166866 0.316838306225059
31.828331332533015 0.3173038530529964
31.92436974789916 0.3177711924357929
32.02040816326531 0.31824032914329986
32.116446578631454 0.31871108097572626
32.2124849939976 0.3191833700906766
32.308523409363744 0.3196574138123364
32.404561824729896 0.3201335030480091
32.50060024009604 0.32061142514721364
32.596638655462186 0.3210904143690036
32.69267707082833 0.3215696892045622
32.78871548619448 0.3220488232584598
32.88475390156063 0.32252773198898615
32.98079231692677 0.3230066162322946
33.07683073229292 0.3234859205638021
33.172869147659064 0.3239658896127715
33.26890756302521 0.3244462464128602
33.36494597839136 0.3249264948187144
33.460984393757506 0.3254068054216918
33.55702280912365 0.32588811053173883
33.6530612244898 0.3263711778208895
33.74909963985594 0.32685590417836446
33.84513805522209 0.3273416255820737
33.94117647058824 0.32782810815685043
34.037214885954384 0.3283157022398064
34.13325330132053 0.3288048229894233
34.229291716686674 0.3292955343390982
34.32533013205282 0.329787663492618
34.42136854741897 0.33028120434107805
34.51740696278512 0.3307763905653238
34.61344537815126 0.3312735689838256
34.70948379351741 0.3317730929522464
34.80552220888355 0.3322751823980863
34.901560624249704 0.33277946272411313
34.99759903961585 0.3332849143533072
35.093637454981994 0.33379075005215025
35.18967587034814 0.3342971906239289
35.285714285714285 0.33480511106735394
35.38175270108044 0.33531467992982084
35.47779111644658 0.3358251026970514
35.57382953181273 0.3363355807760093
35.66986794717887 0.33684620208592064
35.76590636254502 0.3373577028958958
35.86194477791116 0.33787043893820806
35.957983193277315 0.33838416374866687
36.05402160864346 0.33889850224956247
36.150060024009605 0.3394134126855104
36.24609843937575 0.33992911462586745
36.342136854741895 0.3404457238264044
36.43817527010805 0.3409631662096404
36.53421368547419 0.3414813045068443
36.63025210084034 0.34200006800168364
36.72629051620648 0.3425194507600336
36.82232893157263 0.3430394790817413
36.91836734693878 0.3435602051222009
37.014405762304925 0.3440817648278039
37.11044417767107 0.3446044402676046
37.206482593037215 0.34512854833670736
37.30252100840336 0.3456539287897455
37.39855942376951 0.34617982513419787
37.49459783913566 0.3467055894834805
37.5906362545018 0.3472314791765417
37.68667466986795 0.3477584331730443
37.78271308523409 0.3482868086057508
37.878751500600245 0.34881603205069706
37.97478991596639 0.3493454085573675
38.070828331332535 0.34987508221979285
38.16686674669868 0.35040590004353894
38.262905162064826 0.3509384475915894
38.35894357743097 0.35147275220973795
38.45498199279712 0.35200845899848826
38.55102040816327 0.3525450505015674
38.64705882352941 0.3530819437704305
38.74309723889556 0.3536189326601564
38.8391356542617 0.3541563225761265
38.935174069627855 0.35469446924190023
39.031212484994 0.3552331741551302
39.127250900360146 0.35577179955674915
39.22328931572629 0.35631014618786977
39.319327731092436 0.35684874866037425
39.41536614645859 0.3573883701025877
39.51140456182473 0.3579293057511944
39.60744297719088 0.35847143404607096
39.70348139255702 0.3590148243881834
39.79951980792317 0.3595599517885584
39.89555822328932 0.3601072166110959
39.991596638655466 0.36065624897943505
40.08763505402161 0.3612060011688886
40.183673469387756 0.3617556768872355
40.2797118847539 0.3623050907282069
40.375750300120046 0.3628545285392067
40.4717887154862 0.36340453352287905
40.56782713085234 0.36395577993898576
40.66386554621849 0.36450834670821997
40.759903961584634 0.36506142744554027
40.85594237695078 0.3656138961259205
40.95198079231693 0.3661652137798568
41.048019207683076 0.3667154874250424
41.14405762304922 0.36726530829308207
41.240096038415366 0.36781567532267995
41.33613445378151 0.36836749755380765
41.432172869147664 0.36892075719511513
41.52821128451381 0.36947457112917304
41.624249699879954 0.37002826460785165
41.7202881152461 0.3705818593476957
41.816326530612244 0.3711358662058787
41.912364945978396 0.3716909133697475
42.00840336134454 0.3722476697568317
42.104441776710686 0.37280653558840027
42.20048019207683 0.3733674940526677
42.29651860744298 0.3739301802549042
42.39255702280912 0.3744940116747667
42.488595438175274 0.37505823650991477
42.58463385354142 0.37562222552009916
42.680672268907564 0.3761856202356827
42.77671068427371 0.3767483605678003
42.872749099639854 0.37731073655431946
42.96878751500601 0.37787334302075565
43.06482593037215 0.3784366114117525
43.1608643457383 0.37900056149280287
43.25690276110444 0.379565051787752
43.35294117647059 0.3801303021408068
43.44897959183674 0.38069688731313744
43.545018007202884 0.3812650467155523
43.64105642256903 0.38183429894317067
43.737094837935174 0.38240390107056194
43.83313325330132 0.3829738584886656
43.92917166866747 0.3835449625764209
44.02521008403362 0.38411780298580805
44.12124849939976 0.3846921849887122
44.21728691476591 0.3852674421908202
44.31332533013205 0.3858431721696155
44.409363745498204 0.38641931420302394
44.50540216086435 0.3869958707774328
44.601440576230495 0.38757273457056846
44.69747899159664 0.38814973757152116
44.793517406962785 0.3887267763531284
44.88955582232893 0.38930383153743797
44.98559423769508 0.3898809779674645
45.08163265306123 0.39045839128186005
45.17767106842737 0.39103631106926623
45.27370948379352 0.39161494641918054
45.36974789915966 0.39219446128953944
45.465786314525815 0.3927749775849375
45.56182472989196 0.3933565772386463
45.657863145258105 0.39393928379095583
45.75390156062425 0.39452301263578193
45.849939975990395 0.3951075716164132
45.94597839135655 0.3956927825389404
46.04201680672269 0.3962785689226992
46.13805522208884 0.3968649024649337
46.23409363745498 0.39745164501962577
46.33013205282113 0.3980385363191284
46.42617046818728 0.39862542374651483
46.522208883553425 0.39921243671908874
46.61824729891957 0.39979983103974226
46.714285714285715 0.4003875075249058
46.81032412965186 0.4009749640038835
46.906362545018006 0.40156196187428367
47.00240096038416 0.40214905779395266
47.0984393757503 0.4027372286298038
47.19447779111645 0.4033266318254429
47.29051620648259 0.40391641249949983
47.38655462184874 0.40450560769661714
47.48259303721489 0.40509390432272
47.578631452581035 0.4056815501530168
47.67466986794718 0.40626897575766746
47.770708283313326 0.40685669788153134
47.86674669867947 0.4074450003277694
47.96278511404562 0.40803365299789796
48.05882352941177 0.40862207124156835
48.15486194477791 0.4092099165491267
48.25090036014406 0.4097972168871536
48.3469387755102 0.4103841037912087
48.442977190876356 0.41097056922749203
48.5390156062425 0.41155654234747
48.635054021608646 0.41214221253651395
48.73109243697479 0.4127280855833689
48.827130852340936 0.4133145522878123
48.92316926770709 0.41390146945057427
49.01920768307323 0.4144882915052904
49.11524609843938 0.4150746629943406
49.21128451380552 0.4156605617542835
49.30732292917167 0.4162461999032591
49.403361344537814 0.416831922827153
49.499399759903966 0.4174181513990963
49.59543817527011 0.418005157925983
49.691476590636256 0.4185930090156497
49.7875150060024 0.419181612909154
49.883553421368546 0.4197707701979765
49.9795918367347 0.42036025575015606
50.075630252100844 0.4209501725527568
50.17166866746699 0.42154103166003476
50.267707082833134 0.42213322015256227
50.36374549819928 0.4227264023863549
50.45978391356543 0.42331972086463376
50.555822328931576 0.42391289336978444
50.65186074429772 0.42450650935977774
50.747899159663866 0.4251011877219696
50.84393757503001 0.4256965810880936
50.939975990396164 0.42629158921762317
51.03601440576231 0.42688571011494975
51.132052821128454 0.4274794361730904
51.2280912364946 0.4280733965801073
51.324129651860744 0.42866729216633365
51.42016806722689 0.42926009584574476
51.51620648259304 0.42985146204061536
51.61224489795919 0.4304421676295819
51.70828331332533 0.43103322258305027
51.80432172869148 0.43162470922849433
51.90036014405762 0.4322159180327075
51.996398559423774 0.43280654345898056
52.09243697478992 0.43339708719141135
52.188475390156064 0.4339883128084259
52.28451380552221 0.43458049756656864
52.380552220888354 0.4351734034095633
52.47659063625451 0.4357664255747955
52.57262905162065 0.43635865704504556
52.6686674669868 0.4369493761100856
52.76470588235294 0.43753874885065913
52.86074429771909 0.4381277255869814
52.95678271308524 0.4387170481484055
53.052821128451384 0.4393068701119033
53.14885954381753 0.4398970330253731
53.244897959183675 0.44048748607486765
53.34093637454982 0.44107830570304407
53.43697478991597 0.4416695933136519
53.53301320528212 0.44226143288421704
53.62905162064826 0.44285385519266673
53.72509003601441 0.4434467810195138
53.82112845138055 0.44404005841561345
53.9171668667467 0.44463376204697
54.01320528211285 0.4452283170585534
54.109243697478995 0.44582411283110385
54.20528211284514 0.4464208549732005
54.301320528211285 0.44701764421515156
54.39735894357743 0.4476140322180815
54.49339735894358 0.44821049471564617
54.58943577430973 0.4488078432814293
54.68547418967587 0.4494061842304994
54.78151260504202 0.45000491793181796
54.87755102040816 0.45060357844260845
54.973589435774315 0.45120223184834474
55.06962785114046 0.45180107572127254
55.165666266506605 0.4523996913269898
55.26170468187275 0.452997111916861
55.357743097238895 0.45359309143000537
55.45378151260505 0.4541887369696397
55.54981992797119 0.4547855755481618
55.64585834333734 0.45538372164956065
55.74189675870348 0.45598184079409804
55.83793517406963 0.45657873304607577
55.93397358943577 0.45717417270211447
56.030012004801925 0.457768651290778
56.12605042016807 0.4583628332465668
56.222088835534215 0.4589574272987225
56.31812725090036 0.4595525931751493
56.414165666266506 0.4601476128058768
56.51020408163266 0.460741425181689
56.6062424969988 0.46133379350481135
56.70228091236495 0.46192537587892896
56.79831932773109 0.4625168842451084
56.89435774309724 0.4631085896983838
56.99039615846339 0.46370039794536944
57.086434573829536 0.46429203595695884
57.18247298919568 0.46488310592453574
57.278511404561826 0.46547339222692147
57.37454981992797 0.4660630510739642
57.47058823529412 0.46665250829617744
57.56662665066027 0.4672422064941975
57.66266506602641 0.46783254466097074
57.75870348139256 0.46842360681683337
57.8547418967587 0.46901498578286804
57.950780312124856 0.46960592365102394
58.046818727491 0.47019567617945207
58.142857142857146 0.47078359950028187
58.23889555822329 0.47136952441094654
58.334933973589436 0.4719540119319128
58.43097238895558 0.4725380725974209
58.52701080432173 0.4731224003676735
58.62304921968788 0.47370724382849005
58.719087635054024 0.47429238159208037
58.81512605042017 0.47487710509723374
58.911164465786314 0.4754605411691128
59.007202881152466 0.4760425669725356
59.10324129651861 0.47662390722393594
59.199279711884756 0.47720521212102723
59.2953181272509 0.4777863604659408
59.391356542617046 0.4783667388095635
59.4873949579832 0.47894612793304775
59.583433373349344 0.4795248418770323
59.67947178871549 0.48010332107323245
59.775510204081634 0.4806818090920791
59.87154861944778 0.4812602744577102
59.96758703481393 0.4818381909394742
60.063625450180076 0.4824145502917562
60.15966386554622 0.48298880790614607
60.25570228091237 0.483561671786963
60.35174069627851 0.48413462616630154
60.44777911164466 0.4847082586155512
60.54381752701081 0.4852819642759726
60.639855942376954 0.48585491917020035
60.7358943577431 0.4864269334337833
60.831932773109244 0.4869982642293963
60.92797118847539 0.48756885250527227
61.02400960384154 0.48813818457767794
61.12004801920769 0.48870589157507555
61.21608643457383 0.4892723013570277
61.31212484993998 0.4898382055997302
61.40816326530612 0.49040391220881796
61.504201680672274 0.49096905299434535
61.60024009603842 0.491533211904934
61.696278511404564 0.4920965325774023
61.79231692677071 0.49265954450281213
61.888355342136855 0.49322237728733387
61.98439375750301 0.4937845879582513
62.08043217286915 0.4943456692487881
62.1764705882353 0.49490556586509693
62.27250900360144 0.4954646235538425
62.36854741896759 0.49602328024041437
62.46458583433373 0.4965819791202456
62.560624249699885 0.49714101428763974
62.65666266506603 0.49770036604498424
62.752701080432175 0.49825974131978173
62.84873949579832 0.4988187873912686
62.944777911164465 0.49937715314671055
63.04081632653062 0.499934545931807
63.13685474189676 0.5004907952563953
63.23289315726291 0.5010458576661956
63.32893157262905 0.5015998243070268
63.4249699879952 0.5021529244887252
63.52100840336135 0.5027055720288234
63.617046818727495 0.5032584198388143
63.71308523409364 0.503812172587333
63.809123649459785 0.504366641043581
63.90516206482593 0.5049204795605645
64.00120048019208 0.5054722241400551
64.09723889555823 0.5060215760417567
64.19327731092437 0.5065692879809078
64.28931572629051 0.5071161521914251
64.38535414165666 0.5076626704199871
64.48139255702282 0.5082091096519388
64.57743097238895 0.508755574667581
64.6734693877551 0.5093020183403943
64.76950780312126 0.5098482710362776
64.8655462184874 0.5103940513138826
64.96158463385353 0.5109389841193993
65.05762304921969 0.5114826255633352
65.15366146458584 0.5120245405630706
65.24969987995199 0.5125647504672496
65.34573829531813 0.5131038879151252
65.44177671068428 0.5136427870704466
65.53781512605042 0.5141818954528273
65.63385354141657 0.5147212567532745
65.72989195678272 0.5152606854451065
65.82593037214886 0.5157998355061367
65.92196878751501 0.5163382653253865
66.01800720288115 0.516875535316244
66.1140456182473 0.5174112880406071
66.21008403361344 0.5179457265889679
66.3061224489796 0.518479796736285
66.40216086434575 0.5190144116573686
66.49819927971188 0.5195492213055718
66.59423769507804 0.5200827628840021
66.69027611044417 0.5206142815285466
66.78631452581033 0.5211444986380531
66.88235294117648 0.5216746666800797
66.97839135654262 0.5222049877925357
67.07442977190877 0.5227346082486617
67.1704681872749 0.5232626918172024
67.26650660264106 0.5237889047440641
67.36254501800721 0.5243133422922562
67.45858343337335 0.524836396052214
67.5546218487395 0.5253586885667613
67.65066026410564 0.5258806630360792
67.74669867947179 0.5264023893197314
67.84273709483794 0.526923724215815
67.93877551020408 0.5274446095298475
68.03481392557023 0.5279650746428309
68.13085234093637 0.5284849863056504
68.22689075630252 0.5290039260533724
68.32292917166868 0.5295215581648335
68.41896758703481 0.5300383473569743
68.51500600240097 0.5305554815693879
68.6110444177671 0.5310734397446594
68.70708283313326 0.5315912406785737
68.80312124849941 0.5321073520130793
68.89915966386555 0.5326215657529618
68.9951980792317 0.5331350468906997
69.09123649459784 0.533648607758565
69.18727490996399 0.5341617510246576
69.28331332533014 0.5346733786694722
69.37935174069628 0.5351833438425057
69.47539015606243 0.5356925337648111
69.57142857142857 0.5362016584215207
69.66746698679472 0.5367105423232704
69.76350540216087 0.537218485592852
69.85954381752701 0.5377251050957675
69.95558223289316 0.5382304184854151
70.0516206482593 0.5387344935897216
70.14765906362545 0.5392372327774774
70.2436974789916 0.5397385423494351
70.33973589435774 0.54023874670095
70.4357743097239 0.540738589537089
70.53181272509003 0.5412385406800868
70.62785114045619 0.5417383475686428
70.72388955582232 0.5422373487134456
70.81992797118848 0.5427352855478644
70.91596638655463 0.543232391639101
71.01200480192077 0.5437289297281829
71.10804321728692 0.5442248763340952
71.20408163265306 0.5447200383069858
71.30012004801921 0.5452143801259395
71.39615846338536 0.5457080559850462
71.4921968787515 0.5462011154983019
71.58823529411765 0.546693293013702
71.68427370948379 0.5471841175433824
71.78031212484994 0.5476732353438631
71.8763505402161 0.5481604691141663
71.97238895558223 0.5486458593378628
72.06842737094838 0.5491296952200866
72.16446578631452 0.5496123819142438
72.26050420168067 0.5500940428259978
72.35654261704683 0.5505744651030989
72.45258103241297 0.5510533953184179
72.54861944777912 0.5515307734205478
72.64465786314526 0.5520066937283244
72.74069627851141 0.5524812623730107
72.83673469387756 0.5529545727813064
72.9327731092437 0.5534267649699083
73.02881152460985 0.5538980748064788
73.12484993997599 0.5543687647233705
73.22088835534214 0.5548388880147845
73.31692677070829 0.5553082496000288
73.41296518607443 0.5557765798061242
73.50900360144058 0.5562436861348822
73.60504201680672 0.5567094296671101
73.70108043217287 0.5571736241229666
73.79711884753902 0.5576360262605803
73.89315726290516 0.5580965850155469
73.98919567827132 0.5585556699848501
74.08523409363745 0.5590138950189462
74.1812725090036 0.5594714302783146
74.27731092436976 0.559927869648564
74.3733493397359 0.5603828152745429
74.46938775510205 0.5608364407000479
74.56542617046819 0.5612893088623029
74.66146458583434 0.5617415658802835
74.75750300120049 0.562192767339784
74.85354141656663 0.5626424543582623
74.94957983193278 0.5630907364918343
75.04561824729892 0.5635381808150257
75.14165666266507 0.5639852433054519
75.23769507803121 0.5644321208507949
75.33373349339736 0.5648787549443895
75.42977190876351 0.5653248355851205
75.52581032412965 0.5657698852828604
75.6218487394958 0.5662136280885
75.71788715486194 0.5666560832662599
75.8139255702281 0.5670973416802217
75.90996398559425 0.5675373161776689
76.00600240096038 0.5679757832197795
76.10204081632654 0.5684126380455369
76.19807923169267 0.5688479645710988
76.29411764705883 0.5692818972309196
76.39015606242498 0.5697144589712188
76.48619447779112 0.5701456120347829
76.58223289315727 0.5705755545235912
76.6782713085234 0.5710047985972484
76.77430972388956 0.5714337182385277
76.87034813925571 0.5718619920378375
76.96638655462185 0.5722887225906134
77.062424969988 0.5727132376933796
77.15846338535414 0.5731353483319515
77.25450180072029 0.5735552301852209
77.35054021608644 0.573973270263201
77.44657863145258 0.5743899929828075
77.54261704681873 0.5748057080073353
77.63865546218487 0.575220394345895
77.73469387755102 0.5756339263740796
77.83073229291718 0.5760463813514966
77.92677070828331 0.5764580118462594
78.02280912364947 0.5768689555408937
78.1188475390156 0.5772791330875503
78.21488595438176 0.5776884121036389
78.31092436974791 0.5780968418032828
78.40696278511405 0.5785046217756278
78.5030012004802 0.5789117962152279
78.59903961584634 0.5793181385787406
78.69507803121249 0.5797232614942405
78.79111644657864 0.5801267821631714
78.88715486194478 0.5805283686264738
78.98319327731093 0.5809279555922862
79.07923169267707 0.5813258285801618
79.17527010804322 0.5817224283871352
79.27130852340936 0.5821180418394032
79.36734693877551 0.5825127798105061
79.46338535414166 0.5829066132116631
79.5594237695078 0.5832993898480716
79.65546218487395 0.5836909304792103
79.75150060024009 0.5840811883698742
79.84753901560624 0.584470254023659
79.9435774309724 0.5848582795079511
80.03961584633853 0.5852454431310468
80.13565426170469 0.585631852588329
80.23169267707082 0.586017375751073
80.32773109243698 0.5864016692155666
80.42376950780313 0.586784537177703
80.51980792316927 0.5871661004475967
80.61584633853542 0.5875466559593221
80.71188475390156 0.5879264165163984
80.80792316926771 0.5883054894136437
80.90396158463386 0.5886839313467269
81.0 0.5890617756589486
81.09603841536615 0.5894389966765364
81.19207683073229 0.5898154400740392
81.28811524609844 0.5901908501513005
81.3841536614646 0.5905651847248722
81.48019207683073 0.590938779103628
81.57623049219688 0.5913120740461479
81.67226890756302 0.5916850575576963
81.76830732292918 0.5920572447526093
81.86434573829533 0.5924281306223481
81.96038415366147 0.5927974412866958
82.05642256902762 0.5931651234006349
82.15246098439376 0.5935313160475542
82.24849939975991 0.5938963308396724
82.34453781512606 0.5942604889296209
82.4405762304922 0.5946240255545694
82.53661464585835 0.5949870313517428
82.63265306122449 0.5953493216630334
82.72869147659064 0.5957104657871712
82.82472989195679 0.5960702984097485
82.92076830732293 0.5964292324076461
83.01680672268908 0.5967878919915184
83.11284513805522 0.5971462250605228
83.20888355342137 0.5975034515419327
83.30492196878753 0.5978589656476894
83.40096038415366 0.5982129179389509
83.49699879951982 0.5985658816303228
83.59303721488595 0.5989179872408298
83.6890756302521 0.5992688286921737
83.78511404561824 0.5996179617392328
83.8811524609844 0.5999652426121281
83.97719087635055 0.6003108194105117
84.07322929171669 0.600655092825156
84.16926770708284 0.6009986797013191
84.26530612244898 0.6013420154975672
84.36134453781513 0.6016850706197467
84.45738295318128 0.6020274707850101
84.55342136854742 0.6023688515932284
84.64945978391357 0.6027089232882847
84.74549819927971 0.6030475126126773
84.84153661464586 0.6033845941229382
84.93757503001201 0.6037202344580594
85.03361344537815 0.6040544248596463
85.1296518607443 0.6043870710708523
85.22569027611044 0.604718316410212
85.3217286914766 0.6050487963401419
85.41776710684275 0.6053793141730698
85.51380552220888 0.6057098018088601
85.60984393757504 0.6060391801579632
85.70588235294117 0.6063664112814252
85.80192076830733 0.6066913701524216
85.89795918367348 0.6070146365105222
85.99399759903962 0.6073367193438971
86.09003601440577 0.607657905472484
86.1860744297719 0.6079784270043399
86.28211284513806 0.6082986071076508
86.37815126050421 0.6086187473159979
86.47418967587035 0.6089387146288758
86.5702280912365 0.6092578753336041
86.66626650660264 0.6095755640584075
86.76230492196879 0.6098915126607773
86.85834333733494 0.6102058285570611
86.95438175270108 0.6105188573272883
87.05042016806723 0.6108311335984649
87.14645858343337 0.6111430182447765
87.24249699879952 0.6114543499627028
87.33853541416568 0.6117645758504313
87.43457382953181 0.6120733178605227
87.53061224489797 0.612380507188909
87.6266506602641 0.6126862791524532
87.72268907563026 0.6129908671496994
87.81872749099641 0.613294543581802
87.91476590636255 0.6135973939853274
88.0108043217287 0.6138992657837672
88.10684273709484 0.6141999528549926
88.20288115246099 0.6144993910838931
88.29891956782713 0.6147976459591167
88.39495798319328 0.6150948172537436
88.49099639855943 0.6153910126389799
88.58703481392557 0.6156863439262243
88.68307322929172 0.6159809228865648
88.77911164465786 0.6162748285912315
88.87515006002401 0.616567956141165
88.97118847539016 0.6168599791926039
89.0672268907563 0.6171505453299533
89.16326530612245 0.6174395044731468
89.25930372148859 0.6177269063153037
89.35534213685474 0.6180129250762555
89.4513805522209 0.6182978335980778
89.54741896758703 0.6185819134784687
89.64345738295319 0.6188653447072539
89.73949579831933 0.619148185157895
89.83553421368548 0.619430298061475
89.93157262905163 0.6197113349260309
90.02761104441777 0.619990975965995
90.12364945978392 0.6202692404041356
90.21968787515006 0.6205464277895305
90.31572629051621 0.6208226821481321
90.41176470588236 0.6210978482575654
90.5078031212485 0.6213717215159203
90.60384153661465 0.62164438694557
90.69987995198079 0.6219161836121925
90.79591836734694 0.6221873566460701
90.8919567827131 0.6224579315721764
90.98799519807923 0.6227277370293043
91.08403361344538 0.622996437245469
91.18007202881152 0.6232636003743256
91.27611044417768 0.6235291063256324
91.37214885954383 0.6237932974100289
91.46818727490997 0.6240566910443475
91.56422569027612 0.6243195489409796
91.66026410564226 0.6245818636515243
91.75630252100841 0.624843500878949
91.85234093637456 0.625104259153404
91.9483793517407 0.6253639965246203
92.04441776710685 0.6256228299982924
92.14045618247299 0.6258810894444506
92.23649459783914 0.6261388748929138
92.33253301320529 0.6263958715650751
92.42857142857143 0.6266516080449794
92.52460984393758 0.6269058851367822
92.62064825930372 0.6271587835623843
92.71668667466987 0.6274104241074435
92.81272509003601 0.6276608608780074
92.90876350540216 0.627910177092547
93.00480192076832 0.6281586530727009
93.10084033613445 0.6284067179853412
93.1968787515006 0.628654437575058
93.29291716686674 0.6289012763140094
93.3889555822329 0.6291465486943368
93.48499399759905 0.6293902499436312
93.58103241296519 0.6296330389938904
93.67707082833134 0.6298753553028877
93.77310924369748 0.6301169812026632
93.86914765906363 0.6303573992922664
93.96518607442978 0.6305964888347786
94.06122448979592 0.6308345542231457
94.15726290516207 0.6310718729902082
94.25330132052821 0.6313084586626102
94.34933973589436 0.631544122025645
94.44537815126051 0.6317785997510096
94.54141656662665 0.6320115872710268
94.6374549819928 0.6322429020521246
94.73349339735894 0.632472574021666
94.8295318127251 0.6327008777695803
94.92557022809125 0.632928400064549
95.02160864345738 0.6331559736151908
95.11764705882354 0.6333839187936698
95.21368547418967 0.6336116046748694
95.30972388955583 0.6338379518432244
95.40576230492198 0.6340625804159455
95.50180072028812 0.634285900177068
95.59783913565427 0.6345083864817886
95.6938775510204 0.6347301369341061
95.78991596638656 0.6349509679669924
95.88595438175271 0.6351706597190793
95.98199279711885 0.6353890126950913
96.078031212485 0.635606090738765
96.17406962785114 0.6358223768165719
96.27010804321729 0.6360385372427185
96.36614645858344 0.6362548226374644
96.46218487394958 0.6364710068447627
96.55822328931573 0.636686773943583
96.65426170468187 0.6369019803923489
96.75030012004802 0.6371166024078898
96.84633853541418 0.6373305833779741
96.94237695078031 0.6375438135403999
97.03841536614647 0.6377561925470449
97.1344537815126 0.6379676739840385
97.23049219687876 0.6381782409047728
97.3265306122449 0.638387834648602
97.42256902761105 0.6385963479909306
97.5186074429772 0.6388037038887943
97.61464585834334 0.6390099144108502
97.71068427370949 0.6392150885324276
97.80672268907563 0.6394194513282794
97.90276110444178 0.6396233334117125
97.99879951980793 0.6398269548926355
98.09483793517407 0.6400302555230318
98.19087635054022 0.6402329328709231
98.28691476590636 0.6404345752867062
98.38295318127251 0.6406347077414706
98.47899159663866 0.6408331222716885
98.5750300120048 0.641030150911117
98.67106842737095 0.6412264828264168
98.76710684273709 0.6414225334689515
98.86314525810324 0.6416183260493344
98.9591836734694 0.6418136983940484
99.05522208883554 0.6420084825568254
99.15126050420169 0.6422025199639849
99.24729891956783 0.6423956934992916
99.34333733493398 0.6425879355365911
99.43937575030013 0.6427792490202148
99.53541416566627 0.6429697266757792
99.63145258103242 0.6431595125357644
99.72749099639856 0.6433486571300345
99.82352941176471 0.6435370884533274
99.91956782713086 0.6437247049540137
100.015606242497 0.6439114645998734
100.11164465786315 0.644097380442782
100.20768307322929 0.6442824894529215
100.30372148859544 0.6444668433478922
100.3997599039616 0.6446504733541432
100.49579831932773 0.6448333547561177
100.59183673469389 0.645015437582739
100.68787515006002 0.6451967801386065
100.78391356542618 0.6453775759870397
100.87995198079233 0.6455579631096249
100.97599039615847 0.6457378222443678
101.07202881152462 0.6459168572470173
101.16806722689076 0.6460949890537331
101.26410564225691 0.6462724528350587
101.36014405762306 0.6464495018320838
101.4561824729892 0.6466260786385898
101.55222088835535 0.6468018955483067
101.64825930372149 0.6469768858125029
101.74429771908764 0.6471513228307286
101.84033613445378 0.6473254681606299
101.93637454981993 0.6474991611030709
102.03241296518608 0.6476719111668907
102.12845138055222 0.6478434644265879
102.22448979591837 0.6480139682347822
102.32052821128451 0.6481836747419277
102.41656662665066 0.6483525777293481
102.51260504201682 0.6485204629983107
102.60864345738295 0.6486872847482361
102.7046818727491 0.6488532803272443
102.80072028811524 0.6490187013272891
102.8967587034814 0.6491834674360538
102.99279711884755 0.6493471952937386
103.08883553421369 0.6495094812722951
103.18487394957984 0.6496700023804247
103.28091236494598 0.6498286894677064
103.37695078031213 0.6499859615092447
103.47298919567828 0.6501426038634533
103.56902761104442 0.6502989631936871
103.66506602641057 0.6504546677656944
103.76110444177671 0.6506091601700004
103.85714285714286 0.6507624550087892
103.95318127250901 0.6509150858158159
104.04921968787515 0.6510674224858731
104.1452581032413 0.6512194145746513
104.24129651860744 0.6513707995821865
104.3373349339736 0.651521414808451
104.43337334933975 0.6516712031003395
104.52941176470588 0.6518200836606594
104.62545018007204 0.6519679014953014
104.72148859543817 0.6521145207698408
104.81752701080433 0.6522599717530005
104.91356542617048 0.6524044492167641
105.00960384153662 0.6525482129204333
105.10564225690277 0.6526915438035739
105.2016806722689 0.6528346401904983
105.29771908763506 0.6529774464069251
105.39375750300121 0.6531196759026965
105.48979591836735 0.6532610990743459
105.5858343337335 0.6534016711065509
105.68187274909964 0.6535414370900967
105.77791116446579 0.6536803660710894
105.87394957983194 0.6538183647388799
105.96998799519808 0.6539555152152673
106.06602641056423 0.6540921849618699
106.16206482593037 0.654228800189727
106.25810324129652 0.654365430010529
106.35414165666266 0.6545017999149617
106.45018007202881 0.6546377727654146
106.54621848739497 0.6547735854172643
106.6422569027611 0.6549095318364087
106.73829531812726 0.655045349202981
106.8343337334934 0.655180239828983
106.93037214885955 0.6553136831768993
107.0264105642257 0.655445859196444
107.12244897959184 0.6555773476287983
107.21848739495799 0.6557085107705741
107.31452581032413 0.6558394271536792
107.41056422569028 0.655969969545496
107.50660264105643 0.6560998487633252
107.60264105642257 0.6562287242437669
107.69867947178872 0.6563564394091563
107.79471788715486 0.6564830431695229
107.89075630252101 0.6566087027373172
107.98679471788716 0.6567336524860287
108.0828331332533 0.6568580973947044
108.17887154861945 0.6569819967696869
108.27490996398559 0.6571050645196356
108.37094837935174 0.6572270895789597
108.4669867947179 0.6573481311669057
108.56302521008404 0.6574683858638571
108.65906362545019 0.6575878652639312
108.75510204081633 0.6577063795495983
108.85114045618248 0.6578238875933434
108.94717887154863 0.6579407212539806
109.04321728691477 0.6580573588130687
109.13925570228092 0.6581738478355653
109.23529411764706 0.6582897596897864
109.33133253301321 0.6584047237759235
109.42737094837936 0.6585187881913459
109.5234093637455 0.6586322852131093
109.61944777911165 0.6587454579352344
109.71548619447779 0.6588584027872955
109.81152460984394 0.6589711160391845
109.9075630252101 0.6590835268871956
110.00360144057623 0.659195506393193
110.09963985594239 0.6593068903288887
110.19567827130852 0.659417494302389
110.29171668667468 0.6595272731104146
110.38775510204083 0.6596364395213108
110.48379351740697 0.6597453212769403
110.57983193277312 0.6598539307921891
110.67587034813926 0.6599619148098299
110.77190876350541 0.6600689914491753
110.86794717887155 0.6601752929228019
110.9639855942377 0.6602811916240058
111.06002400960385 0.6603867294536178
111.15606242496999 0.660491534172742
111.25210084033614 0.660595268759514
111.34813925570228 0.6606980017012646
111.44417767106843 0.660800080833191
111.54021608643458 0.6609016815340643
111.63625450180072 0.6610027232199196
111.73229291716687 0.6611030376118181
111.82833133253301 0.6612025144360029
111.92436974789916 0.6613010970034024
112.02040816326532 0.6613987501364895
112.11644657863145 0.6614954540768734
112.2124849939976 0.6615912225207651
112.30852340936374 0.6616861190165367
112.4045618247299 0.6617802340452367
112.50060024009605 0.6618735983266489
112.59663865546219 0.6619661661858437
112.69267707082834 0.6620578856716083
112.78871548619448 0.662148765538961
112.88475390156063 0.6622388665213875
112.98079231692678 0.6623282569780254
113.07683073229292 0.6624169996754004
113.17286914765907 0.6625050964325119
113.26890756302521 0.6625924325786026
113.36494597839136 0.6626788160686525
113.46098439375751 0.6627641488272075
113.55702280912365 0.6628484685332103
113.6530612244898 0.6629318885715934
113.74909963985594 0.6630145347550183
113.8451380552221 0.6630965347563174
113.94117647058825 0.663177985145266
114.03721488595438 0.6632589438509583
114.13325330132054 0.6633394702538699
114.22929171668667 0.663419669568376
114.32533013205283 0.6634996516426265
114.42136854741898 0.6635793296666928
114.51740696278512 0.6636583719913648
114.61344537815127 0.6637365037751213
114.7094837935174 0.663813857778028
114.80552220888356 0.6638908909585995
114.90156062424971 0.663967880882339
114.99759903961585 0.6640447764656597
115.093637454982 0.6641213509451368
115.18967587034814 0.6641973887418945
115.28571428571429 0.664272707686103
115.38175270108043 0.664347215380092
115.47779111644658 0.6644209256231859
115.57382953181273 0.6644938938132843
115.66986794717887 0.6645661340361407
115.76590636254502 0.6646376246300724
115.86194477791116 0.6647083684809819
115.95798319327731 0.6647784115593921
116.05402160864347 0.6648477567318609
116.1500600240096 0.6649162474609291
116.24609843937576 0.6649836220284336
116.3421368547419 0.6650498762869868
116.43817527010805 0.6651153871973061
116.5342136854742 0.6651805747202364
116.63025210084034 0.6652454222642876
116.72629051620649 0.6653095273288006
116.82232893157263 0.66537263636897
116.91836734693878 0.6654348447411944
117.01440576230493 0.66549640152176
117.11044417767107 0.6655574181271466
117.20648259303722 0.6656178726271291
117.30252100840336 0.6656777926452763
117.39855942376951 0.6657373267254556
117.49459783913566 0.6657966144006592
117.5906362545018 0.6658555822527591
117.68667466986795 0.6659139743776806
117.78271308523409 0.6659716862889419
117.87875150060025 0.6660289028961788
117.9747899159664 0.6660858516533379
118.07082833133254 0.6661423948643781
118.16686674669869 0.66619806433997
118.26290516206483 0.6662525953445243
118.35894357743098 0.666306162243833
118.45498199279713 0.6663591395145939
118.55102040816327 0.6664116855535395
118.64705882352942 0.6664637256753679
118.74309723889556 0.6665151427334111
118.83913565426171 0.6665658670211263
118.93517406962786 0.6666158827315536
119.031212484994 0.666665238841063
119.12725090036015 0.6667140471388205
119.22328931572629 0.6667624567017608
119.31932773109244 0.6668106406862484
119.4153661464586 0.6668587361665583
119.51140456182473 0.6669067286635253
119.60744297719089 0.6669544524990058
119.70348139255702 0.6670017088615868
119.79951980792318 0.66704832773434
119.89555822328931 0.6670941949043964
119.99159663865547 0.6671393056058706
120.08763505402162 0.6671837578197721
120.18367346938776 0.667227628638094
120.27971188475391 0.6672709064539055
120.37575030012005 0.667313528652346
120.4717887154862 0.6673554634171239
120.56782713085235 0.6673967251534276
120.66386554621849 0.6674374244401473
120.75990396158464 0.6674777963970641
120.85594237695078 0.6675180883731706
120.95198079231693 0.6675583067414448
121.04801920768308 0.6675982104715602
121.14405762304922 0.6676376119311772
121.24009603841537 0.6676765597185794
121.33613445378151 0.6677152196024664
121.43217286914766 0.6677535863505009
121.52821128451382 0.667791468217521
121.62424969987995 0.6678287878780955
121.7202881152461 0.6678657747987881
121.81632653061224 0.6679028043472823
121.9123649459784 0.6679399878679646
122.00840336134455 0.6679771353119965
122.10444177671069 0.6680140692799285
122.20048019207684 0.6680508363955454
122.29651860744298 0.6680875851244144
122.39255702280913 0.6681242330780552
122.48859543817528 0.6681604323867008
122.58463385354142 0.6681958270390115
122.68067226890757 0.6682302351638436
122.77671068427371 0.6682636441990174
122.87274909963986 0.6682961870180777
122.96878751500601 0.6683281204221982
123.06482593037215 0.6683595792526299
123.1608643457383 0.6683903934784466
123.25690276110444 0.6684202189551637
123.3529411764706 0.6684489347842589
123.44897959183675 0.668476701799382
123.54501800720288 0.6685037466367423
123.64105642256904 0.6685301927937524
123.73709483793517 0.6685560650952452
123.83313325330133 0.6685813173859038
123.92917166866746 0.6686058433158235
124.02521008403362 0.6686295650271065
124.12124849939977 0.6686525060404239
124.21728691476591 0.6686747760159394
124.31332533013206 0.6686965137427335
124.4093637454982 0.6687178708920734
124.50540216086435 0.6687389309975202
124.6014405762305 0.6687596395093418
124.69747899159664 0.6687798433954101
124.79351740696279 0.668799436598858
124.88955582232893 0.668818390238457
124.98559423769508 0.6688367261189537
125.08163265306123 0.6688544926974727
125.17767106842737 0.6688717506946026
125.27370948379352 0.6688885234036711
125.36974789915966 0.668904787281024
125.46578631452581 0.6689205138927695
125.56182472989197 0.6689357098800982
125.6578631452581 0.6689504068684756
125.75390156062426 0.6689646160653696
125.8499399759904 0.6689783176706342
125.94597839135655 0.6689914710104499
126.0420168067227 0.6690040246785319
126.13805522208884 0.6690159197071728
126.23409363745499 0.6690271007791423
126.33013205282113 0.6690375211503693
126.42617046818728 0.6690471941749916
126.52220888355343 0.6690562474683862
126.61824729891957 0.6690648806892421
126.71428571428572 0.6690731705677557
126.81032412965186 0.6690810206438035
126.90636254501801 0.6690882373310586
127.00240096038416 0.6690946138863659
127.0984393757503 0.6690999570160961
127.19447779111646 0.6691041896194355
127.2905162064826 0.6691073799314766
127.38655462184875 0.6691097303611923
127.4825930372149 0.6691115645692577
127.57863145258104 0.6691132653960015
127.67466986794719 0.6691149755995193
127.77070828331333 0.6691165141853049
127.86674669867948 0.6691176246798858
127.96278511404563 0.6691182776352855
128.05882352941177 0.6691186125572125
128.1548619447779 0.6691185436228069
128.25090036014404 0.6691176412468327
128.3469387755102 0.6691154489993943
128.44297719087635 0.6691118893775937
128.53901560624251 0.6691072357654811
128.63505402160865 0.6691018151882714
128.7310924369748 0.6690959054729827
128.82713085234093 0.6690896670418116
128.92316926770707 0.6690830512260642
129.01920768307323 0.6690758499863079
129.11524609843937 0.6690680209522968
129.21128451380554 0.6690597986346466
129.30732292917168 0.6690514308447704
129.4033613445378 0.6690428058180674
129.49939975990398 0.6690335050271831
129.59543817527012 0.66902329991734
129.69147659063626 0.6690123362399079
129.7875150060024 0.6690009118794618
129.88355342136856 0.6689891461799169
129.9795918367347 0.668976974879508
130.07563025210084 0.6689642913524815
130.171668667467 0.6689510038341097
130.26770708283314 0.6689370725694737
130.36374549819928 0.6689225676674883
130.45978391356545 0.668907650112889
130.55582232893158 0.6688924060955986
130.65186074429772 0.6688767782755464
130.74789915966386 0.6688606539759783
130.84393757503003 0.6688440105242133
130.93997599039616 0.6688269136566869
131.0360144057623 0.6688094068820425
131.13205282112847 0.6687914626961224
131.2280912364946 0.668773024894163
131.32412965186074 0.6687540821157306
131.42016806722688 0.6687346652675398
131.51620648259305 0.6687147705455889
131.6122448979592 0.668694323876915
131.70828331332532 0.6686732376224931
131.8043217286915 0.6686515141501025
131.90036014405763 0.6686292415807826
131.99639855942377 0.6686064677709056
132.09243697478993 0.6685831387370581
132.18847539015607 0.6685591883384274
132.2845138055222 0.668534710964743
132.38055222088835 0.6685099508115185
132.4765906362545 0.6684850354916809
132.57262905162065 0.6684598382079058
132.6686674669868 0.6684341135500211
132.76470588235296 0.6684077738370261
132.8607442977191 0.6683809069621999
132.95678271308523 0.6683536323221058
133.0528211284514 0.6683260217097501
133.14885954381754 0.66829809422535
133.24489795918367 0.6682698071294041
133.3409363745498 0.6682410587892352
133.43697478991598 0.668211729567265
133.53301320528212 0.6681817056157755
133.62905162064826 0.6681509163244138
133.72509003601442 0.668119417656494
133.82112845138056 0.6680873886716583
133.9171668667467 0.6680549734976023
134.01320528211286 0.6680221854768768
134.109243697479 0.6679889500090781
134.20528211284514 0.6679552088759082
134.30132052821128 0.6679209373228046
134.39735894357744 0.6678861673473522
134.49339735894358 0.6678510024495364
134.58943577430972 0.6678155760105312
134.6854741896759 0.6677799469746482
134.78151260504202 0.6677440878779259
134.87755102040816 0.667707933560092
134.97358943577433 0.6676714139345539
135.06962785114047 0.6676344661659213
135.1656662665066 0.6675970651193327
135.26170468187274 0.6675592304790353
135.3577430972389 0.6675210558135621
135.45378151260505 0.6674827289767506
135.54981992797119 0.6674444493743683
135.64585834333735 0.6674061969378347
135.7418967587035 0.6673677111086702
135.83793517406963 0.6673287551221931
135.93397358943577 0.6672893121622541
136.03001200480193 0.6672495133958449
136.12605042016807 0.6672094133960755
136.2220888355342 0.6671689505268715
136.31812725090037 0.6671279670340603
136.4141656662665 0.6670862247922251
136.51020408163265 0.6670435089737533
136.60624249699882 0.6669999483117798
136.70228091236496 0.6669560500165133
136.7983193277311 0.6669122587086479
136.89435774309723 0.6668685949013423
136.9903961584634 0.6668247846620602
137.08643457382954 0.6667807191136277
137.18247298919567 0.6667365310683581
137.27851140456184 0.6666922866533437
137.37454981992798 0.6666477197684145
137.47058823529412 0.6666023884130678
137.56662665066028 0.6665562464530497
137.66266506602642 0.6665097414879395
137.75870348139256 0.6664633176444943
137.8547418967587 0.6664169657949061
137.95078031212486 0.6663703445294317
138.046818727491 0.6663232825858939
138.14285714285714 0.6662758852094655
138.2388955582233 0.6662283514014735
138.33493397358944 0.6661808002644375
138.43097238895558 0.6661332728977056
138.52701080432175 0.6660857662683841
138.62304921968789 0.6660382422703681
138.71908763505402 0.6659906463750114
138.81512605042016 0.6659429262453348
138.91116446578633 0.6658950464850864
139.00720288115247 0.6658470459340026
139.1032412965186 0.6657990470072329
139.19927971188477 0.6657511222061944
139.2953181272509 0.6657031541790398
139.39135654261705 0.6656549064493508
139.4873949579832 0.665606359152387
139.58343337334935 0.665557787522876
139.6794717887155 0.6655094162381396
139.77551020408163 0.6654610388019575
139.8715486194478 0.6654121248441199
139.96758703481393 0.6653624025461219
140.06362545018007 0.6653120164174894
140.15966386554624 0.6652612430009608
140.25570228091237 0.665210162042924
140.3517406962785 0.6651586825832139
140.44777911164465 0.6651067586946184
140.54381752701082 0.6650544539767169
140.63985594237695 0.6650019075012722
140.7358943577431 0.6649492924293905
140.83193277310926 0.6648967832097479
140.9279711884754 0.6648443994478672
141.02400960384153 0.6647919593699236
141.1200480192077 0.6647392112457374
141.21608643457384 0.664686001185451
141.31212484993998 0.6646322744496133
141.40816326530611 0.6645780232947597
141.50420168067228 0.664523268028963
141.60024009603842 0.6644680060012812
141.69627851140456 0.6644121431799341
141.79231692677072 0.6643555330841383
141.88835534213686 0.6642982294053056
141.984393757503 0.664240571858537
142.08043217286917 0.6641829694159838
142.1764705882353 0.664125594530337
142.27250900360144 0.6640683709876154
142.36854741896758 0.6640110397970885
142.46458583433375 0.6639531894118308
142.56062424969988 0.6638945326176509
142.65666266506602 0.6638353169309386
142.7527010804322 0.6637762358828421
142.84873949579833 0.6637176386509848
142.94477791116446 0.6636592208789887
143.04081632653063 0.6636004141693875
143.13685474189677 0.6635409942800747
143.2328931572629 0.6634810859329203
143.32893157262905 0.6634208338207096
143.4249699879952 0.6633602642945756
143.52100840336135 0.6632993099312049
143.6170468187275 0.6632378505491889
143.71308523409365 0.6631757289864026
143.8091236494598 0.6631128385438738
143.90516206482593 0.6630491616393743
144.0012004801921 0.6629847549616112
144.09723889555823 0.6629197236117743
144.19327731092437 0.6628542084251531
144.2893157262905 0.6627883074824392
144.38535414165668 0.6627220395785465
144.48139255702282 0.6626553647556872
144.57743097238895 0.6625882219085337
144.67346938775512 0.6625205355253017
144.76950780312126 0.6624522384629513
144.8655462184874 0.6623832834064901
144.96158463385353 0.6623136684216123
145.0576230492197 0.6622434856619859
145.15366146458584 0.662172919912221
145.24969987995198 0.6621021879614271
145.34573829531814 0.6620315064248866
145.44177671068428 0.6619610012530817
145.53781512605042 0.6618905261064447
145.63385354141658 0.6618196855326186
145.72989195678272 0.661748255476384
145.82593037214886 0.6616764119652441
145.921968787515 0.6616045001539811
146.01800720288117 0.6615325398732599
146.1140456182473 0.6614601986815505
146.21008403361344 0.6613871516238845
146.3061224489796 0.6613132881871296
146.40216086434575 0.6612386631326858
146.49819927971188 0.6611633812323269
146.59423769507805 0.6610875814112844
146.6902761104442 0.6610114346442105
146.78631452581033 0.6609351425475775
146.88235294117646 0.6608589036851741
146.97839135654263 0.6607828342180304
147.07442977190877 0.6607069527124864
147.1704681872749 0.6606311363565572
147.26650660264107 0.6605550934687174
147.3625450180072 0.6604784988839935
147.45858343337335 0.6604013315357492
147.55462184873952 0.6603238945197494
147.65066026410565 0.6602464312709744
147.7466986794718 0.6601688686146719
147.84273709483793 0.6600909390784645
147.9387755102041 0.660012513929987
148.03481392557023 0.6599336448218661
148.13085234093637 0.6598544030696634
148.22689075630254 0.6597747665017286
148.32292917166868 0.6596946771403898
148.4189675870348 0.6596142074726317
148.51500600240098 0.6595335767528783
148.61104441776712 0.6594529790179394
148.70708283313326 0.6593724557703826
148.8031212484994 0.6592919167285324
148.89915966386556 0.6592112091080549
148.9951980792317 0.6591301400242358
149.09123649459784 0.6590486250735019
149.187274909964 0.6589668038658951
149.28331332533014 0.6588849344415015
149.37935174069628 0.6588030576143339
149.47539015606242 0.6587209518076502
149.57142857142858 0.658638451282844
149.66746698679472 0.6585557062476329
149.76350540216086 0.6584730494101529
149.85954381752703 0.6583905351785124
149.95558223289316 0.658307863481489
150.0516206482593 0.6582246932826837
150.14765906362547 0.6581409118339265
150.2436974789916 0.658056597897253
150.33973589435774 0.6579718647024204
150.43577430972388 0.6578868230972436
150.53181272509005 0.6578015252373255
150.6278511404562 0.6577159137915829
150.72388955582232 0.6576298631374938
150.8199279711885 0.6575433365045653
150.91596638655463 0.6574564180541581
151.01200480192077 0.6573692338730303
151.10804321728693 0.6572818771052295
151.20408163265307 0.6571943978816123
151.3001200480192 0.6571067756916926
151.39615846338535 0.6570189162500755
151.4921968787515 0.6569307315488675
151.58823529411765 0.656842219534633
151.6842737094838 0.6567534593532532
151.78031212484996 0.6566645779992513
151.8763505402161 0.6565757381882796
151.97238895558223 0.656487049186308
152.0684273709484 0.6563984735864421
152.16446578631454 0.6563098299570792
152.26050420168067 0.6562208229652077
152.3565426170468 0.6561310629097541
152.45258103241298 0.6560403761894614
152.54861944777912 0.6559491462402719
152.64465786314526 0.6558581425093012
152.74069627851142 0.6557676575613993
152.83673469387756 0.6556772778078778
152.9327731092437 0.6555864137054472
153.02881152460984 0.6554949113264104
153.124849939976 0.6554029951529234
153.22088835534214 0.6553108267719946
153.31692677070828 0.6552183762551392
153.41296518607444 0.6551255887032267
153.50900360144058 0.6550325860890327
153.60504201680672 0.6549396199935603
153.7010804321729 0.6548467669340066
153.79711884753902 0.6547538366040382
153.89315726290516 0.6546605835308088
153.9891956782713 0.6545669765867337
154.08523409363747 0.654473167102569
154.1812725090036 0.6543792208901731
154.27731092436974 0.6542850311696218
154.3733493397359 0.6541904661672414
154.46938775510205 0.6540955666647869
154.56542617046819 0.6540005138373379
154.66146458583435 0.6539053648399803
154.7575030012005 0.6538099617152467
154.85354141656663 0.6537140880488287
154.94957983193277 0.6536176893825411
155.04561824729893 0.6535208553670754
155.14165666266507 0.6534236101239721
155.2376950780312 0.6533258350307086
155.33373349339738 0.6532273675855945
155.4297719087635 0.6531281477347538
155.52581032412965 0.6530282188963322
155.62184873949582 0.6529276585586405
155.71788715486196 0.6528265508958564
155.8139255702281 0.6527250032484798
155.90996398559423 0.6526231718566702
156.0060024009604 0.6525212397071741
156.10204081632654 0.6524192491429686
156.19807923169267 0.652317033315417
156.29411764705884 0.6522143362585386
156.39015606242498 0.6521110095044009
156.48619447779112 0.6520070326591367
156.58223289315728 0.6519025314565883
156.67827130852342 0.6517977839112641
156.77430972388956 0.65169307572958
156.8703481392557 0.6515884516255942
156.96638655462186 0.6514837162984793
157.062424969988 0.6513786313211025
157.15846338535414 0.6512730075118248
157.2545018007203 0.6511667434471449
157.35054021608644 0.6510598942648139
157.44657863145258 0.650952658988987
157.54261704681872 0.6508452169567033
157.6386554621849 0.6507376472157894
157.73469387755102 0.6506299147030935
157.83073229291716 0.6505218449089308
157.92677070828333 0.6504131533259637
158.02280912364947 0.6503037282873709
158.1188475390156 0.6501937760655121
158.21488595438177 0.6500836268233621
158.3109243697479 0.6499733429018842
158.40696278511405 0.6498627078464488
158.50300120048018 0.649751560274977
158.59903961584635 0.6496399754899823
158.6950780312125 0.6495281759225608
158.79111644657863 0.649416338061956
158.8871548619448 0.6493045614351692
158.98319327731093 0.6491928036901348
159.07923169267707 0.6490808439777634
159.17527010804324 0.6489684129511308
159.27130852340937 0.6488554833166845
159.3673469387755 0.6487422816281059
159.46338535414165 0.6486289970647732
159.55942376950782 0.648515605810037
159.65546218487395 0.6484019558494858
159.7515006002401 0.6482879717784514
159.84753901560626 0.6481736842890955
159.9435774309724 0.6480592318659334
160.03961584633853 0.6479448615273418
160.1356542617047 0.6478308177003649
160.23169267707084 0.6477170668219678
160.32773109243698 0.6476032806422236
160.42376950780312 0.6474891424033168
160.51980792316928 0.6473745513146364
160.61584633853542 0.6472595667883778
160.71188475390156 0.647144252993186
160.80792316926772 0.6470286554682558
160.90396158463386 0.6469128235851374
161.0 0.6467968262896928
161.09603841536617 0.6466807261735411
161.1920768307323 0.6465645069724655
161.28811524609844 0.6464480683160874
161.38415366146458 0.6463313258838619
161.48019207683075 0.6462142853276057
161.57623049219688 0.6460970183297692
161.67226890756302 0.6459795878184876
161.7683073229292 0.6458620339900254
161.86434573829533 0.6457443679083228
161.96038415366147 0.6456265665335564
162.0564225690276 0.6455085530771415
162.15246098439377 0.6453901367842465
162.2484993997599 0.645271016629058
162.34453781512605 0.6451510298713375
162.4405762304922 0.645030354627322
162.53661464585835 0.6449093945291361
162.6326530612245 0.6447883840387795
162.72869147659065 0.6446673142338233
162.8247298919568 0.6445460378465864
162.92076830732293 0.6444243592395213
163.01680672268907 0.6443020987758543
163.11284513805523 0.6441793045824888
163.20888355342137 0.644056282390195
163.3049219687875 0.6439332962254608
163.40096038415368 0.6438102991585037
163.49699879951982 0.643687010721133
163.59303721488595 0.6435632336539941
163.68907563025212 0.64343892120246
163.78511404561826 0.6433140771637397
163.8811524609844 0.6431886614370635
163.97719087635053 0.6430626170296494
164.0732292917167 0.6429359884359361
164.16926770708284 0.6428089453826547
164.26530612244898 0.6426816753562337
164.36134453781514 0.6425542769371685
164.45738295318128 0.6424267587296778
164.55342136854742 0.6422990534987283
164.64945978391358 0.642171026816781
164.74549819927972 0.6420426014296143
164.84153661464586 0.6419138869040975
164.937575030012 0.6417851210493837
165.03361344537817 0.6416563910950375
165.1296518607443 0.6415275662919391
165.22569027611044 0.6413985092477563
165.3217286914766 0.6412693073329688
165.41776710684275 0.6411402048537714
165.51380552220888 0.6410112396744592
165.60984393757505 0.6408821492554257
165.7058823529412 0.6407526605403657
165.80192076830733 0.6406228233892854
165.89795918367346 0.640492932631594
165.99399759903963 0.6403630626287962
166.09003601440577 0.6402329356761812
166.1860744297719 0.6401022140533016
166.28211284513807 0.6399708529345305
166.3781512605042 0.6398390752961748
166.47418967587035 0.6397071360701797
166.5702280912365 0.6395752450462512
166.66626650660265 0.6394434992914729
166.7623049219688 0.6393117973788521
166.85834333733493 0.6391798902042417
166.9543817527011 0.639047686071715
167.05042016806723 0.6389153492109845
167.14645858343337 0.6387831220561027
167.24249699879954 0.6386510880829753
167.33853541416568 0.638519171757733
167.43457382953181 0.638387232559177
167.53061224489795 0.6382550999919336
167.62665066026412 0.6381226429541605
167.72268907563026 0.6379898669427796
167.8187274909964 0.637856891618321
167.91476590636256 0.6377237703464493
168.0108043217287 0.6375904241155327
168.10684273709484 0.6374567349241151
168.202881152461 0.6373226835803011
168.29891956782714 0.6371883381809327
168.39495798319328 0.637053708622077
168.49099639855942 0.6369186907877195
168.58703481392558 0.6367831824566721
168.68307322929172 0.6366472631353398
168.77911164465786 0.6365111723760051
168.87515006002403 0.6363750559045935
168.97118847539016 0.6362388605503104
169.0672268907563 0.636102419349978
169.16326530612247 0.6359655907852135
169.2593037214886 0.6358282696780728
169.35534213685474 0.635690373329811
169.45138055222088 0.6355518355521498
169.54741896758705 0.6354126196611272
169.6434573829532 0.6352727408148862
169.73949579831933 0.6351322730009776
169.8355342136855 0.6349913862696516
169.93157262905163 0.6348503625061244
170.02761104441777 0.6347094513466053
170.12364945978393 0.6345686100284499
170.21968787515007 0.6344275217420143
170.3157262905162 0.6342859695407046
170.41176470588235 0.6341440187495931
170.50780312124851 0.6340019065371169
170.60384153661465 0.6338598298694536
170.6998799519808 0.6337179154510159
170.79591836734696 0.6335761640338994
170.8919567827131 0.633434422446417
170.98799519807923 0.6332924868148304
171.08403361344537 0.6331503094756812
171.18007202881154 0.633008005554038
171.27611044417768 0.6328656853853979
171.3721488595438 0.6327233635567858
171.46818727490998 0.6325809920130309
171.56422569027612 0.6324385317000724
171.66026410564226 0.6322959639050326
171.75630252100842 0.6321533128257092
171.85234093637456 0.6320106582036394
171.9483793517407 0.6318680776583832
172.04441776710684 0.6317255182775581
172.140456182473 0.6315827997810719
172.23649459783914 0.6314398309561605
172.33253301320528 0.6312967395548662
172.42857142857144 0.6311537501489067
172.52460984393758 0.6310108939810857
172.62064825930372 0.6308679888855567
172.7166866746699 0.6307248811750167
172.81272509003603 0.6305815986507597
172.90876350540216 0.6304382644514847
173.0048019207683 0.6302948783186108
173.10084033613447 0.6301512997073085
173.1968787515006 0.6300074452100376
173.29291716686674 0.6298634198212519
173.3889555822329 0.6297193911365878
173.48499399759905 0.6295752552486185
173.5810324129652 0.6294306163431446
173.67707082833135 0.6292852200551501
173.7731092436975 0.6291392567236799
173.86914765906363 0.6289931851434895
173.96518607442977 0.6288472305556132
174.06122448979593 0.6287013168938539
174.15726290516207 0.6285553156373821
174.2533013205282 0.6284092289685528
174.34933973589438 0.6282631349345696
174.4453781512605 0.6281170157369248
174.54141656662665 0.6279707367201236
174.63745498199282 0.6278241968533628
174.73349339735896 0.6276774451090774
174.8295318127251 0.627530620455164
174.92557022809123 0.6273837583224241
175.0216086434574 0.627236760248265
175.11764705882354 0.627089501878093
175.21368547418967 0.6269419207552812
175.30972388955584 0.6267940137848659
175.40576230492198 0.6266458208054817
175.50180072028812 0.6264974199748651
175.59783913565425 0.6263489054929292
175.69387755102042 0.6262003685768125
175.78991596638656 0.626051892618864
175.8859543817527 0.6259035386496313
175.98199279711886 0.6257553398916036
176.078031212485 0.6256072571415746
176.17406962785114 0.6254591387535828
176.2701080432173 0.6253107766258699
176.36614645858344 0.6251621146332171
176.46218487394958 0.6250132875417858
176.55822328931572 0.6248644483509238
176.6542617046819 0.6247156056103919
176.75030012004802 0.6245666698520557
176.84633853541416 0.6244176562495096
176.94237695078033 0.6242687254600564
177.03841536614647 0.6241200076309937
177.1344537815126 0.6239714282253925
177.23049219687877 0.623822767285506
177.3265306122449 0.6236739304078621
177.42256902761105 0.6235250108448417
177.51860744297718 0.6233761236758596
177.61464585834335 0.6232272334310551
177.7106842737095 0.6230781999960775
177.80672268907563 0.6229290105027403
177.9027611044418 0.6227798341129808
177.99879951980793 0.6226308181684418
178.09483793517407 0.6224818656154629
178.19087635054024 0.6223326959988993
178.28691476590637 0.6221831742166304
178.3829531812725 0.6220333988402336
178.47899159663865 0.6218835486705616
178.57503001200482 0.6217337067519221
178.67106842737095 0.6215838559583429
178.7671068427371 0.6214339041866687
178.86314525810326 0.6212836940780546
178.9591836734694 0.6211330728635378
179.05522208883554 0.6209819765150736
179.1512605042017 0.6208304313524751
179.24729891956784 0.6206785368738411
179.34333733493398 0.6205264581757897
179.43937575030012 0.6203743491380259
179.53541416566628 0.6202222551896612
179.63145258103242 0.6200701229792868
179.72749099639856 0.6199178861599277
179.82352941176472 0.6197654945825358
179.91956782713086 0.6196129287889575
180.015606242497 0.6194602192664985
180.11164465786314 0.619307430953015
180.2076830732293 0.6191545670134282
180.30372148859544 0.6190015364940437
180.39975990396158 0.6188482374803053
180.49579831932775 0.6186946733978408
180.59183673469389 0.6185409443385839
180.68787515006002 0.6183871421550668
180.7839135654262 0.618233310661374
180.87995198079233 0.6180794213198233
180.97599039615847 0.6179253375964695
181.0720288115246 0.6177708411725354
181.16806722689077 0.6176158186135248
181.2641056422569 0.6174603336398488
181.36014405762305 0.6173045334139793
181.4561824729892 0.6171485034961337
181.55222088835535 0.6169922645545173
181.6482593037215 0.6168358345431503
181.74429771908765 0.6166792544424357
181.8403361344538 0.6165225729922069
181.93637454981993 0.6163658217463517
182.03241296518607 0.6162090137986561
182.12845138055224 0.6160521510641053
182.22448979591837 0.6158952276108381
182.3205282112845 0.6157382393706056
182.41656662665068 0.6155812007143412
182.51260504201682 0.6154241385563545
182.60864345738295 0.6152670345186092
182.70468187274912 0.6151097986498005
182.80072028811526 0.6149523207476808
182.8967587034814 0.614794562935876
182.99279711884753 0.6146365650049386
183.0888355342137 0.6144784091801397
183.18487394957984 0.6143202025466097
183.28091236494598 0.6141620403276612
183.37695078031214 0.6140039365654819
183.47298919567828 0.6138458261705687
183.56902761104442 0.6136876497676564
183.66506602641059 0.6135293971769789
183.76110444177672 0.6133710776300411
183.85714285714286 0.6132126596644603
183.953181272509 0.6130540722763529
184.04921968787517 0.6128952816558366
184.1452581032413 0.612736332561903
184.24129651860744 0.6125773101394458
184.3373349339736 0.6124182588639397
184.43337334933975 0.6122591734944421
184.52941176470588 0.6121000106026503
184.62545018007202 0.611940695323084
184.7214885954382 0.6117811541688898
184.81752701080433 0.6116213875167773
184.91356542617046 0.6114614716874716
185.00960384153663 0.6113014784753567
185.10564225690277 0.6111414268787575
185.2016806722689 0.610981298611934
185.29771908763507 0.6108210758282128
185.3937575030012 0.6106607477428578
185.48979591836735 0.6105003247597166
185.5858343337335 0.6103398472739194
185.68187274909965 0.6101793448859181
185.7779111644658 0.6100187356177716
185.87394957983193 0.6098578244579187
185.9699879951981 0.6096964696548886
186.06602641056423 0.609534693056528
186.16206482593037 0.609372623667051
186.25810324129654 0.6092103459003686
186.35414165666268 0.6090478802773837
186.45018007202881 0.6088852484937485
186.54621848739495 0.6087225188036307
186.64225690276112 0.6085597668276199
186.73829531812726 0.6083969654902576
186.8343337334934 0.6082339748923947
186.93037214885956 0.6080706614171328
187.0264105642257 0.6079069851474138
187.12244897959184 0.6077429914681948
187.218487394958 0.6075787809732843
187.31452581032414 0.6074144983571694
187.41056422569028 0.6072502473251291
187.50660264105642 0.6070860249735862
187.60264105642258 0.6069217389049716
187.69867947178872 0.6067572647255673
187.79471788715486 0.6065924639803536
187.89075630252103 0.6064272968321655
187.98679471788716 0.6062619133479623
188.0828331332533 0.6060965652601844
188.17887154861947 0.6059313119891535
188.2749099639856 0.6057659744402059
188.37094837935174 0.6056003641726893
188.46698679471788 0.6054344785206079
188.56302521008405 0.6052684538139229
188.6590636254502 0.6051023841164458
188.75510204081633 0.6049362856822779
188.8511404561825 0.6047701574153759
188.94717887154863 0.6046040349458497
189.04321728691477 0.6044379776048139
189.1392557022809 0.6042720143972194
189.23529411764707 0.6041061322390697
189.3313325330132 0.6039402851687283
189.42737094837935 0.6037744030018211
189.52340936374551 0.6036083928495143
189.61944777911165 0.6034421436132057
189.7154861944778 0.6032755300900621
189.81152460984396 0.6031084809141983
189.9075630252101 0.6029410455992686
190.00360144057623 0.6027733597477504
190.09963985594237 0.6026054926582213
190.19567827130854 0.6024374128546043
190.29171668667468 0.6022690888849904
190.3877551020408 0.6021005937943573
190.48379351740698 0.601932079889029
190.57983193277312 0.6017636498879133
190.67587034813926 0.6015953234771158
190.77190876350542 0.6014270660153702
190.86794717887156 0.6012588197815927
190.9639855942377 0.6010905199889535
191.06002400960384 0.6009221602830899
191.15606242497 0.6007538076928405
191.25210084033614 0.6005854958388894
191.34813925570228 0.6004171028097829
191.44417767106845 0.6002483944525442
191.54021608643458 0.6000792641841517
191.63625450180072 0.5999098007857622
191.7322929171669 0.599740154972839
191.82833133253303 0.5995703790983911
191.92436974789916 0.5994004376245102
192.0204081632653 0.599230308489267
192.11644657863147 0.5990600145627734
192.2124849939976 0.5988895990852361
192.30852340936374 0.5987190946541222
192.4045618247299 0.598548523371729
192.50060024009605 0.5983779083050409
192.5966386554622 0.5982072765871967
192.69267707082835 0.5980366293254502
192.7887154861945 0.5978659016854011
192.88475390156063 0.5976949847559391
192.98079231692677 0.5975238658449117
193.07683073229293 0.5973526750656151
193.17286914765907 0.597181546149045
193.2689075630252 0.5970104223721271
193.36494597839138 0.5968390832785643
193.4609843937575 0.5966673927798609
193.55702280912365 0.5964953904859079
193.6530612244898 0.5963232206508742
193.74909963985596 0.5961510278666421
193.8451380552221 0.5959789318068323
193.94117647058823 0.595806918542649
194.0372148859544 0.5956347998041058
194.13325330132054 0.5954623366828469
194.22929171668667 0.5952894303258547
194.32533013205284 0.5951161279218115
194.42136854741898 0.5949425531648628
194.51740696278512 0.5947688760220508
194.61344537815125 0.5945952268365213
194.70948379351742 0.5944215573195974
194.80552220888356 0.5942476614504478
194.9015606242497 0.5940734174754908
194.99759903961586 0.5938988929322198
195.093637454982 0.5937242522733602
195.18967587034814 0.5935495987052175
195.2857142857143 0.5933749542456043
195.38175270108044 0.5932002249051079
195.47779111644658 0.5930251861599887
195.57382953181272 0.5928496259735732
195.6698679471789 0.5926736014388645
195.76590636254502 0.592497426582686
195.86194477791116 0.5923213558745416
195.95798319327733 0.5921454306726549
196.05402160864347 0.5919695593161785
196.1500600240096 0.5917936702156368
196.24609843937577 0.5916177265588161
196.3421368547419 0.5914417065408779
196.43817527010805 0.591265593427483
196.53421368547419 0.5910894045405017
196.63025210084035 0.590913249063036
196.7262905162065 0.5907373164205937
196.82232893157263 0.5905617060072228
196.9183673469388 0.5903863357298614
197.01440576230493 0.590211036550398
197.11044417767107 0.5900357523124653
197.20648259303724 0.5898605510159232
197.30252100840337 0.5896854886726481
197.3985594237695 0.589510532053102
197.49459783913565 0.5893356031798288
197.59063625450182 0.5891606794787692
197.68667466986795 0.588985803353045
197.7827130852341 0.5888110422914047
197.87875150060026 0.5886364648335823
197.9747899159664 0.5884621033598482
198.07082833133254 0.58828786823036
198.16686674669867 0.5881135478349296
198.26290516206484 0.5879389458259682
198.35894357743098 0.5877639675206567
198.45498199279712 0.5875886106341836
198.55102040816328 0.5874129392902625
198.64705882352942 0.5872370750614359
198.74309723889556 0.587061136481733
198.83913565426172 0.5868851989700319
198.93517406962786 0.5867092868579777
199.031212484994 0.5865333545549272
199.12725090036014 0.5863572918731043
199.2232893157263 0.5861810314345903
199.31932773109244 0.586004623364744
199.41536614645858 0.5858281785929609
199.51140456182475 0.5856517097161935
199.60744297719089 0.5854751143627663
199.70348139255702 0.5852983179777105
199.7995198079232 0.5851213782571801
199.89555822328933 0.5849444262313909
199.99159663865547 0.5847674892666181
200.0876350540216 0.5845904699766331
200.18367346938777 0.5844133052401767
200.2797118847539 0.5842360884575823
200.37575030012005 0.584059009535532
200.4717887154862 0.5838821622604878
200.56782713085235 0.5837055130922951
200.6638655462185 0.5835289877504644
200.75990396158466 0.5833525411855299
200.8559423769508 0.5831761547769011
200.95198079231693 0.5829998208585249
201.04801920768307 0.5828235365974441
201.14405762304924 0.5826472516459199
201.24009603841537 0.5824708237115034
201.3361344537815 0.5822940704691149
201.43217286914768 0.5821169513982803
201.52821128451382 0.5819395996754727
201.62424969987995 0.5817621939455205
201.72028811524612 0.581584843966763
201.81632653061226 0.5814075863432825
201.9123649459784 0.5812303835017566
202.00840336134453 0.581053127516289
202.1044417767107 0.5808757227373592
202.20048019207684 0.5806981631917114
202.29651860744298 0.5805205161592358
202.39255702280914 0.5803428481941686
202.48859543817528 0.5801652061251755
202.58463385354142 0.5799875868336478
202.68067226890756 0.5798099075194995
202.77671068427372 0.579632033558101
202.87274909963986 0.5794538960038312
202.968787515006 0.5792755189527984
203.06482593037217 0.5790969639786105
203.1608643457383 0.5789182727126159
203.25690276110444 0.5787394717424903
203.3529411764706 0.5785606048434205
203.44897959183675 0.5783817402838589
203.54501800720288 0.5782029360749908
203.64105642256902 0.57802420225047
203.7370948379352 0.5778455046399983
203.83313325330133 0.5776667904209212
203.92917166866746 0.577487996032719
204.02521008403363 0.5773090674918835
204.12124849939977 0.5771299835544903
204.2172869147659 0.5769507520989676
204.31332533013207 0.576771386826457
204.4093637454982 0.5765919003297844
204.50540216086435 0.5764123051954123
204.6014405762305 0.5762326153247971
204.69747899159665 0.5760528452478975
204.7935174069628 0.5758730062511769
204.88955582232893 0.5756931046811626
204.9855942376951 0.57551312473934
205.08163265306123 0.5753330068294853
205.17767106842737 0.5751526668738925
205.27370948379354 0.5749721072987578
205.36974789915968 0.5747914513859845
205.46578631452581 0.5746108347598232
205.56182472989195 0.5744302618757499
205.65786314525812 0.5742496205643112
205.75390156062426 0.5740688204287409
205.8499399759904 0.5738878408856468
205.94597839135656 0.5737066958548589
206.0420168067227 0.5735253846234164
206.13805522208884 0.5733438937742509
206.234093637455 0.573162230631421
206.33013205282114 0.5729804352977651
206.42617046818728 0.5727985593022025
206.52220888355342 0.5726166343830269
206.61824729891958 0.5724346685718323
206.71428571428572 0.5722526369312124
206.81032412965186 0.5720704784460131
206.90636254501803 0.5718881266557729
207.00240096038416 0.571705556708936
207.0984393757503 0.5715227858170895
207.19447779111644 0.5713398493569368
207.2905162064826 0.571156791143538
207.38655462184875 0.5709736764942066
207.48259303721488 0.5707906133865508
207.57863145258105 0.5706077339977924
207.6746698679472 0.5704250481707286
207.77070828331333 0.5702423812365398
207.8667466986795 0.5700595222839275
207.96278511404563 0.5698764765089955
208.05882352941177 0.5696934517179673
208.1548619447779 0.5695105684282881
208.25090036014407 0.5693277276636124
208.3469387755102 0.5691447464328844
208.44297719087635 0.5689616011861227
208.53901560624251 0.5687784276316742
208.63505402160865 0.5685953145951483
208.7310924369748 0.5684122045715237
208.82713085234096 0.5682289725731212
208.9231692677071 0.5680455757378596
209.01920768307323 0.5678620606128852
209.11524609843937 0.567678483384769
209.21128451380554 0.5674948691054755
209.30732292917168 0.5673112201183771
209.4033613445378 0.5671275334002954
209.49939975990398 0.5669438037467088
209.59543817527012 0.5667600342827565
209.69147659063626 0.566576242059452
209.78751500600242 0.5663924473211678
209.88355342136856 0.566208650987688
209.9795918367347 0.5660248358440914
210.07563025210084 0.5658410058658907
210.171668667467 0.5656572083316769
210.26770708283314 0.5654734954301291
210.36374549819928 0.5652898392346596
210.45978391356545 0.5651061315304555
210.55582232893158 0.5649223004144968
210.65186074429772 0.5647383797153712
210.7478991596639 0.5645544643961229
210.84393757503003 0.5643706049913213
210.93997599039616 0.5641867961517952
211.0360144057623 0.5640030154008078
211.13205282112847 0.5638192474663827
211.2280912364946 0.5636354822191681
211.32412965186074 0.5634517087084474
211.4201680672269 0.5632679143162468
211.51620648259305 0.5630840853457971
211.6122448979592 0.5629002074131199
211.70828331332532 0.5627162667481406
211.8043217286915 0.5625322535363431
211.90036014405763 0.5623481615050793
211.99639855942377 0.5621639757661494
212.09243697478993 0.5619796643850017
212.18847539015607 0.5617951830604777
212.2845138055222 0.56161048833138
212.38055222088838 0.5614255447635834
212.4765906362545 0.561240393537983
212.57262905162065 0.5610552024151463
212.6686674669868 0.5608701975520369
212.76470588235296 0.5606854640227487
212.8607442977191 0.5605009175667811
212.95678271308523 0.5603164142188243
213.0528211284514 0.5601318343920455
213.14885954381754 0.5599471079088344
213.24489795918367 0.5597622836555424
213.34093637454984 0.559577531193289
213.43697478991598 0.5593929555949672
213.53301320528212 0.5592084482989488
213.62905162064826 0.5590237662425231
213.72509003601442 0.558838799757624
213.82112845138056 0.5586536194823275
213.9171668667467 0.5584683590003438
214.01320528211286 0.5582831154988793
214.109243697479 0.5580979366987653
214.20528211284514 0.5579127870264539
214.3013205282113 0.5577275471102401
214.39735894357744 0.5575421386679239
214.49339735894358 0.5573566355430227
214.58943577430972 0.5571712137144976
214.6854741896759 0.5569859577659891
214.78151260504202 0.5568008233161224
214.87755102040816 0.5566157569907705
214.97358943577433 0.5564308084690845
215.06962785114047 0.5562460804732042
215.1656662665066 0.5560615222532214
215.26170468187277 0.5558768915735792
215.3577430972389 0.55569199996151
215.45378151260505 0.5555069532856665
215.54981992797119 0.5553220599990197
215.64585834333735 0.5551374214325742
215.7418967587035 0.5549528393186672
215.83793517406963 0.5547680713027054
215.9339735894358 0.5545830942063537
216.03001200480193 0.5543980604181635
216.12605042016807 0.5542130609951802
216.2220888355342 0.554028065669755
216.31812725090037 0.5538430038721975
216.4141656662665 0.5536578524138639
216.51020408163265 0.5534726245475772
216.60624249699882 0.5532873009850079
216.70228091236496 0.5531018131928106
216.7983193277311 0.5529161228842463
216.89435774309726 0.5527303123861271
216.9903961584634 0.5525445520462926
217.08643457382954 0.5523589215656347
217.18247298919567 0.5521733598580109
217.27851140456184 0.5519877635807457
217.37454981992798 0.5518021048022832
217.47058823529412 0.5516164188884083
217.56662665066028 0.5514307085752309
217.66266506602642 0.5512449154203753
217.75870348139256 0.5510589791108046
217.85474189675872 0.5508729118837887
217.95078031212486 0.5506867897884424
218.046818727491 0.5505006808656487
218.14285714285714 0.5503146214629769
218.2388955582233 0.5501286248693763
218.33493397358944 0.5499426927152893
218.43097238895558 0.549756815117913
218.52701080432175 0.5495709670616905
218.62304921968789 0.5493851074109963
218.71908763505402 0.5491991915664788
218.8151260504202 0.549013189000367
218.91116446578633 0.548827087946153
219.00720288115247 0.5486409158516081
219.1032412965186 0.5484547457685086
219.19927971188477 0.5482686355015539
219.2953181272509 0.5480825389724773
219.39135654261705 0.5478963228037762
219.4873949579832 0.5477099161489754
219.58343337334935 0.5475233685716968
219.6794717887155 0.5473368019916043
219.77551020408166 0.5471503369212039
219.8715486194478 0.546964069640233
219.96758703481393 0.5467779601941175
220.06362545018007 0.546591788783052
220.15966386554624 0.5464053335490694
220.25570228091237 0.5462186570717892
220.3517406962785 0.5460320814250358
220.44777911164468 0.5458458242370686
220.54381752701082 0.545659841637003
220.63985594237695 0.5454739553381629
220.7358943577431 0.5452880689538628
220.83193277310926 0.5451021783612833
220.9279711884754 0.5449162914430861
221.02400960384153 0.5447303913783259
221.1200480192077 0.5445444543469532
221.21608643457384 0.5443584814297656
221.31212484993998 0.5441725000381987
221.40816326530614 0.5439865488926429
221.50420168067228 0.5438006706878442
221.60024009603842 0.5436149063435525
221.69627851140456 0.5434292843073495
221.79231692677072 0.5432438152541681
221.88835534213686 0.5430584565222731
221.984393757503 0.5428730944314633
222.08043217286917 0.5426876028077546
222.1764705882353 0.5425019588809986
222.27250900360144 0.5423162451436432
222.3685474189676 0.5421305420354189
222.46458583433375 0.5419448703932782
222.56062424969988 0.5417592094803942
222.65666266506602 0.5415735356344784
222.7527010804322 0.5413878301911921
222.84873949579833 0.5412021098090335
222.94477791116446 0.5410164434490241
223.04081632653063 0.5408309202799458
223.13685474189677 0.5406455788788292
223.2328931572629 0.5404604014629258
223.32893157262907 0.5402753515434697
223.4249699879952 0.540090396316182
223.52100840336135 0.5399055011849342
223.6170468187275 0.5397206164101275
223.71308523409365 0.5395356794480013
223.8091236494598 0.5393506620282491
223.90516206482593 0.539165599522779
224.0012004801921 0.5389805596464609
224.09723889555823 0.5387955650505806
224.19327731092437 0.5386105878379902
224.28931572629054 0.5384256222033529
224.38535414165668 0.5382407321352054
224.48139255702282 0.5380560006297552
224.57743097238895 0.5378713968547324
224.67346938775512 0.537686769510022
224.76950780312126 0.5375020313319848
224.8655462184874 0.5373172866174
224.96158463385356 0.5371327283628885
225.0576230492197 0.5369483519802137
225.15366146458584 0.5367639278415209
225.24969987995198 0.5365792852208479
225.34573829531814 0.536394518746163
225.44177671068428 0.536209893950568
225.53781512605042 0.5360255630734546
225.63385354141658 0.5358415178085247
225.72989195678272 0.5356576389924765
225.82593037214886 0.5354737346391863
225.92196878751503 0.5352895950469561
226.01800720288117 0.53510515690738
226.1140456182473 0.534920524402953
226.21008403361344 0.5347358122357384
226.3061224489796 0.5345510195483563
226.40216086434575 0.5343660686790663
226.49819927971188 0.5341809406761927
226.59423769507805 0.5339956985471749
226.6902761104442 0.533810421408196
226.78631452581033 0.5336251489122282
226.8823529411765 0.533439885145207
226.97839135654263 0.5332546176913767
227.07442977190877 0.5330693220027583
227.1704681872749 0.5328839675537218
227.26650660264107 0.5326985232979962
227.3625450180072 0.5325129717962771
227.45858343337335 0.5323273591825947
227.55462184873952 0.532141801669545
227.65066026410565 0.5319563909304676
227.7466986794718 0.5317711059955285
227.84273709483796 0.5315858451817096
227.9387755102041 0.531400559766945
228.03481392557023 0.5312152822528262
228.13085234093637 0.5310300513649688
228.22689075630254 0.530844838699177
228.32292917166868 0.5306595646432323
228.4189675870348 0.5304741744654156
228.51500600240098 0.5302886574338237
228.61104441776712 0.5301030480945196
228.70708283313326 0.5299174275850934
228.80312124849942 0.5297319040451016
228.89915966386556 0.529546529260545
228.9951980792317 0.5293612783476956
229.09123649459784 0.5291760967682215
229.187274909964 0.5289909510578913
229.28331332533014 0.528805830003013
229.37935174069628 0.528620738637157
229.47539015606245 0.5284356960041372
229.57142857142858 0.5282507192216475
229.66746698679472 0.528065805418945
229.76350540216086 0.5278809348709813
229.85954381752703 0.5276960904986765
229.95558223289316 0.5275112637808173
230.0516206482593 0.5273264587809091
230.14765906362547 0.5271416969418364
230.2436974789916 0.5269570086493247
230.33973589435774 0.5267723893876051
230.4357743097239 0.5265877872238885
230.53181272509005 0.526403146919041
230.6278511404562 0.5262184651098049
230.72388955582232 0.5260337806323165
230.8199279711885 0.5258491044897443
230.91596638655463 0.5256643977524184
231.01200480192077 0.5254796163454337
231.10804321728693 0.5252947699336923
231.20408163265307 0.5251099159817897
231.3001200480192 0.5249251037190544
231.39615846338538 0.5247403544195516
231.4921968787515 0.5245556575827794
231.58823529411765 0.5243709656808199
231.6842737094838 0.524186203941086
231.78031212484996 0.5240013310860241
231.8763505402161 0.5238163611112405
231.97238895558223 0.5236313282795942
232.0684273709484 0.5234462362495262
232.16446578631454 0.5232610628996238
232.26050420168067 0.5230758162163544
232.35654261704684 0.5228905554452277
232.45258103241298 0.5227053522690261
232.54861944777912 0.5225202314763753
232.64465786314526 0.5223351683719055
232.74069627851142 0.5221501048574182
232.83673469387756 0.5219649569205781
232.9327731092437 0.5217796708228067
233.02881152460986 0.5215943132698797
233.124849939976 0.5214090571449084
233.22088835534214 0.5212240218761343
233.3169267707083 0.5210392048849445
233.41296518607444 0.520854545295178
233.50900360144058 0.5206700319691054
233.60504201680672 0.5204857017181913
233.7010804321729 0.5203015468578575
233.79711884753902 0.5201174736874661
233.89315726290516 0.5199333775203576
233.98919567827133 0.5197492763865247
234.08523409363747 0.5195653046238846
234.1812725090036 0.5193815506042931
234.27731092436974 0.519197979115734
234.3733493397359 0.5190145102414252
234.46938775510205 0.5188311678168704
234.56542617046819 0.5186480747101879
234.66146458583435 0.5184652728577499
234.7575030012005 0.5182826325834939
234.85354141656663 0.5180999615068006
234.9495798319328 0.5179172204206368
235.04561824729893 0.5177345249632019
235.14165666266507 0.5175519308198594
235.2376950780312 0.5173693192590126
235.33373349339738 0.5171864882721685
235.4297719087635 0.5170033438685635
235.52581032412965 0.516819916541432
235.62184873949582 0.5166362903344784
235.71788715486196 0.5164525627184459
235.8139255702281 0.5162688222903515
235.90996398559426 0.5160851010020786
236.0060024009604 0.5159013746388168
236.10204081632654 0.5157176332691987
236.19807923169267 0.5155339228979098
236.29411764705884 0.5153503104146389
236.39015606242498 0.5151668015590567
236.48619447779112 0.5149833375135938
236.58223289315728 0.5147998848554811
236.67827130852342 0.5146164915645616
236.77430972388956 0.5144332463997254
236.87034813925573 0.5142501781049997
236.96638655462186 0.5140672457252917
237.062424969988 0.5138844018764868
237.15846338535414 0.5137016342479436
237.2545018007203 0.5135189553861732
237.35054021608644 0.5133363746507082
237.44657863145258 0.5131538952131148
237.54261704681875 0.5129715323328508
237.6386554621849 0.5127893259330464
237.73469387755102 0.5126073199823421
237.8307322929172 0.512425505994347
237.92677070828333 0.5122438189304068
238.02280912364947 0.5120622105820607
238.1188475390156 0.5118807027588315
238.21488595438177 0.5116993557762025
238.3109243697479 0.511518174967333
238.40696278511405 0.511337099056416
238.5030012004802 0.5111560732738225
238.59903961584635 0.5109751050725355
238.6950780312125 0.5107942447877851
238.79111644657863 0.5106135230080963
238.8871548619448 0.5104329399140581
238.98319327731093 0.5102524829817962
239.07923169267707 0.5100721411581022
239.17527010804324 0.5098918910521035
239.27130852340937 0.5097116515530874
239.3673469387755 0.5095312811857429
239.46338535414168 0.5093506876365823
239.55942376950782 0.5091699198996463
239.65546218487395 0.5089891199100536
239.7515006002401 0.5088083496332569
239.84753901560626 0.5086275591522743
239.9435774309724 0.5084466707192968
240.03961584633853 0.5082656530489328
240.1356542617047 0.508084511183501
240.23169267707084 0.5079032411986517
240.32773109243698 0.5077218219824045
240.42376950780314 0.5075402533004092
240.51980792316928 0.5073585911356784
240.61584633853542 0.5071769336269462
240.71188475390156 0.5069953629355446
240.80792316926772 0.5068139315250427
240.90396158463386 0.5066326621773759
241.0 0.5064515480089133
